5

10
7888341852
9 34
5 14
13 37
3 90
11 59
9 28
3 6
12 78
3 93
1 98
29 8 20 25 30 17 9 28 10 12
21 25 13 23 8 7 3 28 6 6
6 29 21 0 16 17 12 3 2 20
1 16 26 7 11 26 30 4 29 4
4 14 1 19 23 24 15 18 14 8
22 5 4 29 1 8 24 15 12 2
15 25 22 0 17 8 12 6 0 9
18 7 25 15 29 18 30 1 15 3
2 11 3 2 4 24 6 2 19 11
21 10 0 18 20 5 18 0 8 25

10
5595134685
0 19
5 31
0 6
13 32
3 10
13 62
10 34
15 94
13 37
1 2
30 15 21 0 24 6 10 23 3 4
24 26 8 25 18 19 6 4 10 7
8 11 13 28 25 26 1 2 9 25
0 23 12 7 10 4 6 30 28 6
10 9 1 25 9 29 6 4 15 6
16 21 5 11 15 15 11 23 4 14
10 23 15 27 28 0 0 28 10 14
27 29 1 26 17 28 13 3 15 2
21 27 14 18 28 22 17 30 10 7
17 28 11 9 17 29 17 24 29 26

10
5204834367
13 29
14 70
0 56
5 87
8 9
0 79
11 67
1 82
14 35
3 3
11 21 6 4 4 9 3 21 20 14
5 7 9 11 5 6 14 22 23 9
9 29 6 16 11 18 23 28 10 12
3 16 9 14 1 15 12 9 20 24
3 19 5 11 21 10 7 0 22 29
3 8 12 19 29 7 21 22 21 22
11 6 12 20 23 14 25 26 4 15
4 0 22 9 7 25 25 27 27 20
0 27 26 30 10 18 29 9 29 26
25 17 26 18 24 2 18 11 0 5

10
6191644303
8 89
5 37
1 21
1 9
15 40
9 99
14 57
10 67
1 76
7 10
5 24 16 22 16 24 1 19 0 4
14 10 14 6 3 26 26 28 29 10
15 16 3 4 15 16 3 11 27 16
13 16 2 24 14 13 28 14 0 6
12 10 7 2 14 13 8 8 17 3
9 18 6 27 2 16 27 18 17 12
9 30 23 12 21 17 12 21 4 13
13 5 4 23 5 0 2 9 10 0
23 29 24 30 10 25 6 10 5 18
21 5 6 15 2 11 0 5 15 8

10
6707501898
10 82
6 76
6 95
7 92
7 15
4 18
6 6
8 26
6 97
8 90
10 21 9 26 1 7 30 0 11 22
13 29 23 3 4 9 3 25 15 5
5 23 22 3 19 26 3 2 6 26
0 26 26 9 30 19 21 15 30 14
3 17 15 10 24 1 5 30 26 0
27 30 10 26 2 26 8 19 0 24
17 6 18 17 12 10 27 13 22 15
7 15 28 22 22 18 28 14 4 22
19 24 13 4 11 9 16 28 12 27
9 27 30 10 22 18 24 19 19 30
