10

50
62514387716342573544446919311245336118730412228752
0 110
0 474
0 449
0 695
0 335
0 394
0 417
0 432
0 341
0 21
15 45 50 37 12 40 21 38 35 39 14 24 47 4 40 16 10 11 15 24 23 37 22 36 40 23 16 28 25 2 46 33 26 2 50 2 47 24 23 26 23 4 50 28 9 32 35 19 7 44
24 27 47 25 0 6 7 32 16 35 18 46 1 36 32 18 6 11 4 47 21 37 27 13 8 12 36 27 27 22 18 25 50 11 8 2 26 18 18 48 1 27 16 20 41 48 50 0 11 49
13 40 27 44 38 50 17 26 15 4 8 12 36 26 39 43 42 47 46 4 27 30 43 43 7 49 29 30 4 32 16 10 15 1 28 40 3 0 44 24 30 43 19 50 40 20 27 47 1 27
37 20 24 21 2 7 46 19 32 41 26 50 16 1 0 20 12 18 27 34 40 0 10 39 24 40 13 9 37 34 37 28 49 45 28 14 27 33 33 12 43 36 29 48 38 39 27 28 19 18
23 47 25 9 27 6 17 40 49 26 30 27 16 1 33 2 42 33 30 38 13 49 27 45 32 21 1 24 23 46 38 2 33 39 6 36 23 0 41 25 18 4 32 4 27 16 44 20 27 28
36 29 1 41 4 18 38 45 38 16 10 13 8 31 33 13 26 31 35 41 12 48 30 35 32 9 26 30 7 42 50 33 33 22 7 44 44 5 31 23 17 13 33 10 47 38 6 29 44 1
20 41 28 29 45 36 30 18 15 45 29 38 7 4 23 16 33 27 14 28 2 37 49 48 25 33 45 26 18 22 3 40 28 28 32 41 7 28 16 42 16 1 38 25 7 33 48 50 28 2
11 6 0 25 28 8 19 18 21 0 39 8 16 27 5 23 46 24 20 38 20 2 46 35 41 17 37 11 9 17 34 24 33 5 4 26 14 25 41 22 44 12 50 32 3 0 16 11 16 48
17 22 32 6 13 20 17 27 16 10 23 26 13 36 25 16 27 36 32 8 9 40 6 8 34 17 26 35 46 22 15 23 14 37 31 22 24 22 1 39 21 31 21 17 22 49 10 1 13 2
42 4 16 7 5 11 36 42 34 13 22 50 42 37 7 22 37 26 27 49 25 35 38 28 20 43 39 41 14 45 14 2 43 23 19 4 10 13 30 36 37 5 44 3 20 48 28 44 4 4
42 25 22 21 30 33 28 39 32 6 35 30 13 42 24 30 22 1 18 7 50 10 14 41 5 12 50 13 13 21 3 7 32 17 26 50 47 34 12 2 43 30 22 37 25 32 10 3 50 7
27 31 32 3 1 8 43 43 7 36 6 5 17 41 5 5 24 46 17 48 9 42 31 39 29 44 23 9 18 31 43 1 9 48 0 9 3 34 12 6 18 43 9 50 42 23 39 40 26 34
31 44 37 23 1 50 31 24 36 45 23 36 41 2 39 41 31 25 34 2 18 4 10 34 28 10 11 32 32 34 44 7 29 46 32 24 28 24 5 29 26 8 43 0 49 47 16 43 8 0
47 32 5 3 36 6 30 49 50 5 49 45 41 36 41 32 16 33 2 11 31 3 37 50 5 19 19 9 40 7 2 15 35 4 39 38 50 4 10 32 16 44 1 20 30 36 21 34 26 47
40 4 13 41 17 0 4 19 23 10 40 38 36 29 28 10 30 35 31 21 24 0 10 28 21 48 0 20 12 11 37 24 47 37 31 32 28 18 46 15 26 8 14 34 39 29 19 49 33 8
35 45 31 31 45 27 7 9 42 26 10 4 35 6 25 9 41 16 5 40 23 31 12 31 18 18 0 31 17 32 22 20 44 41 27 22 47 46 6 26 20 37 47 32 47 24 22 39 48 31
23 6 45 24 38 18 30 36 17 6 40 4 41 43 37 43 9 31 28 49 5 10 27 8 4 41 38 40 28 32 11 33 8 15 29 15 25 7 3 6 14 4 47 22 4 17 26 34 37 43
17 33 15 45 5 47 4 7 34 0 3 14 12 31 24 39 38 32 18 46 20 43 28 2 10 2 18 27 41 19 24 20 5 35 13 48 22 2 47 37 27 42 4 25 37 3 36 29 43 15
6 26 9 35 23 32 39 21 36 46 18 3 16 5 21 22 48 6 47 1 38 38 20 7 5 49 18 4 45 19 2 38 46 33 3 19 50 5 6 14 30 40 17 12 17 21 31 0 10 1
49 40 17 49 32 0 26 31 42 6 32 45 18 11 15 13 11 2 37 38 50 3 40 14 24 44 37 41 16 35 39 2 24 38 33 36 43 36 29 14 20 34 37 47 26 4 35 10 14 43
48 22 44 20 4 18 25 19 43 20 46 24 40 21 18 38 11 46 22 12 48 30 39 5 5 16 27 48 22 6 48 44 27 31 26 32 27 42 7 34 9 41 0 28 14 9 4 5 14 28
26 14 35 24 11 39 14 27 34 4 12 48 21 30 25 16 24 41 8 41 9 2 44 41 1 44 33 39 29 4 34 10 0 12 39 11 26 26 0 6 24 2 36 2 20 3 26 34 1 8
18 37 46 40 8 11 33 25 36 18 16 44 19 1 29 36 26 23 23 3 29 34 13 26 18 0 31 9 47 18 11 32 20 44 31 8 49 21 16 13 32 27 40 32 3 11 35 49 32 32
18 8 24 43 3 46 2 16 42 18 8 32 45 21 50 43 4 18 43 45 37 35 0 7 0 26 49 6 2 27 14 0 50 48 18 23 39 44 29 12 13 21 42 42 32 41 33 30 35 50
26 8 43 23 16 19 50 28 1 4 5 32 47 7 11 28 49 15 23 8 31 21 38 34 6 47 15 46 18 18 12 35 38 20 46 0 22 15 38 15 14 5 6 6 25 1 45 3 35 15
25 17 36 39 27 18 49 43 0 47 23 12 30 24 3 14 46 23 5 13 44 35 21 11 30 8 14 18 45 25 4 25 26 6 41 4 23 9 44 12 33 45 35 7 33 45 3 31 32 8
23 47 19 36 41 26 40 1 22 12 2 42 42 46 20 23 40 48 41 16 22 36 45 46 33 17 39 44 50 39 30 31 28 42 19 11 45 10 13 14 4 5 41 25 13 12 43 22 17 15
48 43 1 2 31 45 21 44 44 16 12 8 4 2 41 15 23 1 15 29 14 31 32 32 4 21 41 8 39 47 31 21 37 19 28 26 1 20 17 33 19 4 18 16 10 22 28 1 12 23
40 23 47 48 49 23 13 44 32 28 18 48 5 43 26 44 4 0 30 35 37 47 10 1 1 43 12 45 50 0 18 37 39 41 27 20 42 20 43 35 22 13 30 38 10 27 9 42 43 1
1 13 15 37 43 20 2 22 41 37 11 28 47 3 38 31 11 17 17 38 12 32 31 12 35 14 38 35 8 33 10 31 13 40 5 48 11 46 18 41 39 28 36 41 6 4 48 49 17 39
1 1 22 19 10 29 32 33 20 46 43 38 7 19 30 8 32 42 43 12 4 17 12 29 18 40 31 46 7 27 50 22 42 4 22 28 17 18 9 13 11 29 8 46 41 27 1 23 37 44
10 28 23 21 31 38 48 15 30 5 42 29 5 15 26 34 13 41 45 15 19 32 10 21 30 22 0 18 41 49 33 24 15 44 44 26 27 37 32 49 14 32 30 19 16 23 41 41 45 35
38 9 26 27 34 0 3 29 31 11 27 10 28 42 10 13 16 36 23 19 48 39 19 50 8 18 3 39 40 17 20 9 27 17 31 21 47 35 3 50 11 3 49 17 23 22 21 36 23 8
2 13 44 50 32 29 23 26 28 15 21 50 41 40 24 37 1 48 28 36 5 16 27 19 11 41 39 35 27 34 5 30 39 6 35 13 14 14 49 18 37 16 5 12 37 21 47 19 16 50
5 4 34 9 44 39 4 9 42 39 30 26 10 40 41 48 8 28 31 45 18 29 15 37 29 49 36 47 46 17 43 5 25 9 15 5 38 22 36 40 43 33 37 6 42 33 11 20 46 6
46 11 23 17 40 12 50 17 18 7 3 14 38 30 2 10 1 30 39 4 49 31 19 36 27 12 36 31 9 43 45 3 48 49 9 22 47 8 45 17 40 43 36 50 45 45 22 34 22 30
10 5 23 20 23 30 31 9 36 12 38 20 3 44 3 15 33 39 11 31 9 41 33 15 13 39 22 9 40 47 29 1 49 42 31 1 48 15 6 6 41 32 10 14 34 37 4 45 28 39
25 41 38 21 29 6 15 26 13 45 28 8 1 12 30 41 31 33 4 7 36 37 8 49 3 1 46 41 18 15 14 48 14 39 12 33 12 50 27 37 4 2 31 20 21 29 13 29 17 29
28 15 29 6 29 27 9 39 17 50 38 3 42 47 19 7 40 41 40 0 41 49 18 49 38 47 18 38 42 13 28 17 20 38 44 42 23 34 31 48 21 26 31 35 18 44 46 41 45 3
23 34 7 43 38 7 29 48 25 0 12 5 9 33 3 39 15 21 18 15 10 31 25 24 19 31 8 2 9 43 47 19 22 1 33 30 14 12 35 47 22 27 5 21 24 23 45 26 29 43
1 49 29 5 41 40 46 37 32 15 42 2 33 0 22 24 7 0 8 35 50 10 20 48 34 2 47 19 28 48 49 3 13 36 3 45 1 8 9 20 44 1 36 19 38 33 37 49 0 23
47 29 15 46 1 40 43 23 14 39 35 18 35 45 4 35 19 34 30 8 30 21 4 36 26 28 41 36 3 16 40 20 17 10 18 27 3 7 33 10 29 8 16 44 1 35 6 34 44 18
25 36 6 28 6 23 31 48 11 0 9 44 36 43 22 29 39 20 9 24 39 42 6 15 16 47 38 13 32 24 37 28 0 24 37 0 23 46 11 33 42 6 20 44 31 21 26 20 0 4
31 35 25 5 23 32 24 15 7 17 26 49 20 29 15 28 20 49 39 39 11 0 20 26 26 1 24 15 8 4 49 30 32 37 13 38 21 42 48 6 1 4 17 32 30 22 24 40 8 26
14 19 44 49 26 48 18 26 21 13 36 13 48 35 24 21 11 32 30 10 42 40 37 34 40 2 12 43 26 19 0 38 22 4 32 12 10 26 12 48 9 31 14 37 31 26 21 2 2 7
17 42 27 4 5 10 10 40 32 37 40 44 23 34 14 19 11 14 18 7 1 21 36 40 10 1 26 24 38 18 34 15 13 25 22 30 50 36 28 32 11 37 27 31 5 14 0 40 34 8
40 30 3 47 0 15 6 45 6 45 15 30 3 36 14 7 38 11 39 35 47 16 15 32 20 15 50 0 22 22 13 9 33 23 39 24 13 11 22 10 37 41 19 18 20 25 26 46 7 37
41 7 32 36 19 50 21 22 34 9 29 26 24 20 26 5 0 25 16 35 17 7 31 36 16 14 48 45 20 36 4 10 29 22 0 14 39 2 28 44 15 36 1 40 34 1 19 41 10 19
31 48 11 25 45 42 49 22 10 37 32 5 0 0 21 48 5 27 2 10 3 14 21 18 2 32 19 48 28 6 40 22 39 41 15 18 3 38 36 43 9 19 7 43 36 19 16 24 31 28
1 7 10 33 37 43 27 23 23 17 41 22 36 0 28 32 27 46 1 45 48 48 7 18 7 21 45 20 36 16 16 2 40 34 3 16 41 20 27 14 50 0 38 49 46 40 41 47 33 7

50
52503248166714615273531527309822328795729318901961
0 25
0 282
0 886
0 18
0 669
0 743
0 648
0 265
0 31
0 386
39 29 23 14 6 10 3 34 16 17 13 41 28 30 27 0 13 3 28 4 30 16 50 16 27 13 11 41 42 11 24 15 38 19 9 24 16 26 32 41 1 39 14 50 29 18 13 24 46 12
25 15 19 29 20 32 13 32 48 11 38 38 24 1 14 23 34 1 26 40 30 24 25 2 43 27 43 49 40 8 25 19 34 40 24 30 42 45 25 22 30 35 14 43 36 25 34 0 50 23
38 0 7 40 20 12 23 11 6 40 0 27 9 2 29 10 22 41 1 2 2 16 41 24 22 31 45 38 0 23 27 5 3 30 2 25 36 6 20 9 31 11 47 8 23 25 27 5 18 35
42 4 0 34 6 4 36 8 43 19 32 19 5 33 3 48 13 19 31 33 21 45 6 5 12 8 28 35 18 41 40 30 41 31 36 27 23 20 6 26 28 27 7 4 47 33 16 22 44 42
32 25 6 4 22 9 37 13 48 39 34 25 19 42 29 16 16 9 6 30 36 10 33 25 21 5 4 19 48 18 30 15 26 28 0 19 41 34 18 12 43 31 1 34 9 36 47 21 34 30
42 11 3 33 20 3 5 32 29 3 4 47 39 42 38 44 25 13 5 14 9 25 18 14 17 9 45 46 15 13 22 24 32 5 11 15 11 34 4 29 13 7 43 20 23 2 32 11 17 47
7 32 24 21 10 26 22 8 5 7 14 11 2 34 27 22 41 49 7 14 1 4 22 25 20 21 38 31 36 6 12 1 12 40 28 3 23 16 27 6 25 2 28 41 33 40 21 12 44 50
17 24 45 23 11 37 47 4 23 41 15 37 39 48 15 17 48 28 48 44 13 43 39 11 26 3 10 4 2 41 4 7 9 20 17 36 9 42 29 23 25 0 24 23 19 22 8 37 14 2
11 26 2 26 30 9 6 7 47 4 2 43 29 6 5 38 45 5 39 6 30 30 21 31 29 19 20 30 13 22 20 15 33 18 17 3 9 23 1 13 40 49 0 16 23 31 11 16 36 28
40 38 8 48 24 32 36 39 4 42 24 17 34 34 43 8 45 42 14 23 26 9 27 5 42 3 22 37 40 2 43 35 25 33 2 23 49 8 14 34 5 17 37 15 10 2 36 22 43 46
30 32 24 16 9 7 17 10 35 29 34 40 27 18 23 32 49 24 20 18 21 39 20 35 49 5 10 47 17 18 40 15 46 40 0 30 50 44 14 12 45 7 23 34 42 31 36 16 35 17
46 48 25 23 48 42 8 28 0 20 34 41 8 11 50 14 14 2 25 39 37 24 39 48 13 13 24 8 32 6 1 17 12 12 37 43 1 20 13 41 6 5 46 46 15 17 31 17 7 39
0 29 35 26 28 47 21 11 4 24 50 19 12 12 43 33 1 38 16 0 13 28 8 13 23 23 21 4 30 35 29 49 31 9 3 18 0 23 45 44 49 35 25 33 34 9 37 34 6 35
47 50 9 47 46 35 1 47 8 10 37 0 10 19 7 36 6 38 18 45 12 1 35 10 9 45 5 17 31 16 22 44 16 2 0 23 14 14 30 27 26 16 20 20 13 19 35 50 27 17
45 26 12 31 32 0 26 17 46 42 16 12 38 37 44 11 40 36 17 24 46 11 45 18 46 22 10 44 31 2 44 28 20 30 12 7 21 21 43 4 23 34 16 7 3 18 42 20 30 6
13 41 49 2 29 2 8 34 26 17 4 3 29 34 36 41 13 34 46 43 46 4 4 44 11 40 6 5 16 36 23 8 45 21 27 44 12 24 0 28 21 19 23 0 24 40 31 17 49 19
40 26 41 2 10 46 15 4 49 26 20 11 49 35 36 0 34 9 50 4 18 27 10 6 47 26 41 43 50 15 7 50 49 13 30 27 11 34 21 48 44 39 26 12 37 28 42 16 33 10
38 2 5 1 19 16 20 19 36 5 32 11 11 41 5 33 33 50 28 27 6 46 22 44 47 23 18 0 25 37 2 44 45 50 11 41 26 13 4 9 10 6 49 32 40 39 9 23 40 31
7 41 4 2 49 20 46 43 49 43 31 8 9 41 33 14 31 37 44 18 22 33 7 17 44 27 4 40 20 35 35 49 47 12 33 28 3 37 1 39 35 37 12 32 9 43 9 33 12 25
42 29 10 35 45 24 10 40 22 47 12 0 47 22 44 6 12 9 29 46 13 19 11 16 27 11 20 26 50 7 31 17 47 22 19 0 29 6 47 17 17 18 23 15 25 13 50 3 50 39
33 7 26 32 36 12 16 30 23 2 25 6 9 19 42 3 9 47 15 33 49 49 49 36 28 33 12 47 12 36 4 11 35 22 2 18 44 25 3 0 13 45 0 41 49 38 16 35 34 50
27 16 12 22 29 17 15 19 46 19 34 33 22 27 15 47 27 9 18 31 44 13 23 34 36 13 26 0 44 2 31 23 6 8 12 2 4 28 39 47 7 38 14 47 28 14 48 49 25 30
49 3 49 39 49 14 11 15 41 33 4 27 5 40 41 28 22 22 29 15 12 1 25 30 8 1 31 29 15 31 21 44 18 14 12 25 26 10 24 32 49 32 7 3 21 33 37 37 42 13
12 31 15 3 18 13 16 44 20 8 41 32 30 33 17 4 36 26 27 37 45 14 0 20 24 7 8 21 22 35 47 31 47 4 40 34 3 48 44 19 43 44 36 0 14 19 7 17 29 22
12 16 34 4 27 16 3 19 9 32 43 17 12 27 5 19 16 31 17 7 19 44 3 1 50 19 29 17 29 14 29 25 33 5 26 12 33 10 2 48 31 30 38 43 16 27 21 38 38 48
11 36 49 9 38 32 45 32 24 31 22 8 36 50 25 24 48 11 50 43 12 3 16 39 44 38 12 28 6 1 12 42 13 40 38 1 39 10 20 17 46 10 0 7 28 38 15 49 44 44
6 48 3 4 48 16 39 19 28 26 31 31 8 37 15 45 20 33 6 43 18 41 6 40 9 45 41 12 18 19 8 17 38 36 5 45 22 8 48 22 19 13 22 25 10 12 30 42 2 10
25 14 13 50 16 27 12 23 44 26 11 8 25 7 2 14 28 24 22 42 39 22 13 32 16 38 41 8 16 39 17 40 6 13 22 4 3 41 4 20 37 6 35 25 24 3 7 12 41 20
21 33 26 9 45 18 27 26 33 29 27 35 0 24 47 32 50 23 16 21 4 35 27 15 43 13 31 39 13 6 16 40 4 30 16 18 17 35 30 50 10 34 8 20 36 14 26 42 12 12
46 45 7 15 29 13 29 0 40 36 30 48 12 45 21 44 38 48 15 13 4 25 10 20 2 26 36 9 3 43 40 36 5 32 7 31 14 18 48 28 38 10 45 6 18 23 32 44 36 14
20 12 13 45 33 44 44 26 36 5 48 14 27 18 27 47 1 50 38 26 45 20 35 45 44 30 28 19 14 9 28 24 45 34 25 33 15 22 14 35 23 21 6 14 5 44 9 39 36 36
33 11 25 35 35 9 40 10 48 6 31 5 50 2 45 31 44 14 10 7 14 33 11 49 36 30 21 9 0 5 35 3 42 27 10 17 7 46 47 12 35 9 8 34 6 14 8 27 25 46
31 38 38 44 40 27 1 28 7 20 40 5 21 13 42 31 34 48 20 7 4 25 32 36 37 29 47 41 22 44 11 11 31 8 24 4 23 19 23 26 35 41 36 44 44 47 12 10 44 15
11 44 2 8 13 43 21 11 42 30 47 1 25 50 26 28 31 22 26 7 27 25 15 49 44 11 3 11 44 29 50 47 9 41 33 47 9 44 27 13 4 21 21 15 20 28 22 15 39 18
16 1 49 0 47 27 12 19 0 10 4 33 25 25 17 30 11 20 9 6 36 23 45 20 34 28 8 42 10 46 43 4 10 29 30 36 41 49 35 19 12 19 23 44 33 48 28 6 30 7
7 2 39 18 39 24 25 1 9 17 48 9 37 37 25 19 18 40 23 44 24 4 16 38 36 38 48 44 31 9 32 36 5 30 19 35 36 48 34 19 23 6 29 28 6 9 6 46 21 2
5 5 11 34 40 12 8 23 32 30 37 17 13 28 39 18 48 46 0 44 2 15 33 45 10 36 35 36 22 33 50 18 41 7 50 34 38 10 39 34 40 32 23 50 42 33 48 1 30 4
47 11 23 19 3 16 39 1 21 20 43 26 49 32 45 13 10 20 40 26 34 33 9 9 39 19 40 17 31 40 40 5 30 37 13 11 31 39 24 27 38 30 40 18 21 46 43 20 33 2
1 23 6 39 19 36 0 3 1 24 43 23 37 49 0 50 15 14 21 32 37 3 22 30 8 50 50 40 28 34 30 30 3 38 1 47 12 16 21 49 26 45 47 22 17 22 3 46 24 3
7 17 15 28 9 46 24 34 26 23 6 21 30 20 3 5 45 34 17 17 6 39 37 13 36 34 19 49 30 11 10 25 34 24 31 36 30 23 33 7 47 8 18 10 7 5 10 34 22 29
2 41 9 28 30 17 38 13 43 33 12 26 19 47 1 7 23 20 5 21 35 29 17 10 47 39 6 9 6 2 23 40 50 49 24 10 32 12 36 12 23 46 5 34 48 11 40 3 16 11
31 44 4 30 50 28 10 3 42 23 2 14 21 3 3 12 42 45 44 31 44 19 14 38 7 47 42 7 15 25 0 23 43 7 43 14 13 33 44 12 20 28 8 20 46 11 22 14 22 33
14 25 10 22 4 48 11 17 27 21 49 42 26 32 47 24 1 34 8 4 41 8 44 23 34 17 36 34 26 22 45 20 22 45 15 38 22 48 3 39 27 36 17 24 35 45 22 45 7 40
43 25 37 19 37 22 42 1 9 45 1 39 8 38 19 39 45 40 32 21 17 23 14 11 31 24 31 8 14 10 14 26 33 6 4 8 14 33 46 17 42 21 46 25 5 40 9 27 17 28
41 11 28 46 42 0 32 47 31 3 38 31 50 40 49 12 30 24 38 28 7 29 42 45 45 5 50 17 22 30 7 31 38 22 33 26 34 31 21 49 14 19 29 33 19 21 46 13 12 50
13 45 42 27 25 27 47 11 50 28 11 13 25 7 32 17 47 48 45 28 28 45 50 32 17 33 29 38 34 6 15 4 15 39 14 46 13 33 41 38 31 23 8 40 7 47 41 44 4 13
50 39 16 24 46 26 27 39 33 25 8 17 11 17 15 9 15 21 11 29 29 36 41 45 20 21 2 37 47 37 10 39 29 10 6 9 45 24 26 0 40 46 43 29 18 26 26 16 10 34
30 39 48 46 45 50 29 17 13 1 47 16 39 34 38 33 0 23 8 6 5 10 32 31 19 50 37 31 32 43 18 13 38 38 27 40 29 12 18 9 1 11 23 35 34 25 30 23 33 20
5 12 20 24 18 37 2 18 32 15 11 31 6 10 10 7 6 1 24 25 20 3 34 22 50 33 8 27 11 21 20 6 23 21 24 41 7 42 14 27 34 25 38 22 45 27 4 30 16 26
28 44 47 50 37 14 11 9 45 24 14 35 10 43 8 17 39 1 35 22 7 48 10 12 27 43 26 34 35 20 23 42 37 16 33 24 15 49 32 49 21 15 47 0 35 20 49 23 5 14

50
95536069534573025103233832602588304267745903525221
0 792
0 935
0 35
0 673
0 463
0 93
0 597
0 79
0 302
0 736
48 45 42 36 20 28 23 28 23 20 9 1 30 50 35 47 25 23 30 27 20 0 10 15 29 44 29 30 3 34 32 3 34 27 11 5 31 43 33 27 6 1 27 38 48 41 47 39 47 42
44 34 50 41 50 2 36 30 25 43 49 45 49 11 14 5 35 42 5 48 1 39 8 26 43 16 30 11 9 46 11 23 12 0 20 5 0 10 20 48 37 38 42 27 46 39 23 7 37 29
1 3 50 29 39 42 47 22 28 47 29 11 39 16 46 20 30 31 30 45 42 0 4 49 12 29 33 37 40 25 16 21 31 1 39 49 31 11 30 39 20 35 21 43 18 9 33 35 34 10
15 50 27 11 19 34 18 5 36 16 39 19 0 48 41 10 44 31 8 15 34 48 23 17 16 5 33 35 38 10 17 40 26 1 25 44 48 47 1 36 14 23 38 16 42 36 8 3 49 48
17 25 2 1 3 40 33 25 11 13 0 33 25 20 19 14 28 25 33 16 35 5 45 14 50 10 40 33 43 32 31 30 47 27 27 2 41 2 28 14 26 35 9 39 34 4 11 11 48 3
18 41 26 4 13 4 31 9 25 35 12 29 29 43 6 0 2 50 18 35 21 43 43 3 34 35 24 26 12 26 40 15 50 20 36 26 24 46 9 40 1 38 39 1 43 11 23 17 24 15
2 44 45 18 49 16 12 3 12 47 17 25 30 38 22 50 10 17 41 26 32 43 49 33 4 40 14 23 47 13 37 17 41 16 21 6 26 11 40 20 46 6 11 40 14 44 4 21 0 4
41 15 12 28 47 34 22 37 22 23 19 42 38 23 40 18 11 10 50 42 8 12 26 25 41 7 33 17 21 1 15 42 42 22 13 45 27 28 37 13 5 44 28 23 49 23 10 43 36 15
14 29 13 3 16 26 16 1 20 13 43 3 46 39 24 38 14 35 23 0 24 45 47 0 30 18 17 3 48 38 33 46 11 35 50 39 8 38 13 32 3 24 45 14 39 33 28 13 13 6
15 8 45 37 38 20 0 3 18 26 28 7 26 7 48 13 38 38 28 15 17 43 9 12 49 16 50 41 12 38 5 33 15 32 13 46 11 15 12 23 0 46 34 7 30 18 29 8 24 17
31 20 31 13 3 2 7 42 16 8 46 34 4 30 30 24 29 34 35 32 3 13 39 46 7 47 44 30 28 7 32 14 8 14 16 8 24 42 19 20 6 9 11 8 44 4 47 9 46 44
18 28 35 0 36 27 19 40 33 32 12 38 7 43 4 18 27 27 28 37 37 2 47 22 30 4 50 5 0 12 26 20 8 46 36 2 17 41 25 4 0 21 19 43 28 11 48 2 2 5
18 40 37 14 19 4 36 0 46 47 2 28 40 36 13 38 30 4 10 35 11 38 36 6 31 34 40 1 24 18 47 37 13 19 48 26 40 18 1 34 48 36 17 24 37 45 6 15 37 31
19 31 21 15 46 31 24 37 46 19 49 19 27 2 6 9 49 9 6 27 39 29 42 45 32 43 1 28 23 27 17 26 23 22 4 41 47 22 45 21 46 15 24 41 49 18 33 35 18 4
20 26 47 18 9 37 10 21 49 46 40 32 31 47 2 24 45 48 19 19 33 21 18 15 28 45 30 33 45 13 38 3 20 12 12 47 25 43 19 48 0 38 43 21 3 45 38 1 7 50
33 46 24 38 15 43 26 22 28 34 44 27 13 42 24 39 11 42 9 9 22 4 10 23 33 50 6 11 10 41 37 12 45 37 22 13 40 42 38 19 13 42 49 27 27 7 30 10 8 17
26 1 37 49 41 49 0 30 33 3 2 26 39 5 26 9 1 7 47 6 41 35 43 10 21 3 10 32 22 11 6 50 9 48 5 35 35 15 47 9 41 47 22 40 49 3 36 45 6 46
17 26 18 47 15 34 46 40 23 21 14 30 44 20 12 42 46 41 18 29 14 24 37 31 29 35 33 9 46 30 50 44 6 40 39 37 14 37 24 10 50 28 2 11 27 0 8 25 2 14
48 23 30 42 46 39 7 14 43 30 17 42 38 10 46 9 49 17 13 31 3 29 25 29 40 23 48 45 39 24 19 29 13 36 39 16 36 18 17 3 9 27 23 39 0 20 44 16 29 2
24 38 26 3 34 48 38 18 35 16 42 34 17 29 10 8 19 37 21 10 21 49 47 13 1 15 32 39 33 44 42 36 47 39 0 32 14 30 12 49 8 42 50 44 17 7 18 12 17 2
11 21 4 47 26 34 1 2 25 49 48 19 8 41 19 1 9 3 28 46 13 25 0 5 11 2 42 4 48 23 13 49 7 23 6 14 24 10 39 40 41 24 23 20 3 43 18 2 2 50
38 10 48 33 32 28 48 33 12 33 16 17 29 44 7 31 15 41 1 20 15 28 8 5 45 21 12 23 6 29 50 18 9 39 3 12 10 39 26 46 29 29 22 29 22 19 27 24 45 16
26 17 18 27 28 23 49 18 49 17 15 30 40 47 31 44 0 10 33 4 3 17 16 24 50 18 41 38 5 25 10 26 46 12 4 33 19 26 22 6 10 11 33 35 5 16 44 8 17 48
9 25 10 16 22 1 9 1 20 26 21 24 2 2 17 17 14 0 21 28 29 2 29 49 41 13 1 24 38 41 38 29 14 37 46 2 25 12 24 22 8 45 1 49 40 2 3 0 2 22
43 36 7 21 40 1 31 44 50 7 7 20 4 36 8 11 27 3 0 9 46 29 44 38 40 46 38 4 49 7 39 49 11 20 48 0 36 17 34 12 43 21 44 25 41 29 17 28 18 37
0 15 35 49 25 37 25 3 42 35 31 37 29 40 50 47 14 0 19 28 20 44 16 35 42 30 1 46 4 29 50 11 29 3 6 12 41 32 19 26 44 43 34 19 44 18 24 18 23 29
22 13 47 21 3 38 45 32 50 30 21 42 0 29 41 42 36 3 19 50 23 8 39 0 50 10 14 16 22 33 16 41 34 13 9 36 29 6 49 28 4 30 33 26 15 30 13 46 4 13
24 0 37 12 49 26 50 49 14 23 50 28 38 41 28 42 17 45 40 38 50 11 44 21 16 5 9 50 4 32 48 32 34 6 1 16 19 37 16 23 3 18 7 33 4 2 6 43 44 35
49 18 19 47 26 33 39 10 21 11 19 37 38 8 40 48 5 40 48 49 35 29 3 12 40 18 11 1 6 16 24 30 40 24 4 23 16 25 5 35 3 33 16 20 26 16 49 16 3 44
6 22 26 15 1 27 39 20 29 32 46 14 33 40 45 26 29 1 39 9 34 4 5 22 27 14 46 35 1 39 25 6 46 44 15 7 22 47 36 44 2 14 49 17 6 33 35 34 43 41
47 3 5 6 22 27 10 24 13 23 32 2 38 22 39 20 12 13 29 37 11 7 28 13 49 11 46 14 5 0 20 22 28 27 39 40 17 14 26 2 27 44 33 3 34 24 11 31 32 16
22 26 13 49 4 45 7 35 39 23 16 44 12 25 1 30 44 11 23 40 10 26 42 37 38 50 48 15 39 6 46 31 16 1 35 45 29 45 48 6 15 9 26 24 19 2 17 16 40 39
42 28 48 15 20 47 43 33 8 14 25 20 8 0 14 37 12 14 25 22 22 49 13 8 10 18 45 26 10 42 37 0 48 17 26 17 30 50 8 31 41 30 47 21 7 21 7 40 3 17
43 33 42 36 13 14 43 43 42 45 18 19 32 35 30 15 33 1 23 46 32 7 11 40 5 5 10 44 25 3 35 8 8 9 48 23 5 32 36 6 38 3 40 12 12 15 1 45 6 6
8 19 24 7 35 7 33 41 44 23 10 6 27 27 48 2 39 46 21 3 27 11 14 18 3 41 26 25 43 44 10 49 25 29 36 42 18 46 8 19 39 43 18 12 21 37 13 13 22 13
30 27 46 24 1 31 46 27 11 7 2 17 36 37 21 14 3 26 39 2 38 29 11 14 43 46 2 11 7 38 11 46 11 41 41 2 3 2 8 24 19 16 28 13 48 32 25 45 28 15
43 19 26 32 33 30 16 39 49 18 8 47 0 9 12 13 30 47 4 44 19 36 38 16 32 45 12 40 50 43 50 22 46 31 7 12 32 34 36 38 10 17 21 8 18 33 41 27 4 23
12 39 33 49 21 5 23 16 23 15 11 8 46 45 35 9 41 28 19 0 9 19 31 34 26 13 49 16 44 48 45 39 33 17 40 0 33 20 31 24 48 34 11 48 31 43 39 48 33 31
37 8 34 50 24 9 29 26 6 17 5 26 29 42 28 7 11 8 28 1 3 5 29 46 6 44 36 9 6 25 19 25 10 39 47 27 46 27 36 5 42 49 50 24 4 50 6 36 24 19
49 7 31 39 37 50 38 10 1 49 35 44 10 10 47 3 45 38 26 36 31 37 35 48 13 13 37 43 5 0 42 7 0 1 2 45 18 39 25 40 36 25 11 16 43 8 9 41 41 0
34 28 21 50 23 9 45 25 39 45 35 23 3 28 2 33 0 35 18 7 23 1 5 38 44 24 27 15 44 19 35 46 37 9 41 50 50 32 9 1 39 45 9 48 10 14 36 11 49 38
9 19 16 46 44 46 35 16 29 23 29 13 42 37 46 5 0 12 44 42 6 20 38 24 40 15 18 27 47 34 17 48 13 37 23 26 21 19 33 6 9 48 24 22 38 1 16 5 10 38
37 18 27 17 31 5 42 42 15 32 17 4 24 25 5 22 18 0 46 39 4 25 9 0 21 28 39 50 22 41 6 46 20 48 49 41 31 3 29 37 23 0 22 14 1 49 33 8 6 4
16 43 35 19 18 45 45 39 48 26 8 9 1 8 42 42 37 24 49 21 43 36 18 5 44 39 30 35 23 25 3 4 42 6 32 27 2 12 0 43 31 38 14 2 34 42 30 19 48 33
10 31 50 22 10 24 7 40 33 45 25 2 29 43 47 42 45 29 3 10 0 7 44 50 23 48 17 36 49 24 22 22 40 48 41 24 42 39 49 11 3 30 41 40 11 45 16 17 18 47
13 16 17 4 31 12 13 20 16 28 14 33 43 28 29 23 35 46 10 34 43 10 30 9 24 12 10 11 28 40 18 16 25 32 0 32 48 38 32 32 20 28 29 0 3 25 40 5 0 11
47 50 4 4 43 16 26 41 16 23 20 23 2 17 35 33 10 20 39 23 46 13 21 46 0 33 37 45 29 4 32 43 14 29 8 43 47 1 29 20 5 41 17 21 50 21 10 13 12 25
14 23 16 36 36 8 44 43 13 33 46 1 24 38 32 44 20 13 10 32 34 42 6 1 11 43 8 14 49 18 32 10 44 32 0 13 7 46 29 46 44 17 37 15 23 13 1 19 44 39
25 42 24 45 33 50 5 35 47 24 45 42 21 40 38 49 24 23 3 35 38 11 49 36 17 6 27 10 7 38 19 25 28 5 4 42 4 5 16 2 26 22 47 20 45 34 45 12 5 12
44 47 29 38 14 13 21 5 6 42 14 5 27 13 49 40 34 17 24 46 49 14 29 18 28 43 21 41 0 45 12 17 24 30 21 2 40 8 1 3 12 45 47 38 10 33 35 2 44 3

50
65391635990490557362212407957843086362144173380423
0 980
0 450
0 256
0 491
0 911
0 503
0 56
0 615
0 598
0 821
35 13 42 1 50 50 13 45 11 49 12 12 19 18 18 42 21 30 23 47 41 21 33 8 23 17 35 12 3 4 37 3 0 13 39 45 30 30 28 13 40 50 3 8 17 28 40 12 0 7
47 36 45 37 21 40 26 0 42 40 32 35 14 5 22 34 41 0 15 17 7 3 44 42 41 13 45 28 27 2 7 25 15 37 14 21 43 34 36 21 4 9 39 21 14 42 27 48 33 40
22 19 9 26 50 32 9 3 30 40 50 28 21 6 17 33 20 12 37 48 42 48 26 26 24 26 32 13 18 26 11 15 29 29 10 35 5 49 27 34 16 16 25 49 46 22 0 16 25 34
42 2 30 48 38 45 49 21 29 12 0 12 25 4 4 25 31 46 16 20 42 12 33 25 39 14 35 38 45 31 1 19 12 15 41 7 30 2 10 41 39 22 2 48 6 17 2 22 12 46
30 46 11 1 49 39 19 18 44 20 10 50 38 37 23 38 40 41 1 39 49 26 13 19 6 21 21 40 20 17 14 34 2 49 22 43 21 21 15 42 5 31 40 23 10 42 46 44 42 30
6 46 40 33 48 19 44 19 40 13 37 45 15 3 11 49 46 7 19 15 23 37 25 4 35 7 7 21 43 47 38 6 4 21 21 47 10 30 21 26 17 10 0 50 15 39 10 15 8 18
27 4 3 43 36 26 1 13 6 0 24 0 47 26 40 42 22 44 35 1 47 50 12 2 45 35 8 15 6 12 47 4 16 3 41 18 22 25 4 3 49 38 18 1 36 15 13 38 32 6
2 23 5 17 46 43 15 41 7 24 29 28 50 49 22 14 12 38 42 30 39 20 12 29 48 38 49 23 32 17 32 3 13 29 6 7 14 14 25 42 44 24 10 0 16 10 18 48 40 15
31 42 10 10 40 27 29 12 4 47 9 45 38 14 36 41 10 20 26 27 20 21 48 13 8 10 28 4 40 25 15 7 50 34 2 49 38 49 0 45 0 6 18 11 30 2 33 25 27 2
46 47 16 26 38 35 31 42 47 27 38 29 23 15 10 28 34 40 23 17 19 23 6 20 38 37 29 18 15 13 46 49 42 16 10 35 32 45 37 47 17 23 50 0 46 24 25 43 2 41
29 18 35 0 46 2 1 21 15 20 33 1 2 3 20 7 18 38 16 42 37 1 40 47 1 17 32 19 33 45 40 15 0 22 17 20 14 17 27 20 10 28 10 30 12 31 39 23 16 36
20 17 16 7 24 26 35 16 2 20 21 24 36 3 46 34 9 45 37 49 16 38 24 22 12 5 39 18 40 17 20 39 44 1 11 9 10 47 0 20 21 41 31 16 10 24 13 19 18 25
37 5 23 38 27 18 28 48 47 3 23 0 33 43 31 43 35 28 22 22 42 37 20 38 28 6 40 27 11 3 24 4 41 45 39 35 30 39 11 22 3 44 19 10 47 2 22 32 23 30
13 45 10 7 5 33 27 28 35 14 40 23 26 20 49 43 32 24 31 21 14 33 23 20 41 13 15 10 25 47 18 5 20 9 27 36 22 38 47 34 37 18 9 24 42 47 37 28 6 27
44 36 30 25 27 37 8 30 9 42 18 38 31 16 37 43 47 36 14 33 5 3 45 48 46 37 9 28 9 22 20 46 42 38 23 38 30 45 24 38 34 8 23 42 4 23 14 48 12 4
43 38 19 11 38 18 37 29 10 23 43 49 18 37 14 42 4 0 28 18 22 37 34 5 32 39 3 34 10 33 34 50 13 42 35 3 30 48 35 0 23 33 16 0 21 36 13 0 2 32
15 3 44 13 19 16 32 0 46 29 15 34 6 16 2 47 23 28 42 33 29 40 17 49 10 20 11 30 27 24 13 45 37 45 12 0 9 5 29 41 49 12 24 43 13 32 7 23 27 2
23 26 23 16 8 5 31 20 27 13 12 33 31 44 41 10 7 17 15 1 24 12 5 33 18 29 28 36 41 34 21 42 33 31 33 14 9 1 9 15 38 31 33 10 43 21 48 13 42 5
35 15 36 37 35 41 6 15 10 0 11 30 27 35 39 32 38 50 24 30 26 39 19 9 45 47 29 39 6 17 9 39 4 20 32 0 34 5 33 3 11 12 0 32 18 18 11 16 7 49
26 48 16 24 7 27 41 18 44 25 41 5 12 20 23 23 44 7 47 48 48 27 16 14 5 50 18 0 32 26 22 0 35 29 37 25 17 18 3 12 30 48 50 12 34 31 5 16 1 27
20 32 31 44 1 37 20 10 29 38 38 7 0 2 40 14 23 21 47 20 1 26 29 19 34 42 13 30 0 1 3 47 2 24 50 45 5 43 31 7 23 34 20 8 26 37 23 10 36 10
26 48 43 17 1 38 45 23 49 7 49 18 43 18 41 35 48 47 6 7 46 27 30 43 8 33 21 47 37 16 10 17 16 22 49 26 26 24 8 31 20 30 2 13 30 36 34 49 29 47
44 16 40 44 25 36 33 13 18 9 5 21 9 13 14 41 4 6 1 38 28 14 39 20 29 46 24 34 8 22 3 21 47 14 37 1 37 11 11 37 17 39 18 6 44 40 18 8 33 46
21 28 6 18 23 3 6 34 0 17 38 36 38 25 33 31 25 9 45 15 13 42 27 33 12 45 3 13 13 4 19 43 23 39 24 11 23 9 3 4 31 0 49 42 33 16 6 6 16 17
28 38 44 23 48 0 44 1 3 50 39 42 14 28 41 3 35 10 48 20 24 22 5 22 44 14 43 7 11 18 40 43 42 21 38 3 16 11 37 29 31 33 16 34 30 22 25 47 21 3
10 25 14 10 9 31 0 27 7 15 30 24 20 44 43 27 16 10 35 42 38 1 29 22 2 49 17 27 23 35 12 28 33 40 6 4 47 44 23 25 21 35 32 48 25 20 12 40 1 50
16 32 9 7 38 25 31 8 41 5 25 2 17 43 45 34 45 47 16 47 15 0 12 41 0 18 45 39 8 19 27 4 38 7 37 50 26 46 47 16 28 7 18 21 43 5 30 7 40 17
38 14 8 21 13 11 8 27 10 31 14 20 7 13 16 50 23 0 11 36 50 50 19 41 6 34 50 44 33 13 14 4 24 38 32 48 17 3 40 25 25 46 41 46 13 21 30 5 41 48
11 45 22 20 44 50 14 23 46 37 29 7 26 9 32 26 45 17 23 28 43 50 11 50 46 22 49 21 46 29 7 19 48 20 28 39 20 38 11 11 17 7 23 25 1 15 15 2 26 14
34 25 29 22 34 24 17 23 22 16 20 8 35 35 13 6 15 48 28 45 12 39 1 30 29 33 28 17 19 35 37 19 14 38 49 24 6 42 15 45 2 9 21 46 31 7 33 22 11 44
37 19 24 36 34 48 45 49 3 21 36 3 10 35 8 40 40 22 7 43 2 31 14 7 5 50 20 15 50 6 1 26 3 21 25 2 28 30 21 45 44 42 26 34 7 40 42 32 4 45
12 7 43 49 39 50 18 41 23 1 14 48 29 48 23 45 12 1 48 42 20 48 25 3 20 41 12 32 49 46 31 1 42 34 50 38 14 26 20 25 31 3 24 6 17 15 30 46 3 39
31 21 32 12 13 43 17 5 12 34 45 14 23 42 33 11 38 33 10 5 31 42 2 22 28 42 25 44 22 38 34 37 46 2 6 49 10 30 38 25 45 13 2 27 21 22 47 19 23 46
6 37 12 43 17 27 27 33 14 44 8 23 11 33 4 47 49 44 36 46 20 16 22 15 27 26 6 37 35 3 22 8 10 50 37 13 24 29 22 10 31 13 38 34 34 33 27 8 23 17
42 31 23 7 8 28 29 32 20 11 20 3 1 50 40 48 41 0 42 2 39 48 3 49 49 44 48 8 3 16 49 11 24 38 25 49 43 14 29 46 44 11 21 49 29 49 42 19 25 8
32 43 6 21 40 1 14 5 43 46 4 23 28 3 38 0 23 0 16 35 0 20 48 32 23 35 24 29 50 26 28 4 1 32 1 1 9 29 24 37 2 24 47 0 46 22 28 16 8 19
20 47 2 39 13 9 34 22 31 13 23 37 26 41 30 48 29 31 34 41 5 13 30 40 27 21 43 24 29 43 44 27 47 4 24 38 11 10 27 43 44 24 34 50 8 28 10 30 44 4
45 24 48 19 24 30 40 30 41 47 37 45 35 11 11 38 39 34 2 14 25 14 10 3 8 41 4 39 35 40 25 35 5 49 3 2 2 47 32 19 23 4 10 26 7 0 35 23 49 47
7 8 17 49 26 42 30 39 4 3 15 25 6 9 10 9 16 45 2 36 0 2 24 18 24 48 6 42 11 32 41 23 14 44 38 24 39 28 40 29 39 16 30 3 18 38 37 7 13 11
31 7 43 18 40 36 39 31 48 20 9 11 7 43 19 3 16 10 47 23 35 22 0 28 3 7 45 2 43 48 16 30 13 40 9 50 21 34 3 35 39 16 26 4 50 9 37 6 25 42
25 36 46 37 46 26 31 36 18 34 20 37 3 11 21 1 23 31 0 19 7 26 35 23 34 29 48 10 17 33 33 22 23 48 35 43 44 34 50 30 25 34 42 38 22 28 19 28 35 16
46 0 50 7 8 3 27 49 17 8 24 48 28 18 17 38 20 14 27 34 44 46 23 29 38 17 28 12 43 21 20 10 1 44 48 42 3 35 32 23 3 48 8 49 42 16 6 34 3 31
18 19 40 7 0 17 19 20 44 32 46 23 7 12 24 14 26 1 5 10 46 14 35 49 12 47 1 43 46 8 16 49 25 42 11 4 44 43 7 19 4 38 1 45 24 46 24 36 3 20
22 41 45 3 47 39 40 37 1 39 13 36 25 29 22 41 49 18 14 26 1 44 32 18 31 10 47 6 21 33 33 41 31 4 2 20 4 48 31 25 10 41 35 33 27 37 44 39 13 20
27 6 10 49 13 22 19 39 6 38 39 11 32 17 27 17 47 16 10 7 43 0 36 47 44 20 50 17 40 21 37 1 46 49 25 21 21 31 25 38 32 6 11 3 32 38 1 42 3 43
18 32 19 40 34 50 44 35 5 16 47 29 18 42 34 38 42 0 20 39 26 8 4 26 4 22 27 27 39 1 1 21 17 12 14 27 2 9 40 42 38 38 17 42 29 37 9 9 39 4
11 22 42 17 6 8 37 8 25 42 43 40 19 49 28 19 1 35 38 24 41 50 20 10 14 0 32 26 13 45 4 6 32 22 16 47 45 38 13 7 20 28 13 16 11 16 2 1 13 18
1 9 3 18 11 47 15 1 11 13 37 47 6 31 37 10 7 21 2 20 21 18 48 40 45 6 32 40 24 11 19 17 1 50 12 27 25 32 11 6 46 20 49 44 20 9 15 46 22 31
12 10 26 44 5 41 50 0 38 34 11 8 7 10 16 43 0 4 33 35 31 7 34 35 43 10 28 25 23 47 9 34 10 37 3 16 2 30 9 8 37 33 10 1 24 33 42 29 3 27
38 28 16 11 16 9 40 44 19 42 26 44 39 3 33 22 36 47 13 18 29 3 34 22 28 32 32 31 46 15 8 43 50 35 49 32 32 14 8 38 40 25 30 25 48 30 13 41 37 49

50
42165053302140152186187394564024838942016351807239
0 892
0 4
0 249
0 594
0 956
0 962
0 602
0 135
0 138
0 162
25 49 38 0 2 41 45 28 14 29 1 16 34 16 39 30 27 34 7 45 42 20 40 5 18 19 14 31 42 26 24 35 37 2 40 23 21 50 1 6 0 24 40 3 40 27 42 48 23 9
41 8 26 27 38 6 48 11 43 38 44 1 35 17 49 1 39 31 18 38 50 37 0 44 26 34 30 41 31 41 36 20 1 29 29 35 13 42 18 7 6 40 28 6 7 16 33 33 26 7
26 12 4 29 43 11 47 32 35 27 32 17 5 6 28 34 4 10 33 46 14 20 24 18 33 6 4 24 22 39 33 21 25 19 9 13 37 4 23 36 28 21 20 2 27 12 18 5 30 6
38 49 48 18 49 12 17 30 39 31 1 17 0 49 36 46 4 22 50 30 18 39 28 49 47 0 3 36 32 16 49 19 20 4 12 22 25 49 9 1 0 49 39 17 11 29 1 22 8 30
29 22 6 48 48 28 41 33 45 5 22 45 24 12 23 15 37 31 9 14 6 8 6 38 10 17 7 9 34 44 15 15 6 47 2 5 43 18 29 48 16 25 1 34 44 40 17 3 30 24
21 31 50 5 46 31 25 0 49 24 13 23 18 24 43 47 6 37 17 45 41 39 19 4 20 33 34 21 21 42 8 34 19 29 26 40 37 9 46 30 4 16 17 39 39 26 35 18 8 3
41 26 32 48 7 34 46 29 43 18 31 24 44 22 25 26 43 50 20 25 21 45 36 13 16 11 47 16 8 38 38 29 5 45 32 13 19 5 4 18 39 36 17 44 44 29 23 48 25 38
42 4 29 39 13 5 49 27 41 35 22 36 9 44 45 0 22 48 24 15 40 31 8 42 28 38 18 24 12 7 42 1 46 47 31 38 49 42 49 13 42 20 42 45 3 14 42 10 35 37
26 14 5 35 33 24 37 47 12 6 28 27 35 27 25 46 45 18 16 5 48 15 24 8 16 4 14 45 18 32 29 39 6 7 45 5 41 34 41 2 3 27 20 12 11 43 27 48 20 10
27 16 42 17 37 33 24 5 47 21 45 14 37 31 7 1 40 5 25 40 41 40 23 17 26 8 1 18 24 18 40 26 33 3 26 48 29 0 28 43 45 42 9 22 45 43 2 8 8 32
28 28 11 13 14 13 49 16 3 16 11 45 16 28 49 31 11 24 1 42 47 42 17 39 20 40 35 24 47 47 36 41 8 0 4 25 47 27 1 24 10 13 13 16 22 10 24 0 5 32
7 31 31 31 36 29 29 39 48 49 26 8 44 0 47 50 21 27 1 3 11 4 33 3 29 42 9 20 26 19 35 48 22 18 13 16 34 19 10 8 41 12 10 19 40 14 16 10 14 17
40 38 46 41 4 47 34 27 14 32 7 34 47 39 24 27 35 35 10 44 3 6 29 32 0 32 23 43 9 33 13 16 29 5 33 1 26 22 27 28 29 0 37 50 30 40 18 25 42 2
25 27 20 4 0 25 30 28 3 35 15 10 21 17 22 12 16 40 19 46 35 21 0 36 18 5 21 26 33 6 14 11 27 28 17 17 19 4 14 17 7 48 16 1 43 37 50 42 1 20
50 3 35 32 38 0 20 29 50 14 24 35 12 37 4 15 43 25 0 7 25 14 21 0 14 6 9 39 27 30 7 14 1 47 5 33 3 9 0 3 15 12 23 50 29 3 8 18 45 24
8 16 16 39 46 20 6 15 28 9 26 19 17 33 29 16 24 45 16 34 3 27 10 21 37 35 41 43 27 50 9 3 38 14 26 12 21 47 7 38 5 9 0 3 25 45 32 48 22 9
5 24 12 4 0 31 48 48 3 40 13 35 48 42 28 5 46 10 24 2 30 49 50 44 36 8 17 2 29 16 27 45 4 6 0 0 42 25 40 21 7 33 8 31 37 36 49 42 26 40
22 20 27 11 46 42 49 10 40 23 8 38 47 36 4 13 26 19 37 27 47 32 23 39 15 10 0 49 43 47 50 7 42 21 50 36 27 33 15 43 2 4 27 21 13 47 29 6 38 46
34 2 3 6 28 30 26 25 5 33 31 44 6 3 28 8 41 19 4 14 17 15 5 31 14 41 7 8 9 26 22 1 22 33 21 44 35 5 48 17 40 34 33 2 17 43 35 20 16 26
15 36 44 19 35 23 14 38 39 4 32 40 4 18 15 16 12 14 9 20 47 35 34 39 20 15 36 48 7 32 7 38 45 15 40 46 18 11 45 44 17 11 16 47 23 38 17 18 13 12
26 32 33 39 14 26 39 48 23 17 2 2 18 3 6 22 8 44 42 35 41 8 25 8 41 47 29 38 28 18 39 5 42 28 24 24 0 14 13 12 47 4 40 2 46 37 40 47 35 15
33 19 34 48 0 43 11 47 36 30 18 40 25 6 44 50 31 21 35 15 41 46 5 18 29 10 6 43 8 26 36 15 33 25 48 41 29 12 20 31 49 12 1 22 14 2 30 15 49 46
0 5 21 4 31 18 17 16 12 19 27 47 11 26 45 48 1 37 23 36 40 12 7 16 10 45 22 4 0 25 39 48 1 4 30 20 37 21 40 47 44 3 12 41 16 39 10 18 10 27
46 31 49 33 17 9 50 3 12 43 41 30 23 39 38 22 43 22 46 20 45 9 26 27 30 42 39 44 36 27 33 39 35 38 10 15 20 47 42 12 4 24 18 13 16 40 1 34 10 35
32 39 20 1 5 34 24 2 25 11 38 0 21 48 6 18 17 32 22 13 3 1 42 24 5 34 15 6 31 9 12 34 33 30 15 4 20 14 38 23 0 19 49 1 49 15 49 33 46 40
44 35 48 41 15 45 7 32 35 6 33 6 25 15 39 48 44 33 5 46 14 28 0 17 38 49 5 47 30 39 3 44 15 44 4 43 22 33 14 1 1 39 10 26 2 47 0 2 8 11
13 49 23 40 15 42 40 50 30 14 17 43 5 8 11 32 50 11 31 8 18 38 4 18 33 37 26 47 22 35 23 3 43 36 10 27 20 26 25 22 3 31 27 48 48 48 38 5 29 16
39 16 22 42 23 13 43 21 25 4 42 9 16 29 37 9 23 33 43 39 3 17 0 50 28 28 36 31 19 1 33 18 42 21 35 20 48 8 24 28 6 6 4 0 4 19 7 40 33 45
48 22 24 46 42 16 14 8 3 33 40 45 46 21 12 37 21 6 8 45 34 0 26 38 37 32 44 41 11 12 12 2 2 50 48 32 43 20 32 35 46 31 0 19 21 45 25 24 31 12
49 49 45 21 19 31 23 33 26 46 25 31 37 14 8 24 48 32 11 12 0 1 35 30 12 18 6 49 1 17 42 5 23 9 1 13 43 41 5 12 9 46 18 39 29 39 0 27 13 12
27 38 17 48 6 42 0 48 47 10 45 22 42 6 4 49 43 17 7 20 30 33 37 12 32 46 40 31 43 17 21 28 13 34 29 40 47 29 4 46 29 23 29 19 50 39 22 49 27 17
48 46 27 35 17 28 1 3 21 17 9 9 35 41 13 28 10 14 29 36 27 38 35 48 31 8 41 31 50 28 5 8 50 38 10 12 21 35 5 31 49 26 2 21 33 23 38 39 35 3
29 9 33 35 42 10 2 40 25 41 20 14 27 34 50 19 22 42 9 11 43 36 0 29 35 50 5 34 45 27 0 42 7 24 1 4 19 2 47 37 40 30 32 46 7 22 37 33 41 23
29 44 33 48 30 22 24 20 7 42 11 19 35 33 8 10 49 28 36 34 18 42 9 12 45 46 7 22 23 19 22 15 16 30 38 5 17 24 48 12 5 23 33 10 13 4 3 28 5 47
49 6 46 24 37 33 35 23 34 48 23 18 6 2 21 29 40 18 16 0 11 8 32 43 25 34 13 31 1 37 16 9 14 9 35 22 8 39 39 47 10 4 28 14 18 50 5 7 17 38
34 16 5 48 5 24 48 15 37 11 39 32 36 3 31 4 17 0 16 33 7 19 9 39 27 18 10 0 21 20 40 5 0 7 27 46 7 2 30 48 13 14 11 31 11 24 44 38 50 18
13 20 4 30 43 14 37 36 18 2 32 4 0 28 24 34 4 22 36 20 21 15 48 33 46 34 25 0 15 29 14 33 3 35 32 4 20 35 25 47 37 31 41 33 8 5 37 26 48 27
48 33 41 44 19 34 28 44 50 1 3 33 20 27 3 42 32 25 46 48 10 1 41 42 38 16 45 3 50 39 26 13 41 28 1 49 34 5 48 43 19 27 36 50 27 2 7 6 7 38
42 15 37 27 12 18 28 48 34 4 20 0 13 37 26 32 35 13 49 7 29 18 7 39 35 46 19 10 46 26 0 47 25 15 22 19 41 50 2 31 20 6 35 9 41 33 2 29 20 40
47 25 2 7 26 33 16 25 8 25 2 2 42 15 9 43 39 49 24 27 19 30 16 25 5 14 49 18 6 12 2 41 10 12 31 6 49 42 16 13 5 42 21 38 0 20 50 36 32 32
39 46 45 45 7 42 18 34 31 36 14 39 24 25 24 0 34 37 41 6 40 25 48 5 50 15 9 46 48 48 49 11 21 30 13 34 45 29 10 38 18 32 39 49 46 16 48 40 11 1
26 30 13 15 49 33 46 48 11 38 48 21 12 47 13 35 44 43 26 25 48 15 18 9 7 41 48 4 43 29 49 28 21 49 31 32 23 37 46 1 17 0 17 44 46 0 16 17 46 1
18 12 42 4 49 48 35 1 3 23 46 42 10 4 3 11 6 12 9 30 23 45 23 0 39 16 50 6 36 13 42 49 8 12 10 41 8 6 26 1 34 16 42 21 20 17 13 49 24 39
49 23 3 1 40 38 43 34 47 44 10 39 16 35 1 39 17 8 4 50 47 21 29 1 46 35 32 34 32 3 10 33 8 47 47 26 39 23 2 6 40 42 10 37 19 47 24 45 31 13
48 43 2 1 19 9 46 23 32 25 26 31 40 31 29 32 45 22 9 29 37 9 6 27 14 32 10 2 20 3 43 8 35 6 36 45 10 37 7 22 40 41 1 16 4 39 3 4 21 28
0 35 33 36 46 49 5 26 17 35 3 27 22 46 19 17 5 35 24 46 19 44 31 37 29 9 41 1 2 17 5 6 0 32 22 22 14 26 3 49 27 7 36 18 11 24 6 3 3 19
1 44 50 20 39 19 40 18 4 7 18 16 11 25 36 49 34 41 39 31 29 36 43 23 19 25 32 15 41 22 15 31 5 25 13 31 27 50 30 35 48 34 47 47 35 7 21 19 37 12
1 29 40 0 28 17 26 6 4 14 45 36 11 34 16 30 4 30 44 45 35 40 41 1 35 28 0 4 10 43 23 18 31 35 23 36 37 10 50 44 24 37 48 9 1 33 10 10 41 44
16 24 26 21 22 23 3 0 42 20 19 49 2 33 34 35 50 38 36 9 2 28 14 23 12 37 35 38 33 37 42 44 6 10 39 28 1 24 25 28 27 39 2 31 6 50 18 40 19 7
5 4 16 50 47 11 34 16 21 21 22 50 28 3 33 31 48 44 35 25 48 46 27 48 28 42 33 25 15 6 44 49 12 50 41 7 21 35 38 26 12 16 39 24 45 14 45 19 41 38

50
88901524892270645551829698702491118342705494755827
0 55
0 489
0 233
0 717
0 344
0 571
0 210
0 552
0 760
0 641
42 15 14 28 34 17 31 32 45 23 19 3 44 12 38 15 24 18 12 3 48 40 22 50 43 12 6 40 27 42 9 8 34 39 44 44 7 34 23 7 28 8 46 40 39 34 0 19 41 34
45 17 11 1 16 17 35 16 46 29 11 49 0 24 33 3 12 30 46 15 45 10 39 3 8 48 5 31 34 48 33 50 19 31 46 49 1 16 20 49 22 3 4 14 41 14 37 23 10 15
12 28 21 18 26 47 0 2 24 50 30 26 5 34 12 48 2 37 19 1 43 37 0 23 34 7 28 44 30 21 25 23 20 15 10 37 27 8 35 47 47 8 14 34 25 40 17 11 32 43
20 6 6 24 42 37 5 22 17 6 39 6 12 43 8 13 28 29 13 50 20 40 4 49 47 5 24 31 28 6 38 16 8 18 5 8 0 38 50 21 17 50 0 21 21 4 43 10 46 33
25 10 32 5 2 34 39 27 21 32 2 7 47 5 24 3 48 2 26 8 21 45 24 1 39 20 49 5 38 15 19 16 13 47 18 36 23 1 14 41 48 25 46 9 12 31 37 8 1 25
37 50 3 1 36 43 21 18 6 8 36 33 33 27 15 20 18 14 49 36 26 15 26 5 32 45 39 36 50 31 26 9 22 1 3 25 36 6 47 12 30 43 29 45 31 42 35 3 20 15
38 42 9 1 40 2 30 14 7 9 45 25 43 20 39 22 31 45 38 32 33 39 48 5 9 1 40 41 13 33 1 29 22 0 7 26 35 5 28 34 23 41 41 23 38 8 40 11 19 41
38 37 32 15 7 33 49 28 15 32 4 26 13 13 13 14 47 47 24 38 8 37 18 17 36 10 9 37 22 7 2 39 15 18 14 49 0 4 38 22 22 4 25 37 24 42 48 32 32 50
4 10 48 25 0 45 35 1 42 0 26 19 43 37 3 50 32 1 16 42 0 2 33 0 6 4 49 2 8 27 26 48 39 43 44 37 28 6 24 17 12 7 15 44 27 6 21 37 6 0
8 29 31 13 50 14 42 28 45 30 10 44 28 11 28 39 38 5 9 31 0 2 33 49 43 46 42 43 18 38 43 28 30 21 2 18 34 46 40 17 40 45 41 50 14 12 35 15 15 4
5 44 39 11 4 27 9 6 1 9 25 38 38 7 25 11 36 6 2 25 45 42 32 12 37 11 44 27 37 22 32 24 26 20 23 23 44 3 36 23 44 23 31 3 50 43 11 11 6 13
5 32 42 7 12 37 14 16 35 36 49 19 37 48 33 7 45 47 1 1 35 35 34 45 30 5 50 24 20 48 14 21 25 30 1 1 44 42 38 25 36 23 50 2 25 20 38 24 26 47
46 4 15 48 12 10 1 43 48 2 33 15 32 12 23 9 35 26 4 14 50 47 27 26 6 3 11 33 30 38 21 40 29 28 5 31 46 50 29 16 44 15 23 24 37 38 22 14 15 17
22 36 14 11 24 39 50 11 27 16 22 13 16 22 20 1 29 24 26 20 29 8 49 5 34 24 32 27 24 42 5 43 16 26 0 23 19 31 21 3 27 44 30 38 32 44 1 11 27 7
46 22 50 5 13 6 2 34 42 26 39 44 5 36 1 49 26 8 16 27 3 15 8 0 18 22 17 8 15 7 12 25 25 33 49 44 49 33 36 40 47 33 7 2 2 35 37 7 36 16
49 32 43 45 12 46 27 23 31 24 20 47 41 41 5 24 36 20 34 39 38 14 26 42 4 2 24 43 25 48 24 18 8 27 45 46 1 23 24 22 11 2 38 49 38 33 36 16 8 30
8 8 2 2 7 43 36 6 37 20 40 32 36 35 18 50 33 38 6 47 28 23 33 35 0 42 24 20 9 27 42 50 49 40 47 11 49 2 14 33 18 12 50 37 19 6 7 40 17 46
3 45 6 50 22 16 7 14 14 15 50 23 20 8 23 40 30 15 4 7 10 28 33 25 41 34 46 48 14 43 44 33 38 13 28 27 41 18 18 41 44 46 28 18 35 16 11 49 9 32
34 42 25 17 13 1 20 33 38 48 33 32 0 21 48 41 14 25 7 44 8 4 16 6 19 23 32 9 29 21 7 44 18 13 42 30 26 18 40 37 44 14 15 33 38 16 18 29 10 39
47 26 14 25 29 7 47 47 43 31 35 44 19 50 42 27 2 25 4 11 44 41 14 32 44 2 41 13 29 23 37 33 41 49 36 32 26 1 9 46 29 0 48 14 8 14 13 11 5 14
15 28 23 28 24 4 35 2 13 13 2 35 18 23 27 25 38 40 46 31 8 48 9 18 0 39 7 22 45 15 5 13 20 26 13 0 0 36 35 44 18 4 7 42 26 46 3 50 48 48
44 32 47 31 10 38 14 12 18 44 21 38 13 43 12 21 44 3 44 25 49 22 35 9 4 39 9 35 48 18 30 16 23 5 0 19 39 15 48 38 15 22 3 24 26 25 3 42 37 44
32 48 13 32 27 37 27 34 18 48 45 33 14 42 28 44 22 10 37 37 24 27 38 10 6 44 42 15 15 26 13 50 19 23 22 50 27 4 27 6 3 12 12 23 43 26 1 31 17 23
49 45 30 29 49 7 17 11 20 18 9 46 9 37 33 20 50 5 50 16 23 50 16 34 23 22 45 38 27 44 14 26 5 31 39 27 2 2 50 42 27 20 10 9 33 39 31 30 30 7
2 36 33 22 34 37 9 17 14 50 10 22 18 7 42 18 39 40 25 26 45 45 8 11 5 9 11 7 42 42 27 17 29 36 16 50 34 17 9 25 34 25 50 27 11 32 2 9 4 22
37 24 17 31 18 34 46 25 41 8 23 43 12 2 37 26 1 1 19 21 19 42 48 32 41 30 25 34 11 9 1 11 0 36 34 6 19 10 21 43 38 50 32 15 39 6 22 26 39 10
20 42 40 15 14 29 45 0 42 47 1 29 32 8 1 15 38 25 4 44 34 39 38 29 26 42 19 5 43 39 47 2 42 46 31 50 6 5 46 19 21 50 37 31 35 46 43 34 47 40
23 36 24 20 46 41 41 3 45 0 22 4 38 18 15 44 35 2 33 39 47 35 46 48 14 7 16 19 22 3 3 23 34 50 47 6 11 40 34 50 15 50 46 48 46 41 47 49 49 8
17 40 18 39 28 42 11 5 43 32 6 3 3 50 26 20 19 0 4 24 42 32 39 39 37 1 21 22 45 19 28 34 46 3 3 38 26 4 12 50 44 25 9 30 43 14 20 14 47 43
38 35 26 23 28 32 7 13 12 25 42 35 37 46 45 40 11 4 3 33 11 45 14 49 10 43 17 33 20 4 50 32 21 28 49 18 30 22 9 37 35 35 47 27 17 44 0 40 49 29
22 22 7 23 10 37 37 47 49 21 37 15 8 27 5 2 47 33 20 9 29 37 25 23 46 21 23 2 41 3 16 43 20 36 32 22 29 35 8 9 34 43 13 49 19 49 14 46 9 10
37 17 21 14 38 5 49 41 37 4 30 45 31 15 37 40 49 8 2 23 42 44 24 7 49 12 41 26 13 39 26 12 19 28 49 29 48 14 16 7 49 7 45 10 10 40 37 21 1 0
2 43 45 25 41 25 23 45 46 25 41 30 37 50 42 25 16 1 50 48 37 43 7 0 2 9 11 18 11 15 19 48 40 19 49 24 36 50 27 33 44 19 1 6 32 31 12 21 15 39
34 19 23 12 16 27 33 32 37 24 24 2 38 27 13 38 25 25 35 10 5 25 34 45 47 49 29 37 43 34 27 5 5 35 39 6 39 6 3 32 35 19 46 14 20 21 34 45 17 29
13 33 37 16 3 48 20 28 46 47 27 35 43 28 21 17 24 38 17 14 45 24 49 7 17 27 18 14 28 47 15 3 0 43 5 8 27 6 12 6 0 11 19 48 46 44 1 4 44 16
2 4 2 4 39 12 32 42 37 21 31 10 24 35 48 34 27 9 18 14 6 12 11 30 27 26 6 22 13 28 39 25 3 36 33 31 11 19 10 6 12 36 48 36 22 21 37 2 2 28
4 46 7 19 49 24 18 30 5 20 44 32 0 44 34 18 7 24 19 6 48 41 15 29 42 36 4 7 19 40 36 2 25 12 12 35 7 14 39 18 17 6 24 30 49 26 41 19 36 11
31 45 14 38 23 1 15 31 13 24 28 10 41 27 33 34 39 15 10 41 47 7 0 6 5 3 50 49 2 33 14 6 37 21 7 14 19 36 36 30 32 50 44 0 11 21 47 18 50 30
29 44 1 42 2 31 7 45 49 7 6 32 5 7 46 38 50 8 18 38 9 49 18 48 24 46 1 11 18 32 1 40 36 11 50 45 10 4 19 44 16 1 45 45 6 0 13 13 13 6
20 48 0 39 19 26 26 3 43 28 45 26 45 21 31 3 42 19 49 8 0 26 22 48 43 1 31 3 12 10 50 42 2 29 44 14 5 11 34 3 2 27 3 38 0 44 38 26 35 45
31 34 5 40 39 13 32 39 3 21 35 3 6 47 3 31 32 47 40 16 6 49 29 47 17 39 11 18 6 11 22 7 7 10 32 44 13 37 26 19 40 19 45 14 11 49 43 26 24 19
5 25 5 39 1 3 17 36 33 21 14 11 49 21 43 25 49 16 44 30 22 37 14 45 49 25 40 0 45 17 40 24 30 34 41 24 33 43 0 23 23 20 12 0 20 28 41 26 42 27
29 2 48 13 45 34 22 38 44 1 43 39 40 15 11 35 24 48 16 12 2 0 4 0 2 4 48 26 40 21 44 11 19 37 38 50 9 7 39 21 1 50 27 24 20 30 40 33 19 3
3 15 45 32 20 37 14 18 25 15 23 4 32 46 39 37 10 26 24 20 37 34 43 38 45 40 19 17 27 25 39 9 2 33 40 15 8 23 2 35 1 50 4 28 25 49 16 5 13 25
46 11 3 0 21 10 0 5 9 35 30 1 47 26 29 27 35 7 27 43 46 46 11 38 43 31 41 30 1 17 30 35 43 8 17 14 42 6 30 19 4 28 47 18 8 18 4 37 45 3
3 20 1 40 44 18 30 37 39 41 49 45 21 47 46 20 28 7 12 12 26 31 3 49 24 20 40 17 8 30 19 30 8 47 49 4 20 30 50 6 22 24 10 34 7 31 0 44 29 31
38 16 13 22 22 11 0 22 32 30 28 4 24 50 7 31 23 22 45 21 48 5 42 38 42 28 43 38 16 35 35 50 3 24 25 3 38 42 35 2 28 12 5 10 10 13 13 48 4 0
2 38 7 16 15 7 23 16 11 19 13 34 1 22 40 17 0 38 40 21 31 8 20 15 42 4 19 28 29 37 29 20 11 10 1 0 6 26 35 12 28 6 2 42 8 48 34 48 10 42
8 22 11 1 27 13 18 19 31 13 30 31 5 6 21 45 16 10 23 25 9 29 17 38 32 21 26 15 19 44 33 13 36 48 43 11 44 29 26 44 11 48 10 3 19 36 39 0 24 3
41 5 29 22 9 2 39 44 21 8 7 28 4 26 0 11 14 33 16 32 10 19 42 46 9 20 33 3 3 45 38 25 33 6 27 25 17 18 47 15 31 23 35 48 41 10 24 41 5 28

50
67373949928402692880302661490352541910900087305950
0 234
0 105
0 944
0 520
0 715
0 104
0 523
0 852
0 763
0 395
21 2 39 37 21 31 36 40 40 49 11 14 11 48 28 22 44 9 29 12 23 40 1 41 9 41 47 35 44 8 44 10 22 46 0 17 1 24 35 28 36 25 47 19 46 12 6 37 9 0
20 36 12 28 33 4 12 49 30 42 5 30 50 44 2 4 30 14 3 37 25 22 33 50 14 29 13 31 9 37 36 27 45 39 8 42 15 9 38 35 33 7 22 36 44 14 44 15 16 37
33 33 23 27 21 36 0 36 43 20 18 41 2 36 46 4 22 8 22 42 6 9 31 33 37 45 0 31 21 35 2 15 2 2 8 8 5 15 47 5 23 28 49 25 32 13 39 14 20 10
15 48 38 23 0 22 28 5 4 16 5 33 5 29 8 17 0 19 17 9 15 24 21 29 7 29 42 41 17 19 26 6 19 32 46 44 46 47 6 46 8 49 36 23 45 4 1 28 5 18
28 33 48 2 13 26 14 24 18 37 0 19 45 12 47 37 36 32 18 30 13 20 0 20 47 9 12 40 42 13 44 28 29 15 9 24 7 28 1 20 18 16 7 13 15 20 0 40 12 11
22 15 47 13 5 32 40 37 4 7 19 30 47 5 7 28 17 45 18 22 15 10 42 5 33 21 5 28 46 0 44 27 12 19 13 40 41 43 15 43 17 2 34 15 12 16 19 7 15 15
17 48 40 23 9 26 49 11 44 12 8 17 48 9 20 30 26 43 33 1 15 4 46 15 40 10 1 39 41 11 21 38 9 24 22 21 37 40 25 49 13 26 7 46 8 36 2 12 4 17
0 39 27 43 38 37 0 33 35 34 17 6 28 37 4 1 49 5 8 23 12 23 29 5 21 4 7 47 14 25 25 40 47 46 7 18 17 28 8 6 0 23 37 33 8 6 46 32 17 8
2 21 6 20 41 36 18 45 43 24 15 50 22 15 15 49 7 8 31 0 15 9 22 15 35 42 31 43 7 46 42 0 17 19 7 50 1 36 4 3 9 19 13 18 13 25 12 35 22 7
30 35 6 48 39 2 15 30 43 9 24 3 22 10 47 45 15 41 49 26 50 4 46 20 18 31 19 7 34 1 43 0 40 39 45 30 26 37 1 33 17 23 32 19 48 2 28 16 5 24
27 29 37 5 9 10 41 14 20 4 37 5 29 13 35 39 30 22 48 6 11 27 1 19 29 37 45 2 44 18 30 26 36 24 37 23 28 13 16 42 30 8 18 40 10 16 44 36 40 40
6 9 31 34 45 32 17 28 29 19 20 28 41 22 10 44 8 11 25 44 7 9 16 46 12 30 9 16 43 1 37 32 20 3 44 38 48 44 6 17 4 48 2 12 16 7 39 25 25 33
41 7 25 34 6 18 16 40 22 42 37 9 38 23 42 32 1 40 34 9 15 35 39 19 8 30 34 2 44 6 23 37 11 1 35 7 7 8 42 18 9 8 4 27 21 43 40 49 48 35
31 31 17 15 36 48 47 33 25 0 4 33 26 6 44 41 25 19 35 0 39 21 4 50 25 20 42 49 44 42 26 31 15 8 18 21 40 35 48 12 20 16 7 27 21 9 11 6 35 30
10 9 45 18 9 42 30 29 16 29 49 11 45 31 41 40 6 43 8 40 9 26 23 11 19 41 10 0 11 44 31 48 15 3 35 36 45 1 26 38 15 26 11 39 33 27 10 20 2 1
36 10 28 25 18 48 17 5 7 44 31 42 4 31 8 6 24 40 29 36 20 32 43 33 3 45 41 27 3 17 8 22 5 1 15 25 37 7 32 4 40 12 30 4 49 33 9 43 15 27
20 44 47 18 34 0 34 34 37 6 0 23 35 31 15 3 4 33 39 21 28 26 47 17 37 29 5 5 44 18 25 6 50 44 37 2 33 6 24 45 34 8 7 49 21 36 48 19 48 48
7 17 2 15 8 0 50 1 44 49 44 42 5 21 43 39 2 9 38 5 10 26 15 14 32 32 17 23 29 34 43 10 28 46 32 40 17 19 35 27 9 9 23 1 25 1 43 32 4 41
6 37 42 14 6 0 29 30 28 8 44 20 31 28 36 8 29 3 3 11 6 26 46 33 4 14 40 37 38 35 27 43 2 38 4 28 31 31 34 0 16 34 17 8 22 23 19 23 9 7
36 28 44 34 27 11 15 0 44 25 38 30 34 11 21 28 24 22 30 41 5 46 1 49 38 42 49 36 39 10 48 12 46 2 49 4 47 10 42 11 17 28 45 15 13 13 17 29 15 38
39 26 29 44 9 28 7 21 34 21 35 11 26 28 30 32 16 32 5 43 26 23 34 12 5 31 1 41 49 44 4 25 38 28 40 18 24 29 39 36 22 2 18 41 32 21 46 21 13 2
0 45 17 45 25 34 38 5 40 5 33 0 7 44 1 28 49 16 11 10 12 5 30 19 7 11 12 38 15 10 23 18 31 23 49 37 39 8 27 38 43 44 45 10 27 14 25 0 44 31
19 35 18 14 40 25 40 5 43 24 24 0 0 23 23 34 32 15 10 36 4 40 27 39 40 10 30 45 23 33 38 6 1 45 36 30 29 42 34 31 9 9 46 28 44 2 27 33 14 49
13 0 48 43 8 21 5 44 21 48 1 32 19 32 20 38 7 29 21 9 5 45 28 25 42 12 20 32 19 43 23 36 10 50 49 17 4 20 12 5 20 0 16 45 2 46 44 37 40 1
8 4 48 23 23 6 37 10 45 4 28 41 42 29 26 36 49 0 8 12 39 20 33 40 13 10 29 31 49 23 1 18 2 0 29 14 49 17 46 39 48 5 31 21 14 33 23 28 5 47
15 21 17 43 3 13 9 8 39 47 43 1 27 40 9 8 20 19 45 0 43 50 33 10 32 28 38 7 30 50 24 27 19 45 13 4 17 50 42 35 0 23 15 12 37 8 6 6 16 32
3 30 19 2 45 11 37 4 44 18 36 39 1 3 15 50 2 18 19 43 42 28 29 39 13 44 38 1 37 15 11 21 3 5 29 47 25 15 24 40 20 30 44 15 6 28 1 30 39 23
19 43 10 18 45 45 15 41 30 10 17 21 29 27 1 6 37 12 34 50 3 20 12 17 46 36 25 21 49 0 34 40 16 39 42 49 43 13 7 2 23 33 30 3 16 38 16 18 23 16
27 4 3 31 20 3 47 17 15 45 30 22 34 42 46 1 0 34 41 42 33 6 42 28 7 29 22 41 18 27 6 38 28 37 35 4 5 43 40 10 1 25 46 6 39 30 32 38 47 25
11 22 17 33 48 40 21 35 20 44 14 0 17 12 6 23 30 46 7 20 7 2 31 5 18 9 7 11 14 17 34 45 26 23 41 44 42 48 13 49 35 3 14 8 25 39 0 26 24 7
24 47 43 16 45 23 49 38 29 20 18 41 36 27 5 7 45 0 37 42 48 13 17 24 12 26 14 48 19 30 0 40 11 13 4 7 26 29 39 19 2 21 7 47 20 25 25 12 48 24
12 47 31 13 19 32 36 7 28 35 13 7 48 43 30 40 13 19 3 15 14 3 7 6 35 7 23 8 7 46 30 35 32 47 14 50 18 3 17 33 4 1 7 49 27 34 1 27 5 30
29 18 29 39 4 23 18 32 2 38 3 42 0 8 0 11 21 16 41 33 46 40 38 38 41 9 50 34 24 50 2 25 18 37 36 22 38 22 10 38 11 40 12 29 26 50 8 23 14 47
18 17 19 18 16 39 1 11 5 7 8 17 41 4 10 40 38 47 33 7 30 29 42 7 36 35 33 19 38 45 5 42 28 47 16 37 38 15 19 45 34 19 18 13 46 24 38 35 18 28
21 39 5 45 13 25 26 9 25 26 32 3 50 18 1 13 49 18 41 35 19 15 23 4 0 28 3 3 2 49 29 32 18 1 35 6 9 20 11 0 42 40 21 8 46 34 20 3 8 15
26 3 22 19 41 49 11 5 41 45 27 22 4 17 21 39 22 50 8 35 45 4 3 4 27 7 37 14 15 3 47 7 32 32 42 45 28 7 10 43 22 38 25 12 26 19 33 19 40 19
36 2 6 37 12 18 7 29 38 25 19 21 21 5 11 22 11 21 0 9 42 15 25 30 35 45 26 45 14 18 21 17 10 23 25 14 27 11 10 42 5 50 17 37 45 23 5 31 36 20
28 8 5 29 40 4 35 9 15 50 34 12 39 35 45 40 33 1 41 40 19 20 17 37 41 3 13 1 17 30 12 29 29 28 9 17 47 6 0 39 1 8 15 35 29 21 22 34 12 32
50 41 32 1 21 0 29 48 7 38 39 47 7 1 24 15 43 44 11 40 50 6 21 49 16 21 13 9 44 7 44 42 10 1 12 7 6 49 39 18 36 32 27 23 35 8 32 15 26 0
42 18 49 2 36 15 25 10 7 47 6 49 12 35 9 18 32 19 37 5 34 36 41 13 50 33 50 10 50 46 39 7 30 41 3 34 32 31 12 21 8 11 28 17 2 43 18 13 33 3
16 9 26 45 49 15 13 37 3 37 49 48 42 39 34 17 43 22 48 37 7 2 32 19 43 36 47 40 11 13 38 38 20 15 29 11 37 24 14 29 41 31 2 7 27 24 24 18 14 7
47 22 18 3 4 46 7 44 33 25 25 22 39 9 18 48 6 25 23 30 10 15 4 4 35 36 44 21 9 47 35 20 43 28 13 32 42 0 45 50 47 48 47 1 38 42 50 44 49 49
25 4 25 11 1 8 19 42 25 15 12 18 15 31 26 13 16 20 21 30 0 0 26 0 25 39 26 40 22 10 46 15 48 21 41 43 13 13 32 6 33 48 43 8 11 6 38 37 32 6
10 14 15 10 33 26 41 26 34 48 40 18 38 8 23 31 34 20 11 29 48 7 39 37 50 28 49 24 46 30 0 34 39 20 44 10 6 39 4 9 3 19 0 30 19 31 44 42 14 40
14 31 18 47 20 6 44 46 23 4 41 46 41 23 26 48 17 48 11 27 11 13 41 15 47 26 7 13 33 13 7 33 11 37 48 23 12 34 27 19 49 12 43 10 30 23 2 35 7 11
13 25 10 19 41 36 40 1 19 28 23 10 2 42 8 32 12 31 31 49 37 38 9 1 45 49 2 14 39 0 30 32 2 16 35 7 35 39 11 19 0 25 50 1 25 41 34 43 42 43
26 37 26 1 8 41 41 33 25 2 44 28 48 29 48 7 50 15 20 16 11 32 22 24 8 33 40 44 7 9 16 49 2 36 34 24 19 44 28 5 20 0 12 34 42 16 39 49 2 34
31 23 36 10 4 43 26 5 26 45 46 17 16 38 24 40 13 50 9 12 2 9 17 48 5 20 38 23 47 43 21 33 14 49 25 42 44 48 11 0 50 3 8 41 23 48 10 19 7 35
42 17 36 10 30 40 21 22 6 21 15 13 42 10 5 41 13 2 13 1 5 25 40 36 27 20 18 38 13 25 45 47 23 18 1 44 27 25 46 14 10 46 13 30 33 44 3 8 4 13
10 41 30 19 15 18 25 14 36 16 16 11 44 11 3 45 49 21 10 30 28 2 36 1 38 13 45 15 22 47 21 8 11 50 15 48 32 40 21 22 8 12 36 11 36 16 29 40 26 49

50
80425206972652122462291387325566332551734820561645
0 829
0 560
0 989
0 328
0 832
0 682
0 912
0 291
0 210
0 720
39 34 29 50 43 26 34 7 31 19 44 41 16 10 36 16 35 50 9 38 13 14 30 18 23 5 24 27 25 47 17 26 42 46 11 36 30 16 33 3 50 47 12 4 26 37 7 50 34 48
20 29 34 0 10 29 35 42 28 0 34 7 20 12 37 32 44 25 47 24 43 34 27 1 23 43 34 16 15 13 18 28 33 9 30 37 9 24 35 6 49 39 2 23 36 45 25 22 45 47
11 31 6 32 19 5 21 50 24 47 47 4 27 8 31 35 13 48 38 44 30 44 10 22 25 45 7 42 31 44 11 34 3 28 32 25 4 23 36 41 21 11 6 13 49 26 4 42 5 16
29 25 24 21 49 8 4 12 28 12 33 47 26 25 17 39 0 30 13 48 3 17 12 5 46 46 50 44 26 45 22 8 10 16 49 25 25 35 12 24 7 34 9 29 2 36 35 0 35 3
27 39 18 29 50 5 33 47 44 44 49 11 13 5 2 34 8 43 38 43 6 15 49 49 38 10 36 37 26 34 6 22 28 34 3 31 47 1 33 31 25 9 10 13 42 44 23 12 13 34
40 3 30 2 27 40 49 9 28 27 49 18 1 27 25 41 17 9 30 18 30 2 33 45 28 3 12 21 31 49 46 30 18 15 19 17 11 7 46 42 13 36 50 22 3 24 49 14 50 28
16 39 28 7 38 0 2 11 14 49 7 11 13 37 39 30 21 22 14 45 36 20 34 19 40 20 15 38 36 8 21 2 34 34 24 8 33 2 41 47 3 19 27 4 27 4 29 31 20 44
19 34 27 31 37 13 42 24 8 9 46 49 35 31 0 32 10 9 38 48 8 20 46 36 34 4 21 9 17 28 16 15 1 25 24 7 29 7 43 31 50 46 14 34 26 12 47 48 25 5
23 31 26 1 47 39 41 25 34 22 20 37 47 5 9 34 12 6 22 22 42 22 49 19 27 10 12 1 15 7 49 8 9 19 22 35 0 27 8 22 25 15 33 26 10 47 9 43 26 5
35 28 27 14 39 45 24 47 18 6 39 20 7 21 44 3 33 19 41 9 37 19 34 5 7 17 48 28 37 0 49 33 21 29 25 35 17 28 41 10 0 39 38 31 21 13 50 47 0 10
37 32 25 31 23 6 30 12 9 25 48 21 42 12 12 3 26 46 29 17 18 40 22 41 21 21 32 46 25 35 50 13 49 24 40 12 8 9 42 16 37 48 15 13 42 15 25 37 32 20
41 1 45 23 28 30 10 30 23 20 45 25 36 41 46 24 16 10 3 23 42 14 8 42 36 24 11 11 32 17 36 14 34 9 36 18 48 32 16 34 25 31 34 23 24 8 42 34 12 13
26 32 36 19 40 38 22 43 12 18 11 38 14 47 37 13 35 34 13 48 11 44 9 38 43 34 35 10 7 39 27 1 16 41 13 22 11 27 33 0 9 25 27 18 12 46 48 2 32 23
42 10 33 30 45 19 49 32 46 44 32 7 5 47 42 4 43 19 18 37 46 44 42 19 47 9 11 48 34 29 20 41 8 3 30 0 21 40 29 43 42 10 39 48 13 10 21 49 1 12
15 26 35 37 25 37 46 40 3 2 32 16 45 35 18 18 43 19 18 36 37 37 13 17 43 23 7 21 24 48 25 1 48 42 15 10 0 35 33 18 49 43 23 24 23 30 7 47 47 14
15 8 26 8 37 50 19 37 19 26 45 24 3 49 50 42 50 9 10 19 48 30 42 36 34 34 1 21 22 12 31 21 32 23 27 49 15 19 10 23 45 37 29 20 35 11 17 16 19 22
21 19 10 17 43 12 34 13 0 1 39 39 0 38 9 40 45 23 13 46 44 29 27 5 48 4 0 8 9 44 50 28 27 33 27 24 48 10 13 50 18 11 42 33 46 20 7 34 36 44
50 24 9 36 29 28 49 42 11 32 0 35 10 49 22 10 34 49 18 28 6 21 1 14 21 3 46 36 33 45 32 20 2 31 14 8 7 15 5 18 12 31 26 11 42 45 27 23 47 44
29 25 17 22 48 47 24 37 20 38 8 31 17 9 30 20 0 26 37 43 40 20 5 8 36 32 2 46 37 14 41 15 41 46 20 38 7 43 6 1 24 36 29 43 50 17 49 50 0 25
40 33 3 3 48 45 18 39 22 21 49 50 25 49 6 19 32 46 4 33 5 17 27 5 8 20 39 20 31 33 32 0 32 18 21 25 31 25 23 9 24 6 34 45 37 33 12 35 16 40
15 22 14 33 11 3 4 19 20 21 33 9 31 11 21 1 43 38 1 13 17 6 0 30 43 10 23 11 12 43 4 2 16 37 9 27 25 22 45 40 4 15 41 25 41 49 12 0 47 16
14 1 26 2 39 11 23 5 11 30 21 2 48 13 9 27 48 7 26 15 0 47 28 24 23 2 23 41 6 0 35 9 31 38 17 6 22 36 49 38 12 16 43 10 19 13 49 39 20 36
13 20 14 18 4 43 32 47 50 0 19 1 11 38 46 48 19 36 25 30 21 12 18 24 45 45 7 12 36 18 49 0 21 36 48 31 22 9 0 37 32 50 15 47 4 45 32 9 0 19
45 12 42 31 27 11 6 48 49 10 2 31 38 48 50 47 31 47 19 41 19 36 20 48 2 18 19 22 49 32 40 46 20 17 38 44 47 17 22 17 23 50 3 18 23 23 36 44 14 47
12 20 35 7 1 35 5 18 37 8 36 3 34 14 14 21 10 24 14 6 49 42 4 38 20 17 23 30 6 33 17 1 41 9 26 44 26 43 49 38 40 40 40 40 40 33 29 17 15 15
25 26 5 40 10 0 34 39 37 50 25 3 4 26 47 13 31 18 35 33 46 34 34 1 40 10 26 20 40 13 6 37 6 49 1 44 7 3 2 41 48 40 44 2 10 49 47 37 16 33
29 28 35 32 2 25 46 41 4 7 40 35 39 29 44 3 34 45 25 4 36 29 45 14 29 16 38 41 35 5 33 41 50 39 19 22 31 14 50 8 47 33 43 24 43 31 2 48 12 44
43 28 42 31 24 43 9 38 10 40 30 21 13 3 26 33 24 37 2 21 2 19 36 45 31 14 0 27 31 42 34 27 32 39 30 49 13 18 26 23 44 0 27 5 21 32 26 15 43 24
29 22 11 34 24 4 5 30 46 2 10 26 11 41 33 43 12 30 50 19 37 36 27 43 20 2 29 18 30 49 16 25 19 38 40 44 21 6 40 37 35 37 2 44 20 17 9 15 0 47
23 48 33 1 15 27 6 6 41 34 7 8 0 21 12 40 33 42 4 4 50 43 28 36 27 44 22 49 14 44 6 17 35 12 23 29 10 33 32 5 15 3 40 3 50 8 46 20 19 50
37 41 21 46 9 25 11 0 45 11 49 11 45 34 41 25 1 40 32 29 21 13 46 30 23 29 10 27 33 18 8 45 19 14 34 10 41 2 12 47 27 43 33 39 1 36 4 2 28 14
47 1 47 41 7 46 40 14 0 34 39 50 43 6 44 10 38 20 34 43 22 15 47 15 5 40 19 9 20 38 49 43 38 27 33 47 6 39 14 0 6 49 27 23 47 20 37 0 29 48
24 13 38 46 45 38 24 46 38 14 17 5 50 0 36 26 29 35 7 23 5 36 32 12 15 48 0 24 43 40 19 31 26 7 39 5 27 0 18 3 49 34 29 35 3 50 38 6 38 11
29 17 12 7 4 28 18 4 17 34 14 20 43 27 2 14 37 14 10 8 11 50 42 21 23 29 47 34 12 22 10 25 50 20 22 34 19 42 6 22 43 21 47 41 1 7 19 21 0 23
0 48 43 40 13 5 48 1 4 36 24 39 48 27 5 8 35 22 40 17 20 27 3 36 20 39 21 11 40 14 6 36 18 43 2 44 4 36 7 15 16 47 2 42 30 11 12 39 13 11
26 8 5 43 8 32 5 37 15 19 33 1 37 35 20 26 46 50 11 35 42 38 7 44 2 7 35 50 44 21 36 30 30 35 6 43 50 42 11 40 48 1 38 37 32 7 27 17 22 10
4 50 44 17 18 37 18 1 44 32 5 18 16 12 26 34 18 44 24 2 33 15 49 46 24 49 12 19 23 19 3 48 27 22 41 30 27 24 41 34 10 49 36 23 33 3 33 35 13 14
12 3 31 14 19 7 9 40 34 15 32 46 29 47 29 18 17 30 25 38 5 29 17 36 30 7 3 12 35 31 13 45 29 15 3 25 30 32 38 31 31 43 39 46 9 35 31 1 12 1
42 43 19 28 47 4 39 47 31 29 42 34 41 45 15 11 11 19 44 5 5 46 47 5 42 28 48 33 8 8 1 32 46 44 29 38 30 36 23 20 11 5 28 21 46 2 23 17 4 2
47 7 32 25 32 8 4 12 16 25 32 48 37 39 43 27 5 9 3 36 47 36 49 3 14 36 1 49 38 41 46 20 42 33 39 13 17 13 1 2 9 40 31 25 32 42 2 15 11 33
24 32 34 5 39 45 42 15 8 13 48 41 37 49 28 42 25 22 43 7 47 39 15 19 2 20 30 41 7 41 5 14 29 50 39 21 14 12 45 34 19 0 1 32 17 25 48 12 37 15
30 10 44 46 15 24 50 36 32 40 4 22 15 28 3 38 0 2 47 22 28 11 34 36 28 6 13 49 38 40 25 26 6 43 6 7 11 5 50 45 47 19 28 12 11 13 34 15 36 23
21 2 40 6 5 42 14 37 18 26 32 8 38 37 32 33 15 46 49 6 30 19 13 43 0 0 12 1 9 26 23 11 9 16 50 20 38 14 2 48 9 1 29 46 1 1 23 7 35 13
45 11 46 5 29 23 33 7 29 16 42 38 18 23 23 35 19 46 10 22 20 45 30 3 27 45 17 23 31 1 48 27 33 20 25 44 23 5 24 18 42 45 46 37 38 20 38 17 32 16
2 32 23 36 37 21 40 40 38 1 10 28 47 13 19 25 49 1 32 12 11 1 26 18 12 11 3 16 14 32 40 31 21 6 27 8 23 26 30 33 39 9 50 27 12 31 1 34 24 40
48 47 47 11 26 8 5 45 46 4 30 32 13 32 22 8 29 3 22 3 24 16 2 17 45 46 42 26 0 22 32 18 22 13 44 36 32 29 43 17 24 33 24 29 46 29 37 21 6 42
2 49 23 49 4 44 22 33 18 5 3 6 4 22 10 21 3 25 2 34 42 10 33 27 23 24 20 18 50 28 46 47 26 39 46 30 2 2 43 41 37 10 19 43 26 5 3 9 19 37
16 20 19 25 48 43 44 24 18 43 19 6 15 21 14 14 4 2 1 33 46 26 34 41 24 5 6 22 22 46 43 43 46 24 47 36 26 38 41 24 40 35 5 9 13 23 26 24 7 25
8 22 31 1 32 8 14 11 5 23 44 1 42 20 7 25 15 15 31 1 30 2 3 17 43 38 48 13 37 3 31 21 6 26 29 6 19 36 34 16 34 32 5 1 48 36 16 19 23 33
36 25 18 23 22 30 19 12 7 30 8 22 48 7 28 29 27 9 18 29 16 43 3 20 23 0 27 39 0 42 15 6 43 4 23 10 32 29 46 4 12 43 42 35 49 16 32 33 45 33

50
64503557410533731217662027772894674558418058703685
0 579
0 630
0 433
0 476
0 384
0 625
0 867
0 489
0 280
0 137
18 40 5 47 23 22 49 4 44 45 11 20 45 34 7 49 18 1 36 15 13 45 22 31 38 39 29 29 42 11 24 33 1 2 39 0 20 5 33 31 37 33 17 48 34 23 20 38 32 12
34 7 5 45 40 33 44 25 29 9 19 21 50 3 33 19 16 18 21 48 18 42 30 14 36 40 22 27 30 10 1 20 19 46 5 24 49 20 22 4 20 34 10 37 28 8 48 16 34 36
22 8 7 14 19 33 41 8 9 26 29 46 39 18 48 47 23 15 36 8 34 48 20 31 15 22 0 50 12 25 6 50 42 14 2 26 7 12 16 24 41 16 9 49 42 27 37 10 35 39
43 35 49 5 34 40 25 31 10 6 26 6 31 15 45 8 3 24 3 4 15 41 31 35 40 20 9 21 18 25 41 35 8 9 18 31 7 32 2 34 1 29 43 25 23 0 11 25 16 6
26 40 26 1 38 36 38 10 28 4 12 35 5 8 49 40 22 33 22 40 2 44 43 39 2 24 33 4 20 40 45 17 22 2 49 31 43 15 0 14 37 9 2 22 42 30 31 32 29 23
50 9 2 39 4 8 23 50 0 41 41 45 41 47 49 7 25 15 41 10 47 26 11 49 10 4 31 12 49 40 34 41 24 18 47 14 8 4 32 29 5 4 15 49 13 36 18 48 32 24
1 23 24 15 5 10 45 33 23 10 45 12 40 31 17 3 25 5 0 18 12 41 12 4 28 1 42 47 0 19 38 42 11 50 29 18 6 42 5 18 14 20 12 50 34 18 15 42 23 17
3 13 6 19 1 31 36 19 35 13 22 46 21 33 28 50 9 24 9 40 27 10 17 2 49 21 9 4 17 16 18 18 41 26 10 3 42 12 11 9 24 44 18 35 25 50 0 1 15 44
15 31 35 40 18 37 23 48 41 46 11 20 36 18 12 14 6 34 38 11 24 22 44 43 3 17 6 3 1 50 45 8 33 47 42 49 20 44 7 43 34 2 47 34 17 46 42 10 29 31
11 50 13 48 2 13 1 31 36 16 22 28 23 48 26 24 50 41 47 7 50 49 5 13 39 48 0 43 6 43 48 45 43 10 37 43 38 5 43 43 20 21 20 40 27 16 19 49 47 3
16 6 22 25 24 22 39 9 44 20 5 40 13 3 30 36 22 6 8 42 13 46 32 10 50 26 34 14 15 41 12 35 14 10 24 7 19 0 12 4 47 30 18 24 10 39 32 4 41 27
27 44 8 15 3 9 12 49 47 14 26 47 11 18 25 5 30 27 25 49 12 3 33 13 23 43 1 12 47 30 35 12 7 5 3 4 11 7 49 6 16 12 21 41 23 21 23 16 16 13
9 47 7 12 16 31 21 17 36 15 8 35 41 9 11 41 32 45 38 28 50 18 50 2 0 29 15 23 31 13 8 45 47 3 27 19 33 6 45 38 16 39 18 28 14 32 28 16 34 46
9 27 45 42 0 25 21 45 45 11 37 30 9 20 17 32 14 1 37 7 49 21 30 9 39 29 31 11 24 41 32 22 13 50 37 28 0 20 23 24 4 35 29 18 21 38 10 48 2 44
3 19 12 4 18 1 20 14 9 43 39 49 4 18 0 22 49 44 4 23 3 35 27 29 9 21 48 18 21 47 36 43 26 14 20 22 7 21 26 50 40 15 39 23 39 6 10 9 20 46
47 44 41 46 9 36 28 46 43 3 1 29 22 3 17 34 4 8 6 3 9 35 6 9 17 17 2 37 21 9 13 9 35 15 45 7 34 11 29 43 38 11 35 46 9 18 10 12 47 19
1 37 36 27 12 20 42 33 22 15 49 5 32 50 1 14 10 21 49 18 25 5 13 2 15 4 31 36 8 22 8 6 40 13 9 48 5 35 5 20 29 0 20 42 26 50 8 19 35 46
40 7 24 16 25 39 39 43 38 46 8 29 49 22 26 5 47 25 27 8 3 0 13 31 5 48 39 32 15 31 1 41 30 13 2 24 7 30 11 50 13 43 25 14 29 40 44 11 28 49
42 10 32 20 20 48 8 37 37 38 32 21 24 46 32 29 33 21 17 30 46 18 35 9 22 28 9 5 37 12 49 45 3 2 37 46 29 22 50 8 0 23 48 34 22 29 47 37 31 14
14 46 37 22 39 12 28 6 5 38 3 40 41 23 40 37 15 17 0 4 9 22 9 35 50 14 26 40 37 26 34 1 34 1 10 12 28 29 44 35 1 29 25 6 22 28 45 36 13 49
2 22 36 23 10 12 50 0 18 28 30 22 46 49 36 48 26 45 15 46 39 7 40 19 16 4 3 41 36 7 6 50 8 33 35 15 20 13 14 31 17 0 41 35 41 12 6 29 49 4
5 35 27 13 8 18 22 26 6 26 46 4 45 4 26 23 31 14 0 6 33 18 22 39 49 10 41 41 33 43 50 3 40 29 42 34 48 11 19 22 16 10 5 22 26 43 18 34 33 46
31 8 47 44 12 34 20 29 7 48 30 5 11 9 46 48 12 41 0 32 43 18 30 29 37 18 2 44 31 33 15 18 39 22 22 40 28 1 36 7 25 40 9 31 18 45 43 41 37 21
33 8 35 23 11 28 33 47 25 33 43 45 40 3 18 44 1 9 38 38 37 22 46 13 38 7 16 32 12 24 4 5 12 20 17 45 35 40 8 50 48 10 12 21 32 6 9 37 28 29
45 17 34 7 19 33 3 46 29 2 22 18 5 13 8 41 49 50 13 3 19 10 21 47 5 17 29 44 46 5 47 49 7 18 43 36 10 28 49 27 40 12 31 34 20 33 41 17 14 5
23 48 18 31 2 10 23 43 35 15 30 19 1 38 17 0 24 40 32 20 14 7 13 25 36 38 49 42 28 48 10 8 29 32 0 27 19 45 21 13 38 6 37 40 14 43 48 48 24 34
15 47 45 41 23 30 43 34 11 37 43 24 11 9 36 30 33 34 28 13 35 44 42 41 34 48 29 5 28 3 1 48 10 38 7 2 21 47 27 11 24 29 6 37 3 40 8 47 25 26
35 3 37 8 13 48 6 9 20 39 21 35 31 15 13 39 21 15 44 50 49 19 21 45 42 50 27 33 26 26 8 19 48 50 28 5 7 45 39 14 36 7 47 15 47 11 37 11 7 27
9 41 6 16 31 30 22 24 3 0 33 20 5 46 49 35 42 40 43 7 31 12 22 44 31 23 1 42 42 9 36 29 18 26 13 47 27 19 47 18 39 36 10 14 11 5 21 13 45 46
0 49 28 23 6 8 7 14 30 50 32 3 3 40 27 42 44 15 2 41 14 39 20 34 3 34 40 15 50 39 35 35 25 15 21 32 39 3 15 23 36 12 5 3 33 48 49 25 37 36
20 37 1 15 41 44 43 10 24 4 46 36 43 23 50 13 20 42 18 35 28 39 32 43 5 12 47 13 5 46 21 9 12 18 10 50 2 43 26 11 16 24 45 29 30 4 20 12 4 19
49 1 25 29 48 39 18 50 19 23 0 0 36 19 31 36 17 15 37 15 38 40 38 37 33 37 40 5 22 12 22 24 6 1 18 16 48 33 27 26 50 33 44 14 35 36 46 33 0 9
10 47 0 9 6 25 49 3 50 1 28 1 18 7 21 32 26 0 11 45 7 43 40 48 2 18 36 41 24 44 14 3 19 1 24 18 33 11 5 21 17 50 23 4 4 12 47 35 48 11
31 1 5 44 41 19 25 44 44 22 25 43 13 12 43 25 9 26 24 9 42 2 33 11 34 1 13 47 12 2 43 6 14 17 11 13 2 23 44 30 2 7 3 48 27 28 41 14 44 24
29 25 23 33 19 50 21 38 48 36 24 49 24 0 29 42 37 28 5 32 21 19 17 5 34 42 38 38 9 45 27 43 42 4 15 49 4 35 37 40 3 20 14 9 40 32 32 32 9 5
27 42 3 30 10 39 36 50 1 25 21 25 49 21 3 10 9 30 1 39 20 48 21 35 40 19 42 49 21 33 29 29 21 44 17 37 39 38 21 12 1 26 34 38 10 32 22 50 49 30
1 37 49 34 38 28 8 36 43 47 3 24 40 49 45 4 22 19 0 17 25 13 47 45 38 22 30 11 1 16 25 28 32 35 12 32 7 41 30 37 9 32 1 20 4 32 2 13 34 33
4 5 23 26 46 9 3 20 8 27 14 23 7 23 23 41 17 10 5 30 39 26 17 35 2 44 31 38 26 4 1 15 24 38 11 15 8 46 35 29 41 10 27 25 16 11 42 19 28 25
26 20 19 27 22 41 3 6 20 39 49 37 5 4 47 11 34 39 21 28 15 48 5 25 29 42 47 39 7 11 3 13 7 25 35 13 38 15 42 2 20 2 3 43 8 46 20 32 50 44
21 2 14 6 48 21 50 34 20 22 25 12 35 0 34 26 46 29 37 27 19 36 48 11 24 26 29 36 35 43 16 46 45 38 30 12 49 7 41 30 34 2 4 47 6 47 6 22 40 18
45 23 23 49 12 37 47 11 20 28 17 45 32 25 31 26 45 28 4 6 23 1 35 18 13 19 38 45 24 27 32 20 24 5 5 40 46 22 5 25 39 25 30 26 42 4 43 32 22 20
48 48 36 7 47 28 1 37 12 50 3 46 36 49 40 3 6 20 46 48 12 13 27 39 2 33 34 49 21 15 5 32 0 46 14 50 44 41 50 36 3 27 4 26 16 13 42 27 31 10
9 36 5 46 32 6 25 49 45 36 6 12 0 12 49 2 14 23 27 39 48 6 46 28 36 5 40 24 35 15 45 16 49 1 46 14 32 21 3 16 25 13 39 5 40 41 41 4 32 12
47 49 15 17 37 36 20 40 47 11 35 8 29 29 48 26 50 8 16 2 4 12 49 20 37 49 40 21 12 20 36 44 29 23 31 43 16 48 29 50 7 3 34 27 50 49 34 5 29 42
1 26 34 26 7 36 44 20 24 41 15 32 15 11 28 9 29 35 32 17 27 49 12 3 10 23 41 37 6 4 27 23 40 23 38 4 39 4 0 20 25 13 10 32 27 48 46 5 0 23
23 12 47 15 32 33 49 50 22 16 5 27 7 11 38 23 48 7 48 15 4 46 28 31 1 21 22 5 36 30 47 18 17 6 19 19 36 14 40 39 25 16 44 22 13 12 11 14 34 2
37 47 24 18 4 43 3 10 22 50 3 50 46 8 29 13 15 24 19 43 6 2 23 31 27 49 12 2 6 38 32 43 25 17 7 5 5 49 17 23 44 41 30 28 11 12 10 2 29 31
30 10 30 32 26 9 6 39 23 34 27 13 13 43 28 14 24 49 15 3 11 39 21 28 47 3 13 25 5 31 22 11 13 5 47 20 4 16 27 38 39 30 36 13 14 1 30 41 48 10
24 42 15 2 36 2 10 36 30 49 17 14 1 25 18 42 26 15 48 48 2 6 6 36 23 40 33 2 9 42 27 2 4 25 46 14 11 47 29 32 18 36 14 5 43 0 19 28 20 46
4 35 18 25 20 22 40 1 8 41 42 1 34 34 11 21 10 38 16 10 10 23 21 21 28 40 43 32 40 23 36 43 11 22 2 12 27 3 19 5 40 45 43 23 21 10 33 25 28 45

50
38249332328977801025617764025051624987743116191516
0 452
0 325
0 209
0 212
0 57
0 825
0 151
0 366
0 434
0 902
38 28 15 42 1 48 9 48 19 32 24 31 36 25 26 19 29 26 37 24 46 18 28 25 46 19 28 17 26 18 31 16 50 36 47 10 12 4 41 48 1 19 38 46 23 6 12 30 34 42
38 16 14 20 39 20 37 15 27 40 34 22 12 0 36 48 32 26 1 48 42 1 23 46 6 24 22 5 1 45 22 24 16 0 50 39 29 9 4 9 31 22 24 2 0 39 7 38 36 4
25 20 38 17 27 14 1 36 12 24 41 46 50 11 7 30 30 18 0 12 46 36 20 1 37 46 10 42 37 15 15 30 11 39 37 24 20 15 13 14 17 12 14 22 34 4 17 19 10 47
17 0 25 39 45 34 9 40 16 25 39 47 21 2 18 17 30 37 46 45 28 37 43 44 33 14 8 16 44 28 23 39 46 28 41 22 49 43 10 17 46 5 40 9 27 14 25 42 10 22
36 13 24 45 15 12 43 18 42 15 6 4 25 29 36 24 9 23 22 39 4 37 35 5 1 44 48 22 15 48 10 49 38 40 26 23 15 12 46 7 45 32 18 17 48 24 46 49 33 18
50 4 36 1 28 27 3 48 20 1 21 15 14 16 34 28 2 22 23 9 27 11 36 35 37 22 25 32 14 14 50 14 8 8 46 13 25 0 36 3 48 43 3 50 39 2 22 18 17 33
19 15 2 37 2 49 15 43 43 30 38 15 16 33 48 39 3 47 8 10 29 32 31 28 20 3 35 15 39 33 27 14 37 43 46 44 17 10 0 22 9 44 19 22 25 27 33 25 4 24
17 42 49 11 13 30 32 25 9 40 32 9 34 40 5 49 37 22 17 41 33 13 12 48 20 10 3 13 3 12 43 41 23 40 26 31 36 15 26 14 26 15 38 41 10 27 11 16 14 17
26 22 26 42 37 37 6 32 49 15 39 11 42 39 6 49 30 14 29 15 39 39 31 36 34 33 22 6 37 22 47 25 7 47 7 22 20 6 28 49 15 18 16 0 46 8 50 17 44 22
48 26 7 18 0 49 32 25 31 3 44 45 10 24 12 41 29 10 1 23 16 20 26 17 31 26 30 38 21 1 37 24 38 38 22 17 21 31 36 18 42 33 41 33 14 18 32 17 35 3
45 25 10 37 12 43 48 21 16 39 48 6 19 23 43 6 20 24 35 37 34 48 28 0 40 8 24 17 17 49 40 14 39 50 4 45 22 10 26 41 30 42 33 46 36 36 23 4 19 49
15 1 6 34 37 5 4 14 38 9 37 16 0 50 25 7 1 18 15 21 22 27 21 29 18 32 49 11 8 45 33 0 44 12 44 7 30 36 21 45 35 13 42 39 22 31 45 3 37 7
41 10 7 14 15 5 22 37 7 37 26 5 30 10 8 12 2 9 42 49 29 14 26 23 28 45 28 46 15 20 1 47 9 24 25 5 39 45 23 7 22 30 46 36 26 6 28 22 49 16
50 15 17 36 31 15 26 45 8 49 28 7 45 45 23 44 15 19 20 48 5 20 17 49 32 21 16 17 31 41 16 14 27 25 2 18 0 18 3 40 50 10 29 18 47 40 17 11 8 38
12 10 12 6 9 33 44 16 43 13 26 49 0 24 15 7 0 19 17 40 45 11 36 18 36 24 19 28 46 1 31 13 18 25 16 27 22 32 8 18 1 18 30 1 32 2 26 9 27 20
21 16 20 2 41 26 45 19 7 29 49 28 5 37 45 11 49 19 23 9 26 36 14 1 14 12 9 17 16 44 1 24 8 14 14 44 10 29 1 24 39 46 1 10 48 18 19 32 22 27
40 10 13 0 0 5 12 46 43 45 11 14 16 7 9 29 24 23 35 13 2 3 22 31 49 7 16 7 2 25 32 20 38 41 6 3 33 18 8 47 28 20 31 17 42 42 33 32 10 39
49 32 46 46 22 46 19 35 19 19 48 24 3 0 23 17 14 9 9 29 23 39 3 43 14 39 46 25 49 27 23 0 5 29 3 12 38 26 29 47 3 37 40 38 24 47 39 17 12 44
30 46 33 23 18 45 47 8 26 50 31 19 48 27 3 16 27 37 23 40 12 29 40 36 12 20 31 43 42 1 45 25 43 28 20 32 10 42 6 45 4 33 11 20 38 23 36 18 40 0
41 31 11 4 15 31 25 50 50 26 50 43 29 40 23 30 27 24 5 39 43 10 1 39 30 18 29 3 41 32 44 34 34 26 36 31 40 3 11 2 9 36 23 48 24 40 22 29 24 39
18 48 48 33 17 29 32 6 0 17 0 15 38 11 3 28 31 26 14 3 9 24 47 19 33 34 9 17 43 27 17 46 2 16 33 5 24 37 21 32 17 0 16 44 27 8 34 43 5 18
36 44 31 12 32 49 38 4 33 32 37 22 43 14 47 2 32 40 49 46 32 20 7 47 8 37 14 49 13 7 7 46 48 32 37 36 15 2 36 46 15 35 34 9 43 46 34 25 20 11
40 35 6 27 14 37 19 28 0 24 40 37 24 6 9 41 43 34 30 37 38 5 43 44 37 33 20 20 28 38 44 40 24 32 20 35 42 37 7 43 44 4 17 0 3 34 28 8 37 47
42 13 19 18 23 43 0 34 5 21 12 28 17 8 3 11 28 32 9 20 29 23 23 2 7 46 34 23 3 40 33 34 22 21 17 25 34 5 6 26 14 35 30 20 3 45 7 46 44 9
24 0 33 27 44 8 1 25 14 0 4 34 49 32 27 28 33 31 21 49 11 46 18 29 39 49 29 15 38 32 38 38 5 47 37 30 39 31 2 43 10 6 47 26 0 46 15 6 31 23
0 6 22 28 21 48 35 31 19 4 25 10 12 15 12 39 30 22 41 28 15 35 0 41 39 24 3 29 7 9 13 50 8 28 23 3 34 15 26 23 18 39 23 49 26 22 16 45 22 37
34 6 30 15 48 36 34 47 3 36 2 39 46 21 25 3 46 27 23 35 10 13 39 33 14 35 21 14 27 41 38 24 1 44 43 50 33 13 30 6 17 14 34 32 32 30 25 41 1 27
14 13 24 1 13 21 5 3 22 2 18 12 24 22 3 16 6 36 23 1 44 8 42 37 14 50 41 31 2 13 1 26 40 12 15 48 44 2 2 40 31 2 0 6 25 14 1 22 33 23
48 14 14 48 20 24 18 34 2 12 46 9 30 24 38 45 46 20 2 19 15 49 39 32 25 30 24 48 31 8 12 42 26 3 46 35 50 43 21 31 36 24 39 13 0 39 30 4 41 26
31 1 3 36 39 40 4 50 29 38 31 43 21 24 41 28 41 23 1 9 35 42 23 25 34 46 26 40 43 16 15 4 14 25 50 1 32 26 41 17 38 40 14 19 40 32 12 8 19 9
50 35 27 17 9 36 3 22 44 17 37 3 47 5 34 30 16 19 27 23 47 20 21 27 45 24 31 5 23 25 46 0 17 5 21 16 3 11 15 22 44 8 4 50 48 40 38 21 39 12
15 39 2 32 17 12 11 46 17 16 46 18 31 28 28 30 26 1 3 40 3 44 42 50 45 11 24 28 23 49 31 25 19 12 48 33 11 1 30 45 24 12 40 39 4 7 8 15 3 11
19 48 27 24 3 24 39 2 16 26 1 0 4 50 18 11 38 17 5 17 43 0 37 46 30 48 39 25 8 12 50 40 49 46 9 19 20 38 23 15 30 24 32 8 23 25 23 31 15 38
48 46 16 21 48 23 2 41 1 7 4 50 43 11 5 2 46 50 35 45 46 47 9 25 17 18 27 40 30 22 36 6 5 43 18 32 4 30 7 25 33 48 50 50 16 27 38 26 26 28
40 46 31 45 35 13 6 20 6 3 12 38 20 23 41 28 18 9 38 31 32 40 14 4 22 8 39 18 10 29 34 35 5 15 14 13 2 10 40 18 27 24 28 37 50 19 8 40 9 26
11 45 29 14 46 4 0 22 7 20 0 15 24 39 26 25 36 12 19 24 30 9 7 8 18 5 20 40 37 32 38 26 18 17 14 32 0 39 15 31 4 46 47 45 18 2 23 19 21 26
7 45 33 32 12 32 30 9 41 38 19 23 49 4 11 24 38 17 19 42 47 50 42 38 3 13 35 29 15 41 23 46 2 0 50 39 38 47 15 19 10 1 47 25 15 1 50 48 19 0
36 12 0 41 40 18 11 26 36 38 28 2 30 41 0 27 50 27 2 27 11 6 39 31 28 42 34 5 22 44 11 25 33 18 9 13 0 37 1 2 3 15 8 44 36 9 40 48 22 32
0 17 11 0 0 9 17 43 4 2 4 28 8 17 33 17 32 0 32 50 43 17 38 14 3 48 43 30 44 45 2 9 3 13 40 31 7 31 39 37 50 1 24 14 41 39 5 32 26 32
0 12 39 33 11 29 14 23 34 31 1 9 45 27 34 30 3 34 35 25 9 28 19 34 19 26 3 14 40 4 27 10 30 13 12 47 38 44 16 25 23 50 39 46 21 22 37 31 17 23
22 32 17 8 14 4 33 10 4 0 18 41 18 36 25 44 19 14 2 9 36 30 36 24 19 41 0 23 38 4 26 43 47 0 45 39 12 13 16 47 14 40 44 15 13 7 22 50 6 29
9 22 49 41 49 49 46 17 44 23 34 9 34 38 49 42 17 21 14 36 3 43 17 10 12 16 23 21 42 2 35 18 34 38 7 30 23 16 36 34 35 7 1 2 0 11 32 25 8 21
23 20 8 33 11 26 42 1 9 18 8 7 0 20 43 36 17 43 5 32 17 34 49 3 15 39 43 41 38 30 32 24 45 8 28 34 8 9 18 18 11 42 6 20 15 31 26 6 30 49
45 48 34 20 32 4 26 45 11 11 48 23 23 5 6 21 17 40 6 20 23 4 43 29 0 25 4 10 39 33 3 38 22 47 16 32 24 20 11 21 10 36 30 3 38 33 14 20 37 49
18 0 5 16 45 43 39 39 30 50 34 17 41 50 4 19 7 18 37 1 25 41 4 29 15 8 50 40 0 21 29 36 46 4 35 27 5 16 49 3 17 29 34 25 25 46 12 2 15 11
49 41 19 23 39 13 0 6 28 49 46 33 46 7 1 22 1 47 20 30 43 43 6 35 4 39 38 11 50 20 37 6 8 23 50 13 41 37 44 6 9 28 8 12 17 49 14 1 14 33
2 40 40 5 25 17 30 33 38 0 1 18 4 34 36 23 45 24 44 2 40 48 29 35 22 43 9 49 48 2 27 4 23 48 14 24 39 9 42 0 34 20 12 28 16 5 44 32 37 45
41 17 26 6 38 17 46 26 42 23 7 44 37 1 25 2 50 31 27 30 14 46 10 22 30 29 8 48 40 8 8 38 3 18 50 45 34 42 39 13 20 20 10 6 10 25 3 1 35 15
6 8 16 18 28 30 12 32 29 45 50 27 40 9 39 45 48 8 32 40 38 28 27 39 12 29 37 47 2 15 40 18 33 33 13 33 49 43 49 2 40 16 22 29 16 43 7 15 45 30
46 9 5 16 33 34 31 10 21 4 19 36 20 36 0 29 36 47 8 30 33 35 16 16 48 46 47 40 31 3 28 0 28 15 28 48 9 12 24 13 14 23 25 3 10 43 43 30 39 32
