0 100 -100 0
501
 -3226 4348
 1532 -6202
 2513 3783
 -6692 -9888
 -7024 2369
 102 -7249
 256 212
 7048 -4757
 2141 -979
 -3656 6738
 -2921 -4208
 -4872 2952
 4095 2639
 -7651 -4193
 9190 -778
 -1427 -9538
 9287 -5366
 -2201 -9028
 -3486 6067
 -314 1967
 -2707 55
 2954 -7708
 -8858 -2360
 -2898 -8595
 -1844 -4766
 6814 192
 -8881 9743
 -5717 2335
 -8153 -7924
 -1 -7627
 -1216 9103
 623 607
 -3908 1126
 2801 -1771
 1053 6470
 -4629 -8641
 -9799 -5315
 5621 5643
 4881 1254
 6296 9249
 -3387 -7031
 -1387 -5772
 -3192 -9959
 5198 -196
 -1551 4349
 317 -9249
 8308 3252
 -5236 -2151
 -111 1401
 -6210 -4331
 -2006 5256
 -2187 4283
 -5957 411
 -401 -7732
 -9305 6455
 -434 -9007
 2158 75
 -3260 -300
 -1083 949
 -5978 294
 -6491 1962
 7231 -7990
 742 -8080
 -3448 -7501
 1737 -6420
 -9253 -6170
 3954 -382
 1863 4615
 5694 6393
 -9823 -6863
 -207 -1664
 6491 9510
 6736 -9523
 1686 -2103
 5904 -178
 -8451 -6138
 -530 -6501
 -2613 -8516
 9986 -4953
 652 -7244
 2765 -5373
 204 -2479
 4764 -3558
 -5748 8590
 -6841 -4896
 -3567 -2046
 7063 -1079
 -414 -9978
 7891 -6884
 7731 4378
 -4559 -2455
 -6789 -9851
 -8398 857
 -6004 -1220
 4685 -8795
 -6399 6405
 -8599 -3479
 4189 -6948
 2702 -5990
 6349 -2443
 -2721 -4905
 170 -9309
 -3391 1628
 -2288 8410
 -4001 8540
 2944 -9327
 1649 -1903
 -8154 -5016
 -3687 -6293
 1286 6707
 9936 -5808
 4880 -6418
 -7264 -2683
 -8718 -4529
 3733 -6934
 -305 5224
 -1042 -4539
 9748 -1472
 -5481 2337
 -4567 -5398
 -197 -457
 3655 -4653
 -6602 -6549
 -7831 -4518
 -5462 568
 6215 9577
 7284 1968
 8607 -2154
 6397 -9920
 -8909 3029
 1332 -1486
 476 -4053
 4700 -6924
 -5452 -9855
 3330 1088
 -810 -5284
 2577 531
 7215 -5364
 -9527 -256
 9067 2178
 5583 -7797
 7826 -9563
 254 -3345
 -9226 -3194
 4839 -7743
 -4052 -6223
 -7339 -2281
 -484 905
 -6160 -9107
 -2253 -4276
 2024 383
 -5470 8925
 5961 8155
 -8000 -2655
 -5356 -8262
 2067 5192
 8815 -9014
 655 -624
 -3943 -4398
 318 -1273
 -1115 -3696
 -9727 -3791
 -8672 -3323
 5046 -5304
 -1452 -2059
 -7525 6954
 -8430 -5880
 -4527 815
 -2807 -9325
 -2589 -4518
 9659 -2275
 8105 5300
 9201 7070
 7498 -8621
 3886 7554
 5278 9759
 6657 2454
 1212 -1385
 -7074 3843
 9938 -1263
 3824 -1739
 -3278 -1277
 -3383 -1343
 -4853 799
 -3654 -8632
 -8895 -2975
 -9816 6326
 -4010 2861
 4543 3917
 -2296 -461
 2145 -1817
 -8897 2871
 -2591 2554
 -3066 6960
 9495 -2634
 -8294 -7668
 -6966 1974
 -8801 -7043
 -3436 8981
 -1444 2706
 -9212 -7650
 64 9756
 -7131 -5847
 -2527 -3877
 -1761 -1696
 1648 9083
 5693 -9910
 -6583 1687
 -5072 -3773
 4932 7008
 2289 -5973
 -9197 -94
 -3157 -257
 -2355 -5213
 -5510 -4694
 6409 -49
 -977 3518
 -6009 -8108
 -3657 -5250
 -9357 2921
 988 -5216
 -7571 -2191
 -1400 -4429
 -285 2183
 6899 -9123
 -4577 497
 1781 -1402
 -5977 -8999
 -8484 -4455
 -1180 -9155
 -4540 4776
 -1479 -1694
 6853 -4687
 3618 -4080
 2919 288
 -3467 -8261
 -5381 3990
 2470 -6049
 1387 -3384
 -5100 5454
 -4462 -1717
 -350 5132
 -5109 -5520
 -1665 281
 -1085 6666
 4041 -5200
 -4548 -4073
 -648 1425
 -1557 -2979
 6229 -9701
 4125 -9068
 -6421 -3813
 1029 9863
 -7550 5548
 3792 -6157
 -4248 -2284
 8664 6937
 -4591 5655
 -9478 7537
 -9121 -5237
 970 -1828
 -1883 -2009
 -9274 2527
 -3701 -9150
 -9208 173
 -5398 -9478
 705 5477
 -671 -3311
 -5055 4124
 -3160 -8930
 -2468 -9668
 -5245 -2461
 -310 9708
 8757 -9989
 1260 -4974
 -2093 -6184
 -7559 -6027
 -5886 -1208
 -4308 4202
 8634 -5055
 968 678
 8072 -4715
 2619 5177
 1501 4326
 -8837 4573
 -7165 -9504
 -9225 -8376
 -2032 1378
 -5134 -5522
 -5994 -6817
 8905 9434
 3075 230
 -779 -7008
 -2811 -8451
 6744 1340
 268 5490
 -1134 3923
 1463 4789
 -3725 -4553
 -7544 -4704
 8374 9555
 -3046 -9160
 -4628 9124
 -76 -1960
 -6730 7974
 -738 589
 -2761 1874
 212 3614
 1737 228
 9689 -2356
 2254 192
 -243 1088
 5516 -328
 -9376 7970
 -9935 -8599
 1962 -9081
 7036 -2043
 1205 -3215
 -9313 9460
 8730 1456
 -418 -8069
 884 -8085
 -737 -1313
 -4976 -8538
 -1221 -6009
 -6716 1661
 -8487 9471
 -1406 -9008
 -3522 -64
 -2037 -4733
 -3939 5079
 -2807 -7900
 -1259 -5253
 4155 -7185
 -5764 3426
 8200 3438
 -6986 -5832
 1791 8355
 -1111 4846
 -9378 3626
 -3562 -6861
 -9330 4155
 -1438 -5186
 146 4046
 -1551 2804
 1376 -6909
 -4448 -7321
 4433 -2368
 2378 5438
 -140 -612
 -8952 -8492
 -5978 -4612
 2208 3044
 391 -166
 -5219 548
 7527 -2160
 4703 9838
 -7200 5483
 -3348 -8442
 -344 -258
 -7346 -7560
 -217 -5114
 4577 99
 -7098 4193
 7970 -3916
 -3831 5696
 2603 -1644
 6526 -639
 -7959 -7004
 8885 -7749
 2053 -9849
 -1870 -3042
 8095 4035
 -8350 9205
 9956 -6336
 2539 4396
 -8548 8025
 -1337 -2697
 -9914 -2605
 -3534 8048
 -7165 -6712
 1953 2434
 1296 5546
 -3787 -8537
 -8713 -6523
 7729 5774
 -2204 2180
 -7768 -9344
 -3266 -5482
 -7014 385
 -2609 3091
 -8382 7740
 7269 -5189
 -1016 -1508
 1019 9854
 -6373 -9419
 -103 -4737
 -5659 -3733
 -5731 -2884
 -7306 -3243
 -5679 5547
 -8831 9304
 -9977 7616
 -2959 -2439
 -893 -4908
 -1933 58
 7095 424
 -5642 -904
 -1876 -8633
 -4494 -1892
 2758 1386
 -5235 3832
 -7861 9700
 -2981 8132
 -9351 -4267
 1286 -5646
 -2718 -7489
 1713 483
 1493 1601
 -2828 4823
 -1767 -8832
 1940 -3707
 -9119 8709
 2862 137
 2109 -3195
 -1521 -988
 9903 -7163
 5964 6656
 -3555 -4101
 -3601 7700
 3246 -7943
 -6352 -5978
 -7026 9290
 -4347 -7080
 -8588 3444
 1881 -4227
 -4506 -9595
 -6556 -6871
 2553 -4845
 -6126 -4044
 -9856 -9218
 -2523 3864
 -963 -6960
 -350 -4202
 8701 944
 5446 -6623
 1315 2613
 4378 -7652
 -4032 -6957
 -9690 29
 971 7677
 -470 6101
 -9360 -693
 2442 -9422
 -411 3901
 -5685 5701
 -2949 -967
 -2435 -1473
 -2341 3929
 -8810 5890
 8687 -7543
 -1848 -7691
 -3905 -851
 -53 2105
 4735 -7454
 -1506 5658
 9511 229
 6957 -8921
 -2045 -7847
 1521 2918
 6989 1541
 -4256 -8065
 -6120 -4930
 -2403 -2396
 782 -4573
 -4942 -8853
 -3749 9679
 9534 -6855
 8044 -2422
 -8530 -9883
 -7725 4351
 -7662 -4839
 -3349 -8810
 7339 9403
 -2683 9304
 2592 -6836
 664 -6696
 1594 -3185
 1118 -1514
 -8080 -2801
 -5665 -3909
 1435 -9092
 -8692 1320
 -9905 -6733
 1297 -9259
 235 6633
 2724 5555
 6701 8160
 -7070 -1355
 -5974 -6184
 -259 -8338
