-6941 -8710 523 1530
2500
 -3226 4348
 1532 -6202
 2513 3783
 -6692 -9888
 -7024 2369
 102 -7249
 256 212
 7048 -4757
 2141 -979
 -3656 6738
 -2921 -4208
 -4872 2952
 4095 2639
 -7651 -4193
 9190 -778
 -1427 -9538
 9287 -5366
 -2201 -9028
 -3486 6067
 -314 1967
 -2707 55
 2954 -7708
 -8858 -2360
 -2898 -8595
 -1844 -4766
 6814 192
 -8881 9743
 -5717 2335
 -8153 -7924
 -1 -7627
 -1216 9103
 623 607
 -3908 1126
 2801 -1771
 1053 6470
 -4629 -8641
 -9799 -5315
 5621 5643
 4881 1254
 6296 9249
 -3387 -7031
 -1387 -5772
 -3192 -9959
 5198 -196
 -1551 4349
 317 -9249
 8308 3252
 -5236 -2151
 -111 1401
 -6210 -4331
 -2006 5256
 -2187 4283
 -5957 411
 -401 -7732
 -9305 6455
 -434 -9007
 2158 75
 -3260 -300
 -1083 949
 -5978 294
 -6491 1962
 7231 -7990
 742 -8080
 -3448 -7501
 1737 -6420
 -9253 -6170
 3954 -382
 1863 4615
 5694 6393
 -9823 -6863
 -207 -1664
 6491 9510
 6736 -9523
 1686 -2103
 5904 -178
 -8451 -6138
 -530 -6501
 -2613 -8516
 9986 -4953
 652 -7244
 2765 -5373
 204 -2479
 4764 -3558
 -5748 8590
 -6841 -4896
 -3567 -2046
 7063 -1079
 -414 -9978
 7891 -6884
 7731 4378
 -4559 -2455
 -6789 -9851
 -8398 857
 -6004 -1220
 4685 -8795
 -6399 6405
 -8599 -3479
 4189 -6948
 2702 -5990
 6349 -2443
 -2721 -4905
 170 -9309
 -3391 1628
 -2288 8410
 -4001 8540
 2944 -9327
 1649 -1903
 -8154 -5016
 -3687 -6293
 1286 6707
 9936 -5808
 4880 -6418
 -7264 -2683
 -8718 -4529
 3733 -6934
 -305 5224
 -1042 -4539
 9748 -1472
 -5481 2337
 -4567 -5398
 -197 -457
 3655 -4653
 -6602 -6549
 -7831 -4518
 -5462 568
 6215 9577
 7284 1968
 8607 -2154
 6397 -9920
 -8909 3029
 1332 -1486
 476 -4053
 4700 -6924
 -5452 -9855
 3330 1088
 -810 -5284
 2577 531
 7215 -5364
 -9527 -256
 9067 2178
 5583 -7797
 7826 -9563
 254 -3345
 -9226 -3194
 4839 -7743
 -4052 -6223
 -7339 -2281
 -484 905
 -6160 -9107
 -2253 -4276
 2024 383
 -5470 8925
 5961 8155
 -8000 -2655
 -5356 -8262
 2067 5192
 8815 -9014
 655 -624
 -3943 -4398
 318 -1273
 -1115 -3696
 -9727 -3791
 -8672 -3323
 5046 -5304
 -1452 -2059
 -7525 6954
 -8430 -5880
 -4527 815
 -2807 -9325
 -2589 -4518
 9659 -2275
 8105 5300
 9201 7070
 7498 -8621
 3886 7554
 5278 9759
 6657 2454
 1212 -1385
 -7074 3843
 9938 -1263
 3824 -1739
 -3278 -1277
 -3383 -1343
 -4853 799
 -3654 -8632
 -8895 -2975
 -9816 6326
 -4010 2861
 4543 3917
 -2296 -461
 2145 -1817
 -8897 2871
 -2591 2554
 -3066 6960
 9495 -2634
 -8294 -7668
 -6966 1974
 -8801 -7043
 -3436 8981
 -1444 2706
 -9212 -7650
 64 9756
 -7131 -5847
 -2527 -3877
 -1761 -1696
 1648 9083
 5693 -9910
 -6583 1687
 -5072 -3773
 4932 7008
 2289 -5973
 -9197 -94
 -3157 -257
 -2355 -5213
 -5510 -4694
 6409 -49
 -977 3518
 -6009 -8108
 -3657 -5250
 -9357 2921
 988 -5216
 -7571 -2191
 -1400 -4429
 -285 2183
 6899 -9123
 -4577 497
 1781 -1402
 -5977 -8999
 -8484 -4455
 -1180 -9155
 -4540 4776
 -1479 -1694
 6853 -4687
 3618 -4080
 2919 288
 -3467 -8261
 -5381 3990
 2470 -6049
 1387 -3384
 -5100 5454
 -4462 -1717
 -350 5132
 -5109 -5520
 -1665 281
 -1085 6666
 4041 -5200
 -4548 -4073
 -648 1425
 -1557 -2979
 6229 -9701
 4125 -9068
 -6421 -3813
 1029 9863
 -7550 5548
 3792 -6157
 -4248 -2284
 8664 6937
 -4591 5655
 -9478 7537
 -9121 -5237
 970 -1828
 -1883 -2009
 -9274 2527
 -3701 -9150
 -9208 173
 -5398 -9478
 705 5477
 -671 -3311
 -5055 4124
 -3160 -8930
 -2468 -9668
 -5245 -2461
 -310 9708
 8757 -9989
 1260 -4974
 -2093 -6184
 -7559 -6027
 -5886 -1208
 -4308 4202
 8634 -5055
 968 678
 8072 -4715
 2619 5177
 1501 4326
 -8837 4573
 -7165 -9504
 -9225 -8376
 -2032 1378
 -5134 -5522
 -5994 -6817
 8905 9434
 3075 230
 -779 -7008
 -2811 -8451
 6744 1340
 268 5490
 -1134 3923
 1463 4789
 -3725 -4553
 -7544 -4704
 8374 9555
 -3046 -9160
 -4628 9124
 -76 -1960
 -6730 7974
 -738 589
 -2761 1874
 212 3614
 1737 228
 9689 -2356
 2254 192
 -243 1088
 5516 -328
 -9376 7970
 -9935 -8599
 1962 -9081
 7036 -2043
 1205 -3215
 -9313 9460
 8730 1456
 -418 -8069
 884 -8085
 -737 -1313
 -4976 -8538
 -1221 -6009
 -6716 1661
 -8487 9471
 -1406 -9008
 -3522 -64
 -2037 -4733
 -3939 5079
 -2807 -7900
 -1259 -5253
 4155 -7185
 -5764 3426
 8200 3438
 -6986 -5832
 1791 8355
 -1111 4846
 -9378 3626
 -3562 -6861
 -9330 4155
 -1438 -5186
 146 4046
 -1551 2804
 1376 -6909
 -4448 -7321
 4433 -2368
 2378 5438
 -140 -612
 -8952 -8492
 -5978 -4612
 2208 3044
 391 -166
 -5219 548
 7527 -2160
 4703 9838
 -7200 5483
 -3348 -8442
 -344 -258
 -7346 -7560
 -217 -5114
 4577 99
 -7098 4193
 7970 -3916
 -3831 5696
 2603 -1644
 6526 -639
 -7959 -7004
 8885 -7749
 2053 -9849
 -1870 -3042
 8095 4035
 -8350 9205
 9956 -6336
 2539 4396
 -8548 8025
 -1337 -2697
 -9914 -2605
 -3534 8048
 -7165 -6712
 1953 2434
 1296 5546
 -3787 -8537
 -8713 -6523
 7729 5774
 -2204 2180
 -7768 -9344
 -3266 -5482
 -7014 385
 -2609 3091
 -8382 7740
 7269 -5189
 -1016 -1508
 1019 9854
 -6373 -9419
 -103 -4737
 -5659 -3733
 -5731 -2884
 -7306 -3243
 -5679 5547
 -8831 9304
 -9977 7616
 -2959 -2439
 -893 -4908
 -1933 58
 7095 424
 -5642 -904
 -1876 -8633
 -4494 -1892
 2758 1386
 -5235 3832
 -7861 9700
 -2981 8132
 -9351 -4267
 1286 -5646
 -2718 -7489
 1713 483
 1493 1601
 -2828 4823
 -1767 -8832
 1940 -3707
 -9119 8709
 2862 137
 2109 -3195
 -1521 -988
 9903 -7163
 5964 6656
 -3555 -4101
 -3601 7700
 3246 -7943
 -6352 -5978
 -7026 9290
 -4347 -7080
 -8588 3444
 1881 -4227
 -4506 -9595
 -6556 -6871
 2553 -4845
 -6126 -4044
 -9856 -9218
 -2523 3864
 -963 -6960
 -350 -4202
 8701 944
 5446 -6623
 1315 2613
 4378 -7652
 -4032 -6957
 -9690 29
 971 7677
 -470 6101
 -9360 -693
 2442 -9422
 -411 3901
 -5685 5701
 -2949 -967
 -2435 -1473
 -2341 3929
 -8810 5890
 8687 -7543
 -1848 -7691
 -3905 -851
 -53 2105
 4735 -7454
 -1506 5658
 9511 229
 6957 -8921
 -2045 -7847
 1521 2918
 6989 1541
 -4256 -8065
 -6120 -4930
 -2403 -2396
 782 -4573
 -4942 -8853
 -3749 9679
 9534 -6855
 8044 -2422
 -8530 -9883
 -7725 4351
 -7662 -4839
 -3349 -8810
 7339 9403
 -2683 9304
 2592 -6836
 664 -6696
 1594 -3185
 1118 -1514
 -8080 -2801
 -5665 -3909
 1435 -9092
 -8692 1320
 -9905 -6733
 1297 -9259
 235 6633
 2724 5555
 6701 8160
 -7070 -1355
 -5974 -6184
 -259 -8338
 -6945 5837
 -7024 -355
 -7294 7611
 -6221 9416
 1437 7686
 -1003 2468
 -5925 -4839
 -2330 7710
 2435 -1203
 -5260 1173
 -7833 8717
 7515 -668
 2997 7481
 -9133 -694
 -7755 -6746
 -1995 678
 -364 1423
 -3429 -7590
 -7138 9482
 -284 8540
 8075 2640
 -6405 4202
 -7558 -6517
 8150 -3049
 -6427 -9875
 -1822 -4431
 -9398 -8679
 3678 -3363
 -9101 -9783
 -569 -5951
 -9838 -9296
 -3981 3877
 -8215 9151
 -3292 -6854
 4950 -60
 -2092 2618
 2017 4378
 -9995 -8303
 7872 7805
 -545 -2305
 920 -9157
 8927 -2445
 -2015 52
 -6155 -5501
 -6130 2202
 9572 -8258
 7818 -196
 -2238 -3435
 -26 -7488
 -8305 -6910
 -3502 8851
 1869 -6580
 1707 2247
 5487 -6011
 9108 -9293
 1130 -2567
 -6456 -1183
 -4781 451
 -7538 1801
 714 -9503
 3631 5238
 -4077 -7350
 -2876 -688
 5575 125
 1235 -3493
 -2009 7644
 -2022 -3267
 -9287 7095
 4910 1568
 -7953 9805
 9535 -5639
 -2750 -8561
 -1861 7878
 -5495 1737
 -1475 -7589
 -186 -4484
 -7076 8161
 2333 1197
 -7063 343
 9099 -3516
 854 -3430
 -5965 -3634
 6201 -9076
 -5315 -732
 -7886 -9136
 -9092 -5200
 -57 1587
 8557 -4469
 -8646 6130
 -1018 1356
 -3629 1783
 -2196 990
 -4480 3014
 -5368 -8495
 -5249 -873
 3574 -4651
 -390 -4829
 7484 -5950
 -6318 -5051
 -1438 -2821
 -9633 -8773
 -257 -5675
 2999 -5205
 -2446 -1165
 -3604 -2356
 -8237 -9356
 -7462 -9534
 3114 -1105
 6210 -3894
 -4898 7388
 1170 -2983
 9840 -1962
 -9628 -9247
 -4793 -5889
 -7951 -6381
 -7280 -9690
 -5026 -5812
 -7327 -2106
 4309 1513
 -2117 -3441
 4730 764
 -9288 3401
 -3494 4133
 8067 53
 -6424 -3048
 -4764 -3178
 6502 485
 8801 879
 -4032 8792
 -2239 -7570
 -9667 -4835
 -6865 -7477
 2263 -7223
 -1433 -8053
 1353 -5611
 3246 -8312
 8843 4268
 4606 4819
 9628 8040
 -7711 -9702
 1693 -5130
 -9786 -2521
 4165 1122
 6961 -6487
 -1454 -7566
 -9555 1814
 508 170
 8615 -7311
 9585 1531
 4446 -7382
 3485 -8809
 181 -6717
 2248 -3261
 -3029 2554
 -9339 5330
 1004 -5692
 1192 -3153
 9963 -8809
 -2250 -9894
 3656 -8342
 -4252 -2602
 5013 -769
 -4646 1573
 8033 226
 -4684 -9046
 -2391 -7028
 -4234 342
 823 5421
 -7752 2728
 552 -4345
 8543 4268
 -498 -994
 -9042 2438
 855 2253
 2722 2035
 -8946 6045
 -995 -2930
 -3102 -8654
 1658 2962
 -1374 -2138
 -1142 -1411
 3507 -2533
 9600 -8453
 -9861 -8982
 1637 -4477
 -995 5634
 -1455 -1763
 4204 -4308
 -1860 -3896
 -7048 821
 -8047 -1673
 -309 6247
 773 -8127
 -3718 1751
 -5752 7515
 -5066 7172
 633 -354
 -4894 -1444
 -674 -9298
 -6837 6308
 -236 -2850
 -9261 -9071
 -8349 208
 -1170 -2086
 -3561 7642
 -3407 -2188
 -4277 -1715
 1864 2385
 8998 -9034
 9799 -9036
 1961 3528
 -4606 -8028
 2089 1908
 -3712 -5447
 -1604 3288
 6062 2530
 4240 -8864
 -9391 -5858
 -2049 6570
 -66 5295
 7815 4517
 -5266 -4464
 1719 -900
 6539 -7644
 -9051 -7754
 527 9203
 1673 -2817
 207 7694
 -7068 -3643
 -7084 -999
 -4033 -7330
 -468 9772
 -6307 2513
 -4545 -5199
 4940 532
 9668 -9230
 2485 1231
 3380 469
 9501 -2452
 -2786 -7097
 9390 2346
 763 -1926
 -8501 -5748
 7943 -7989
 2192 2716
 70 -3162
 -5229 1804
 -4596 5898
 -4983 -487
 5797 -5103
 -9713 -4044
 -4219 587
 -2776 -4508
 -3316 8778
 -3963 8295
 -4249 8548
 868 2167
 -7980 8884
 -4101 -1611
 2766 -5790
 1620 2207
 -3489 8228
 6012 4294
 -9959 -5148
 -5578 -9826
 -8631 581
 -9227 -6474
 -6675 8770
 -8470 -726
 3550 6326
 2938 -1646
 -3153 -2880
 -2573 3049
 5026 2631
 -3263 -8864
 1678 -8646
 -8772 4793
 8517 -8034
 7236 -6665
 -3528 8356
 8080 -7029
 -8873 9400
 -1118 -9890
 1248 2655
 -3008 6056
 -3438 3136
 1984 -136
 2496 2531
 -9566 -3868
 -278 -2759
 -1183 857
 8976 1054
 -4117 -5299
 513 -3460
 6162 -7228
 -3278 4208
 -8516 647
 -6763 -5873
 672 -3369
 7498 -4342
 7924 -7482
 -9712 -1070
 -3167 -9920
 -1410 -9064
 -490 8530
 -265 2040
 519 -669
 91 -5772
 4878 -632
 -8325 -7100
 -4849 -6729
 3952 752
 -4378 1915
 2316 4468
 5144 1896
 -3312 -3795
 -338 2382
 8512 4820
 1315 -8621
 -7212 102
 7005 3323
 -9328 1574
 8697 -7604
 -9481 -4891
 -406 7728
 -9605 -9376
 -3262 -3847
 -3081 9644
 -1966 -7477
 4962 1518
 -1297 -7399
 7964 4333
 -5900 2566
 -1303 7149
 -4398 4023
 9417 8339
 7354 -2137
 7358 -8210
 -3456 -5162
 1356 -5993
 9671 -9781
 -4022 1752
 -203 -4911
 1683 -9684
 -8247 -1339
 -8544 8838
 -7602 560
 -1164 -4909
 -4142 -5737
 -2473 3653
 1105 -4908
 -5436 1736
 -9515 -1762
 1063 -8906
 195 2733
 -6239 3476
 -6996 -1212
 -4754 -4749
 1676 8871
 9898 -6184
 -3628 -6452
 6831 -5854
 9152 -8359
 -350 -3160
 1644 -5367
 -3571 1764
 44 -4910
 -7313 -7538
 7354 -729
 -7724 -3479
 7659 -9959
 1729 7684
 1284 1345
 -1295 -2983
 -6700 1410
 -1180 666
 -5798 -855
 7029 2093
 2057 -6568
 -6421 -8748
 5357 2341
 -9483 5843
 -2422 1339
 1074 5996
 2701 -2709
 -9299 -6900
 -8417 -5856
 -2383 -1428
 -5546 1772
 6073 9874
 1297 1739
 -1464 -4234
 -5882 613
 2746 -213
 1618 2040
 3868 -6691
 -7014 -2448
 -8649 -2824
 9042 9047
 2611 -4406
 -3240 -8173
 -4742 -8278
 7560 -759
 -6150 8633
 6250 3755
 -6480 807
 -8594 -8758
 -8033 6265
 -1220 -2614
 -4407 -7032
 -2556 9760
 -7879 -1459
 -1219 9173
 -7524 1214
 -3891 -8693
 252 7825
 -3678 -5020
 -4220 -8727
 -2483 1888
 8452 -3569
 -8570 -5818
 -8036 -737
 -462 1957
 2099 -1850
 6341 3164
 7464 2602
 2086 -4297
 -7222 3020
 5246 2074
 3884 -1366
 -3839 802
 2547 -4664
 -3563 3753
 2386 2032
 -905 -3477
 -489 -6154
 -6987 8679
 -9529 -1150
 -990 -24
 -9719 -2039
 -4022 -5148
 -1603 1049
 -30 2405
 -6888 1664
 -4092 -4600
 -2453 -4025
 -7079 865
 -9120 -1449
 -6825 -5047
 -3894 -8792
 -3731 8241
 -2052 7770
 -4962 -2860
 -1608 -9895
 2250 -5192
 -9303 -7225
 -6574 -1907
 -2347 -9634
 -7074 -6315
 460 -8365
 855 -2969
 -3641 537
 -6949 1651
 -531 -8793
 3633 -5878
 -5575 2940
 -4040 -3813
 5817 3935
 8103 -7337
 -4010 -6741
 -8144 8319
 -9636 -4247
 7143 5564
 2002 2304
 194 -4917
 7758 1708
 129 3583
 -9276 -7285
 -4911 -8800
 -4638 352
 -1303 -9993
 2338 -8945
 -3039 2928
 -296 8622
 5530 8150
 -20 -7296
 7839 7491
 -3637 -4936
 -7857 -6855
 -6399 7
 -7113 658
 -6460 -4333
 -1369 407
 -5269 901
 511 973
 -8795 6344
 -8022 -1609
 -4241 -917
 1004 -9383
 -5441 8656
 7199 -5830
 -5410 2528
 -5159 -8340
 1374 -2276
 -2767 -1779
 2121 -3683
 -7707 656
 1942 3378
 -1548 -5639
 -8317 -7889
 4370 -9051
 -7520 -2679
 1946 -1741
 -183 -3590
 3398 6527
 -1832 4172
 1245 1099
 2200 980
 2155 -9181
 -3558 -1475
 1177 6913
 -6320 6535
 -8428 4910
 -1137 8014
 -6226 -6198
 1334 1360
 -9810 -2705
 -2502 265
 -8511 -4367
 8856 -6814
 7924 -4185
 -8855 8618
 9597 2513
 -7298 -3997
 3709 1776
 7148 -8896
 -5173 -390
 3614 4590
 6826 8372
 -365 529
 -5730 -9707
 -7349 2287
 605 1297
 -2598 4403
 -4407 -7496
 -800 -9046
 -2532 3229
 -5828 -4014
 2437 -6509
 6908 -7530
 -3628 -773
 -9802 -8655
 -2704 -93
 -9059 6874
 498 -8887
 8591 -2046
 -9365 2433
 -3414 -7305
 2887 -1705
 -3829 -9428
 -9737 6837
 -1905 -4580
 -436 4165
 -936 814
 -1791 -9382
 374 -7820
 3355 2989
 2372 -491
 -9581 -7100
 2195 -6060
 -2031 -1673
 -6043 -2135
 7358 -7979
 7773 -8852
 7251 -7419
 -3854 158
 -5769 -9141
 297 1985
 4679 -6390
 4933 -3518
 -5322 -786
 -424 -6139
 -9193 -9238
 510 -7433
 888 -9279
 9291 8803
 9266 7557
 -8735 -8851
 4414 -4868
 2824 9307
 3018 2501
 -265 2321
 -1685 -1693
 -8521 -4259
 2391 -2799
 -3510 -1381
 5100 -6666
 -1496 -6831
 2289 -161
 -7413 -2597
 5353 3175
 4427 -6896
 -3717 -5766
 1644 -3526
 8340 9338
 -5195 -5945
 9684 -8479
 -3355 -7702
 -9470 -1114
 -7935 -1286
 -7550 -5370
 -1486 -5540
 -9013 -4228
 -5172 -4544
 -5068 -7375
 6642 -2387
 -5747 -133
 3482 -3519
 3860 -1089
 -8183 -8652
 -6074 -4584
 -1236 -3557
 -1385 -708
 -6752 -6890
 -3490 -1730
 -6609 -8445
 6484 -5459
 6914 -975
 -6820 -9178
 2672 -2533
 -125 9418
 -9220 -4364
 -8179 838
 -8448 -5568
 -4058 -5509
 -4186 -6173
 -3009 -4351
 661 4448
 -8642 -6014
 -2317 -616
 6315 1935
 1545 -4324
 6289 6866
 -7869 638
 2471 -8482
 5370 -1591
 -3701 2864
 -1294 -10
 -9456 5936
 -9817 -2316
 -584 6233
 -1210 -3021
 -5626 -648
 1209 -4261
 -5905 -38
 -3547 -4772
 2096 -1438
 6296 -8883
 -1694 4953
 -4259 -4593
 1747 5163
 1009 1652
 4624 -9268
 2490 -5795
 -3298 -1792
 -9864 1126
 7508 -9956
 -6796 -1753
 3939 -6486
 -2434 4917
 -2350 1163
 8895 -3641
 -5742 -7198
 -7838 -5152
 849 -5492
 -617 -1718
 3849 2258
 5823 -6976
 -8389 8677
 -4033 655
 -702 9440
 -3082 -3427
 9152 1425
 9879 4555
 -2661 -7843
 -3890 -9258
 -9744 6656
 -58 6276
 1470 1875
 -5423 -6467
 -4828 -6413
 -8004 -8009
 -6288 2049
 3563 -3015
 1430 -827
 2405 3959
 -576 5686
 1422 -7230
 -7612 -6243
 6934 -5564
 1723 -9192
 -335 1671
 -7983 3389
 1831 -5448
 3417 -4864
 -3509 -9237
 -5596 -1866
 -814 -7424
 -1007 -9188
 1661 -6780
 8423 8114
 1303 -6886
 -6336 1738
 -5178 924
 8201 5545
 859 6972
 -1977 964
 -6963 -9681
 -1252 -9333
 -2075 -1460
 6348 47
 -999 7059
 9080 -3555
 1087 2154
 1139 -9205
 -3235 5579
 -1194 980
 1595 -638
 6862 -4409
 -8026 -9133
 -6089 -5123
 973 9019
 8203 2857
 -2518 -8234
 -167 149
 -8343 8907
 -8003 -3798
 -2044 -132
 1609 1936
 -2096 -2146
 2623 -7017
 -5261 2070
 3437 -4394
 1212 -7209
 -9586 -2191
 -3051 7663
 2549 -9503
 9428 -6490
 -4757 -1778
 -9294 -7514
 7603 -5857
 6527 2391
 3127 8535
 5652 -3667
 -2659 5911
 -6264 -4348
 -5826 9864
 -9338 -6838
 -3888 -6756
 -5250 4031
 -8789 3859
 -9731 -4999
 6251 -6500
 1207 -6071
 -4081 -9700
 -7604 -5820
 -8211 1780
 4395 -9252
 -3712 -353
 -3635 -5008
 735 -743
 -14 6534
 5845 9894
 3297 724
 -3027 -5264
 -1427 -8508
 -4534 1778
 -5563 -8200
 -5438 -9898
 -8639 -2934
 9731 -1701
 -1312 4410
 -5998 -4390
 -44 4579
 9057 -823
 -4707 -3156
 -6346 -9249
 884 329
 -2354 -4201
 6153 1847
 1862 507
 -7058 -7571
 -650 -2726
 8405 1140
 7202 -1127
 -1160 -9743
 -4501 -9836
 -5066 -1266
 -6742 -4998
 -4793 -4975
 -5503 -7265
 -4856 7051
 905 -5711
 6264 7415
 8912 6280
 -3577 -513
 5735 -5597
 -7350 -8126
 5590 8624
 7573 -9739
 2994 3501
 -2878 -5848
 7538 -6356
 -9833 -8662
 -6786 -2787
 -3960 1008
 5001 198
 -7690 467
 -6367 -3882
 -1212 -1290
 -5533 -5701
 -6717 -2639
 950 -7376
 -9143 939
 -9297 -8227
 9325 1635
 -9061 -1674
 -7478 -4525
 -6051 1390
 -6296 -1130
 466 -2615
 -4354 295
 -4320 -8119
 -367 8875
 5925 375
 1187 5681
 -9838 -3971
 -7643 -7720
 -2725 -9044
 -6445 -7022
 6702 2472
 7493 -9176
 -2556 -8254
 9720 3199
 -3370 -1376
 244 -5095
 -4814 -9754
 7286 -1570
 974 -2097
 -831 8221
 -9026 -1987
 7322 -1363
 -8832 -5325
 -1514 1818
 1886 -4163
 -431 -1507
 -616 -327
 5125 -311
 790 1107
 -6541 -2097
 196 1003
 -765 9947
 -6748 1181
 -4653 -5730
 5278 -8416
 7724 4144
 -2318 -3826
 -1647 -9867
 2616 9413
 -7044 2173
 1065 -6707
 553 -9774
 -4427 -8934
 -5516 -2352
 -3335 -7723
 6850 717
 -4175 -1545
 -3428 -1341
 2418 9623
 -8480 -18
 5076 515
 -6982 -788
 8525 1586
 8275 -2898
 3428 -4611
 -959 -6290
 -8733 -7230
 998 -5763
 3118 -1389
 -8483 7653
 -1836 7312
 302 7780
 -4285 9645
 -7098 -7363
 609 -8807
 -6907 8278
 -7656 -4510
 -8009 -7078
 1683 563
 9445 -1279
 -921 -5215
 -3542 -2447
 -8110 -2236
 3756 9894
 -1878 -6998
 -315 -1490
 3023 616
 -2943 6839
 323 -5263
 7019 -1299
 -7908 1102
 -4281 -7586
 85 7107
 -3674 -5536
 -19 -9929
 -5713 247
 -9459 5754
 1379 -4848
 -4096 2429
 -1018 9873
 -9518 -6328
 -6635 -5740
 -6380 6187
 -8513 -6576
 -3337 9873
 -7534 2300
 2375 6909
 -3181 4495
 2322 -3602
 1392 -8342
 5349 -7800
 8060 246
 -7429 -4817
 -814 1489
 -779 -6732
 -4806 7401
 -8882 1555
 -3851 -2431
 2504 1435
 -1966 3609
 -5526 -7312
 -7998 -1421
 5007 6830
 -9525 -8369
 -5898 5902
 6241 -6918
 -4576 1388
 1617 -7703
 955 -1301
 -9986 -8128
 2392 -5328
 8211 9013
 -8028 790
 847 -903
 -5899 -2171
 -1565 -456
 -9950 -4905
 4837 -7624
 -5224 -1336
 -7460 -5750
 -8501 -7577
 -2564 414
 -5814 4429
 -1352 -5642
 -5802 -1039
 -7854 -4864
 -9390 -9381
 -7786 1790
 480 2552
 2247 -4632
 -2524 3022
 -7206 3925
 712 -560
 6626 -74
 -7188 -1900
 2764 -8382
 -2858 -4028
 -2005 3323
 1319 -1231
 -4329 -604
 -4335 -3697
 -8621 -1253
 -757 8507
 6987 -1110
 3398 -6015
 -1176 -1868
 4634 -8514
 -419 -8
 -732 2339
 -4992 -7310
 -9581 -6822
 -4574 5253
 -9150 3595
 1848 2872
 -4384 -5793
 -5194 8159
 -8555 3624
 -2806 -5670
 2763 9785
 -389 8484
 2975 3737
 -8969 -9466
 6689 2815
 -8203 -2935
 -2147 -5323
 -8694 759
 3542 9826
 -4057 -4488
 -9933 5541
 -9561 9823
 511 132
 5473 -6999
 -4115 4262
 8287 -4026
 -1415 6557
 -10000 -2415
 -4748 1959
 3009 -9051
 -7839 -5513
 -6423 -527
 4092 -2223
 4357 9450
 5529 -6446
 4260 -3935
 9430 -6438
 1667 -905
 2378 9347
 8220 1296
 2653 -4177
 -198 7460
 -4003 -3955
 1968 -6245
 -8242 2004
 -6359 9144
 -255 9104
 3588 3160
 6632 -7236
 1146 -4525
 -5625 7766
 -8544 -4404
 -9872 -6319
 -2893 8073
 -536 1478
 -9105 -745
 910 -8113
 1634 -8803
 1696 -4939
 1090 -2136
 -3887 -8504
 -7269 -950
 8 8847
 -8373 -924
 -4855 -8799
 3409 -7522
 -7288 980
 1442 1632
 -88 2356
 -6914 5532
 1893 6805
 -7517 -4661
 8075 299
 1826 -2408
 7017 3834
 -8689 5796
 9130 -437
 -2404 9824
 -4605 -6209
 327 4255
 -6904 -1080
 9330 9327
 581 6835
 -1805 9476
 3722 -4152
 -3153 2711
 -4507 -4808
 -6270 2384
 886 -7890
 8703 -9855
 704 9413
 2175 5043
 -9058 -1466
 -3531 2019
 -3181 1895
 -7617 -3729
 -7795 3254
 -6459 752
 -4573 -8678
 -1476 512
 -8647 857
 3147 2244
 -7566 7158
 -7953 -4529
 -1187 -1828
 1505 5884
 3375 -3267
 -9477 -9123
 -4524 541
 -434 -6884
 -3993 -9299
 3327 -6754
 -2018 7510
 5427 -3289
 -660 5558
 4837 -3332
 -4671 -8884
 -2341 -3540
 -4939 -9960
 6616 8529
 -4890 -226
 -4076 -5070
 -1411 3084
 4329 -883
 6615 -4612
 -6449 -9708
 -6846 2877
 7050 -620
 -1337 -3507
 5282 -8674
 -953 -1463
 5140 -6816
 1961 9098
 806 148
 -4110 -5402
 7745 -9507
 9592 -7523
 -4837 -4597
 1776 -3592
 -1135 -8343
 333 -85
 7072 -9585
 332 -1028
 -2486 6649
 -5428 -9017
 -4613 8413
 -1315 -1153
 7506 -6923
 5817 474
 -8841 -507
 -6219 -8825
 5811 1915
 -7973 7810
 -6656 -8719
 -6990 -8534
 2239 -9063
 -4674 -7537
 -7544 -5480
 8721 -8109
 1511 -6893
 1527 -8440
 6 3178
 -204 -7041
 -7161 5443
 8023 -2042
 339 4841
 -9468 2470
 -3211 -1646
 4279 -8429
 6572 7305
 2539 -6326
 -6314 -7292
 -3148 -5421
 -8749 -4969
 5206 -7575
 -1333 -9877
 -3633 -3525
 1549 -6705
 3032 -7535
 411 -7313
 5197 -9772
 -1885 1765
 -7416 1832
 -3278 -4082
 -9067 5530
 -5370 -5924
 -7519 799
 6977 501
 -1579 2077
 -252 -7629
 8547 -1816
 -262 4075
 4190 -1753
 2708 -6636
 4750 1310
 -3210 4998
 7747 236
 -9296 1
 -8984 -5036
 7248 2323
 -9635 -7043
 -7947 -8108
 2367 2964
 -5753 -8846
 -5431 6744
 5157 -1644
 2145 -9802
 -2754 184
 -3350 3667
 -2906 -5090
 414 1323
 6912 -1364
 -5664 1368
 4609 681
 -5683 -75
 -4395 298
 1975 -1372
 9827 -3723
 -3636 941
 -6769 -6877
 858 -5368
 -3330 1730
 -426 1853
 -5152 4220
 -6341 2728
 298 858
 -4336 6691
 -4223 -9590
 -9812 -5954
 -8291 -7072
 -4385 -109
 -3667 -6885
 -1047 3289
 2615 -4148
 -3952 -4908
 -3804 -8431
 6638 535
 -73 933
 -6483 -1119
 -3736 2493
 -3846 -307
 4359 2123
 -4754 -3285
 1218 -9559
 3250 7432
 -8594 -8270
 -7322 8692
 -4898 -9872
 -2786 9186
 -167 -3
 -6832 3665
 -694 8803
 -3251 -4787
 9786 5799
 -404 -624
 3580 -5370
 6094 2029
 -9466 -4515
 -386 3055
 -566 2159
 788 -579
 -455 69
 6217 6976
 -2354 6767
 4765 7304
 7344 -3279
 5817 -2741
 6028 -3391
 2592 3697
 -9684 1389
 -7459 4846
 6181 -6436
 -6304 -2996
 -3471 -7050
 8328 8019
 6688 -8761
 -7200 9412
 2891 -447
 3280 -6719
 -2998 703
 -7669 -9870
 7462 -3505
 -4976 -1171
 -7343 -1612
 -8946 6989
 7573 -3073
 2790 3619
 -949 -7223
 -4265 2324
 -5204 -9314
 -1644 -6495
 -7923 -6730
 -4164 -7228
 8488 -5747
 -6141 4029
 -9899 1225
 -8331 -1110
 -8286 1186
 -772 -5254
 -6142 5315
 -4416 7591
 -1474 -6967
 7119 1912
 2774 -940
 -2757 -2802
 -4061 1790
 -8692 6530
 -2470 550
 238 6378
 -5704 -364
 -181 -4772
 -6055 -136
 -6145 -9224
 -6387 2353
 3209 5440
 4357 1877
 -2116 -3256
 2128 -1680
 -7520 -8940
 -2002 -250
 -1257 7872
 -9158 9053
 -1034 -8005
 3342 -8545
 6305 8601
 7493 6396
 432 8009
 -7169 -7474
 -76 2785
 -9651 -5982
 218 -5247
 -8286 341
 -4850 -41
 -6221 27
 -9534 -5247
 -9029 -4507
 -7154 -8974
 8542 -574
 -7781 -5608
 -2895 -4025
 6427 -6212
 -2763 -3380
 -389 1385
 2189 -2632
 -2534 2350
 1099 8832
 -2916 -6647
 -3676 4585
 -3333 -6819
 -3604 -4908
 -9923 1798
 -6459 251
 2125 -2386
 -7183 -3208
 -2333 1629
 4779 809
 8484 -9447
 -3630 9328
 -8559 -509
 4750 -1380
 -4903 5642
 1486 1904
 9108 -4673
 -3055 -6504
 -5557 -604
 -1722 -9855
 4953 -1109
 -7915 8528
 8472 -5445
 -8864 -5276
 1011 2902
 -7614 -2966
 1381 -3752
 -285 -6772
 -5349 -6717
 -5626 1060
 2458 -4134
 -9182 5275
 -2071 -5654
 -7601 -724
 -5721 -9680
 2473 3214
 6141 5079
 9649 -4630
 9273 -4192
 -1521 -9039
 -167 -3642
 -1213 3508
 7813 -8574
 -1455 6729
 7075 2669
 -543 -4459
 -2555 -7801
 1449 -4854
 2598 -3565
 1578 -5330
 2998 -822
 -5990 -5218
 9330 -8237
 -8958 -5326
 -4298 -1466
 -4790 -1532
 183 -5799
 1202 -371
 -1268 3681
 -6654 -370
 2254 -3924
 -476 -6537
 -8255 -4681
 5584 -9821
 -7662 5507
 -5497 -8733
 -4319 9629
 8837 2268
 -5153 999
 -558 2579
 7195 1397
 9207 3304
 1688 -714
 -3081 -9121
 -6651 9337
 -6177 -1337
 71 -1881
 -5833 -5996
 -1929 9110
 8477 432
 1011 -9408
 -4271 8436
 -6034 5134
 -2353 7248
 -6804 -5575
 3621 6832
 -3028 -8203
 4798 -7712
 -5851 -5946
 3294 -9487
 -9804 692
 6129 5784
 -3884 -7002
 3045 2421
 -2610 4489
 6296 -7110
 -5644 -1390
 -6293 -6678
 2217 5125
 -5183 992
 -478 -1195
 -7579 -9804
 -716 -8596
 -4474 -9126
 -9693 4367
 8810 -2132
 3299 4314
 -1602 1578
 -2148 -9967
 -3053 -2721
 -8304 1112
 -2809 2533
 1049 -9470
 -1341 4684
 4119 -2228
 -3293 -1066
 8073 6017
 7516 -5721
 -3368 -7673
 -1383 -5797
 -3523 -9863
 9253 56
 -5063 2739
 2447 9094
 -8149 9199
 1195 -2308
 2305 1838
 2999 4669
 -3889 -9254
 4701 -3711
 -1152 -7255
 -3874 6202
 8809 5828
 -3826 8463
 5314 -760
 -1187 -118
 -5319 -5299
 6007 3035
 -6049 6
 -690 -4462
 -6842 4521
 -7757 -3919
 -5042 9327
 300 -4632
 -2500 1533
 -6751 -4780
 -628 1220
 -4904 -2382
 -9207 358
 -8731 2678
 9882 1724
 -996 -8622
 -1185 980
 -6711 542
 -2564 1660
 4767 5049
 -4076 -6554
 -620 -7350
 -6980 -3322
 2125 -5140
 582 6456
 -1447 1867
 -317 4808
 -7908 -600
 6033 -8686
 -7030 -7069
 -4089 1927
 -3171 152
 183 -2989
 -9087 -5909
 3513 -3555
 5517 -8543
 6177 -6993
 6423 -6321
 2579 4025
 -7577 -5226
 -7402 -1969
 -6772 2702
 9264 -2312
 335 7460
 -7126 -3412
 -188 8543
 -4463 5204
 6377 -3705
 1962 8725
 -8472 9575
 -8675 145
 -9762 -1711
 -7119 -1875
 1091 -8477
 -9254 -5295
 8190 9195
 5431 2829
 2721 6438
 -3082 -8286
 3961 7404
 5372 893
 -9605 -6159
 -9149 -1592
 -9050 -2109
 -2496 1633
 -4921 2364
 1041 -8255
 4060 -5068
 2413 -3930
 -8834 788
 5662 -907
 -8198 9139
 1133 -9160
 7012 -6598
 -5822 -8696
 9092 9002
 -3315 1296
 1687 4769
 8801 4367
 -4164 -3879
 4801 -8099
 5413 -560
 1086 -9967
 -5907 -8464
 -5281 -764
 4501 7687
 9249 -2002
 389 2549
 6402 -1126
 2743 4466
 -8103 -1450
 -1705 -1050
 -2617 -7254
 -2048 -7722
 -6476 -7059
 4470 2924
 -747 -4716
 905 -9970
 -792 -8530
 -8869 9645
 -9011 -2099
 7307 -6557
 -8306 -731
 -5240 1532
 -7427 -5607
 8327 8278
 -3581 9812
 -3878 -6362
 -4557 852
 1823 636
 1253 -2803
 568 8871
 898 -7346
 -1699 507
 -6885 -451
 7950 -5038
 -8481 -5303
 5867 -1870
 4206 6721
 3239 7886
 -4377 -2786
 -6695 -434
 -4888 2951
 3573 6388
 3479 -1963
 -4006 183
 -9060 -8298
 5998 -5775
 -5582 -4463
 7176 1186
 -163 -6265
 -6228 2890
 8479 -8158
 -7941 9595
 -8219 -1560
 -7700 -6894
 -5529 -7729
 55 836
 9137 4570
 -1904 -5322
 -8484 1846
 8763 1807
 863 -7473
 -9859 -3821
 -5332 -4956
 -2830 -472
 -8105 -5003
 -194 -1477
 -3022 7742
 -2170 -3769
 -5088 -4283
 -4066 84
 -5626 -3144
 -8986 -6562
 -4858 -9998
 -877 -7080
 6985 -5056
 1257 -8592
 -743 -8286
 -6705 8853
 -4391 -5357
 -3709 -1994
 -4399 -1428
 940 -8883
 -8765 -5147
 -6511 5277
 -6589 -5890
 6281 -5833
 -9235 -6625
 1458 -734
 9102 3323
 2534 -9252
 -3578 -9351
 202 -7971
 -6319 8341
 -9494 -3940
 1378 -4316
 -7389 -7595
 -8943 -2633
 -5955 -375
 1176 3522
 2180 -1019
 -2951 -2083
 2992 -2363
 2016 -5109
 5025 -4772
 9714 -9894
 -6575 3664
 2075 1866
 -374 3426
 -49 -8080
 -6729 -6987
 -6483 -2594
 -198 -8180
 1091 -3139
 -323 7157
 3065 1978
 1578 -1562
 7688 168
 2173 -8599
 7307 -5948
 -4582 -2924
 2233 -2568
 -6660 2393
 -237 -6149
 -8082 -3035
 7673 6238
 -3234 -9852
 -1790 -1366
 -8400 -1341
 7851 5733
 -6865 -6244
 3343 -9195
 6024 -245
 9912 2633
 -9159 -2874
 -5707 -4140
 -826 -6130
 7404 8348
 -6960 1823
 -6222 2515
 2305 4558
 1945 -3422
 -1847 2065
 6281 -3922
 109 -9661
 8979 1400
 6173 1923
 -6911 2941
 4391 5115
 2098 1350
 9067 -4890
 -4732 3202
 -4337 -4780
 -7469 -5360
 -1965 -6230
 289 3355
 1607 -1340
 -5578 -8566
 -3427 1992
 -6804 6039
 -2504 -4109
 -4095 -4452
 -5776 5556
 -6441 1975
 -8848 -9987
 -3588 8328
 2298 2579
 1634 -3147
 -4615 -1489
 5941 -4871
 -785 -254
 -5431 9756
 -4820 -7726
 -7751 -903
 -5150 3917
 -2641 -4536
 -4003 -644
 8321 3070
 237 8246
 -7652 -1682
 -856 3256
 513 4310
 -2032 -6317
 -5033 4407
 -9393 7208
 -8550 -926
 522 5424
 -5165 7451
 5044 4479
 -3637 -1703
 -2207 457
 -9249 -3574
 -8258 3621
 -297 5889
 -7455 -9488
 5524 -6967
 2971 1429
 -4152 -8455
 -7276 -2194
 -5749 -3123
 4729 -1916
 6668 -9999
 -8723 -6597
 -3292 66
 -5014 -5103
 1489 2033
 1124 -6076
 6593 7816
 2633 -651
 4557 1902
 -7472 9805
 -4504 -464
 -6098 1663
 4889 -6214
 -2035 2956
 -9658 -7902
 -6021 1227
 -9775 -7056
 8322 8747
 7686 -9190
 -75 -3535
 -2155 -7958
 847 -3674
 -8323 -8058
 -2303 -2250
 5643 4976
 -7519 499
 2082 9131
 -2262 -7304
 -8870 -9249
 -9531 6838
 -2962 -1444
 -5341 1735
 -5455 8902
 -7826 -4856
 -95 -6455
 -5156 2664
 2205 -1204
 -1650 -1703
 2973 -9298
 -1200 -3888
 -489 -3988
 1152 6667
 -4728 -7296
 5881 5518
 -8139 -3569
 -5468 4083
 7246 4326
 8662 -9215
 308 379
 -1896 -8485
 -4324 1721
 -5205 284
 -5932 1504
 -4698 -1533
 -5146 -8886
 -4898 -7734
 -1796 -8117
 -3500 -3462
 9698 -966
 -4672 9958
 7090 -4745
 3664 -982
 -8726 8132
 -9285 -1602
 3684 -8619
 -468 940
 1952 -561
 -1276 3897
 -7743 -6356
 -2945 6860
 -895 -9155
 -5867 -2644
 -6911 -9037
 -8765 -4724
 -8136 9249
 -4089 3623
 -3848 4218
 -4942 7366
 -3153 8288
 -6086 -3160
 -7066 1887
 4625 -9343
 -9677 -2378
 -5420 -319
 -8916 -2568
 -7357 -9573
 -6151 1620
 1785 -9696
 -8980 -5168
 1750 -2265
 -1548 2363
 -9705 -9798
 -6128 -9247
 -4878 76
 -3678 993
 -6882 -2780
 -955 608
 -9235 -9628
 -2975 -2156
 -257 -3934
 -8580 -1714
 5851 -6949
 -1551 -1420
 -7050 1642
 -7353 4872
 885 2933
 -1987 2511
 1210 1161
 8866 3799
 -519 6727
 -533 2034
 -147 5664
 -5976 3296
 4553 -6052
 1229 -5965
 593 320
 2392 -4107
 -3093 1074
 -6923 9221
 -8048 4150
 -5894 -7103
 3464 -7654
 2042 649
 2516 -5958
 -9228 -6207
 5741 -7877
 691 -9386
 174 -99
 9205 8902
 -3732 -7823
 -4316 5242
 -5361 7494
 -4148 4212
 -4739 -7769
 -6389 -6608
 -2350 -3319
 -1908 -2234
 759 -1151
 1139 3918
 2608 -300
 -2510 -7321
 -4809 -7532
 -957 -7239
 -1494 -87
 5879 -2118
 5410 5548
 -5622 -4368
 -7773 -1287
 1275 404
 -423 1189
 7805 -3938
 -5502 -8595
 -4442 -5699
 -6742 -7758
 -3920 6279
 8246 -8766
 -6529 -4398
 -1665 -6344
 -3489 -7613
 6570 -2712
 -8109 -570
 -6546 -1293
 -7894 -5506
 -3469 -4350
 -7439 -9636
 -568 5074
 817 -7148
 7019 -6200
 -1519 -6704
 -9335 -2444
 -486 -421
 -8213 -1111
 5896 -8021
 -5106 -1489
 1427 -1479
 7221 -8606
 8884 -8526
 -8903 -6767
 -7863 -3766
 -9206 -6711
 -4299 -5737
 4689 -7594
 -4786 -6562
 -1901 4358
 -7374 5349
 -8100 -1553
 1498 -4747
 -7109 -4846
 1264 -39
 -6198 -5981
 -7707 -7450
 -9390 2145
 1216 -1021
 -50 396
 -3150 -5152
 2155 -5610
 -7826 -6231
 -3878 -5831
 -7329 3680
 3457 -4823
 -7981 -8508
 -437 1034
 2261 920
 2347 -6937
 8804 -797
 446 2393
 5023 -6255
 -1974 2765
 -7426 -2653
 9139 1164
 6026 -5019
 -6012 7796
 -2748 989
 -9040 5508
 -9430 -3740
 -1122 -6626
 -8293 -5736
 -1761 -9935
 -6092 -7279
 -1757 -2738
 -2937 -1904
 2191 4474
 166 -6271
 -7482 -210
 2137 -3749
 -1297 -4871
 4092 -6366
 -8136 -4347
 -5535 7833
 -6057 -1507
 -1833 8979
 -1487 -7860
 530 -9531
 1726 -8952
 -6815 8517
 -8498 7406
 -2682 1004
 -9915 -9201
 -4317 9248
 1037 299
 -9896 -5903
 3436 -2885
 -7123 -7073
 -9646 7895
 1130 9414
 728 2126
 3824 -2477
