100 100
30 77 4
17 70 2
22 82 2
24 66 1
68 94 1
77 78 0
22 72 0
10 46 3
23 58 1
1 10 2
44 47 4
36 82 3
21 31 3
85 94 0
26 81 0
37 79 2
43 47 2
3 31 1
72 90 4
11 29 2
1 9 0
15 53 2
37 89 0
5 65 4
62 62 2
16 35 0
12 92 3
30 80 0
15 76 0
59 73 2
49 66 3
4 26 3
56 76 3
30 34 3
65 86 1
61 76 4
3 42 0
31 36 3
48 66 1
23 27 2
40 70 4
17 80 3
22 88 0
51 63 4
35 79 2
3 72 4
55 67 0
32 74 4
3 4 0
31 53 3
55 58 2
18 56 2
43 82 0
31 44 3
62 86 0
11 80 0
6 91 2
20 75 4
26 56 0
77 80 0
11 85 2
1 81 4
54 62 0
53 88 4
9 47 1
11 52 2
15 63 3
45 46 2
18 99 0
28 29 3
76 95 2
53 63 4
85 89 3
13 20 0
74 82 0
55 98 3
53 75 0
4 53 2
1 71 2
5 66 4
20 86 4
5 72 2
55 92 2
13 78 1
49 91 0
71 90 4
21 83 0
20 59 2
44 56 0
56 62 4
12 46 4
49 51 3
4 36 0
32 92 4
74 74 3
50 72 4
47 96 2
23 85 3
42 62 3
37 94 2
