100 100
3 3 17080853
4 87 0
22 75 17235384
43 83 0
25 31 61322716
5 24 27820598
30 69 14852660
10 11 73946661
7 42 49412899
6 32 42162670
20 55 52865521
9 37 0
3 70 62952202
15 71 0
87 95 76187586
21 25 0
61 88 26651061
15 68 0
39 72 30204853
20 30 23468401
23 75 59567797
36 58 38413663
8 92 69387948
71 98 31172505
17 96 0
2 37 53528298
40 75 10508999
43 73 14579435
43 48 59810113
53 60 20676859
30 87 73724464
30 44 57545767
74 79 18620915
21 60 1367624
27 77 78644540
55 67 0
10 18 167608
52 70 28492194
22 69 17843996
11 36 7968946
39 82 37991375
35 58 0
17 77 83476385
30 42 0
44 65 14019588
29 68 710766
1 15 0
54 74 0
21 22 36982964
8 16 3573928
17 58 0
47 57 18429819
59 65 38159196
43 57 34526393
5 35 37050422
5 46 0
43 93 49504478
82 90 18250035
42 96 61504288
56 81 67084779
72 78 48160243
19 61 0
50 94 19925390
13 51 0
20 68 67400051
51 53 5017541
36 56 52539752
9 45 82207636
19 40 67182028
11 63 53359507
25 77 85021491
24 47 41224917
41 71 66270867
67 83 59353305
27 59 54447858
7 79 8843589
21 73 1410528
66 77 0
23 55 89348649
57 62 0
12 62 66072009
31 31 0
20 50 0
26 39 3761073
71 82 67926188
20 53 69001549
40 85 0
50 75 76900790
4 47 41998715
46 55 65013264
10 70 0
76 99 0
8 77 0
2 27 15913744
70 98 41998766
15 99 10576265
3 35 40805000
41 59 80549522
8 88 14756917
16 91 0
