100 100
40 40 0
25 97 2
18 53 1
6 56 2
27 73 4
4 48 1
50 78 2
87 88 2
74 80 0
14 96 3
51 75 0
29 41 4
61 65 1
56 63 2
34 89 2
5 38 1
25 74 2
28 79 4
7 80 1
87 92 0
60 91 3
45 86 2
19 35 3
15 51 1
39 54 2
37 74 4
22 38 1
56 86 1
23 91 0
37 63 2
66 94 0
29 66 0
33 91 2
76 76 1
20 92 0
30 51 1
30 95 3
13 58 3
10 50 4
27 35 2
7 38 4
49 70 0
30 67 1
59 72 3
34 86 3
25 66 2
36 51 4
40 56 4
38 62 2
80 84 3
14 74 1
17 91 0
75 86 4
59 76 0
11 86 4
33 41 1
43 44 0
20 58 4
64 84 0
51 55 2
80 97 4
57 64 0
28 85 4
9 42 4
27 82 0
21 96 3
11 43 0
7 9 3
68 82 4
29 39 0
79 82 3
5 45 4
6 43 0
36 88 1
72 78 1
20 37 1
5 37 4
56 57 2
20 28 0
20 96 0
50 96 0
39 93 1
9 42 1
19 88 3
2 40 1
2 87 4
2 68 4
82 97 4
29 75 4
17 33 3
68 82 3
39 78 1
30 43 2
5 18 0
29 34 4
16 65 2
47 51 4
34 72 1
39 78 0
32 85 0
