100 100 1916
4 3 2 3 0 2 6 9 8 9 1 0 5 2 4 9 8 8 0 8 1 2 6 8 0 9 7 5 0 4 5 2 6 2 0 6 1 2 6 4 0 1 9 6 7 0 3 6 1 6 7 6 8 3 7 8 1 8 4 2 9 6 9 7 2 7 6 0 8 4 2 8 5 8 9 3 7 5 7 1 6 6 8 7 0 3 2 1 2 3 7 4 5 6 5 7 6 9 0 3 
0 5 8 4 6 9 7 7 5 3 4 1 5 4 0 6 6 9 1 0 5 2 2 4 6 2 0 7 0 2 5 1 3 3 9 5 9 7 5 2 2 1 7 8 4 9 6 9 8 3 7 5 9 8 0 2 1 6 2 8 6 8 7 2 4 4 9 1 4 2 6 2 5 6 8 4 3 4 3 1 5 5 7 0 2 5 6 7 0 0 3 4 0 0 7 4 5 2 7 3 
91 9
83 72
47 94
71 47
69 4
29 56
69 57
83 100
78 92
39 92
5 44
41 88
67 75
49 49
4 79
9 43
14 5
23 14
70 84
55 26
1 13
32 49
100 89
92 79
24 50
1 16
36 29
94 41
34 71
14 56
54 58
59 81
64 7
90 13
3 70
58 14
64 2
6 39
69 25
83 22
59 6
38 67
91 45
86 23
68 14
40 76
16 18
24 63
91 15
71 99
16 31
93 36
19 78
13 72
63 55
51 61
9 71
74 99
72 40
90 39
90 10
71 95
99 67
14 52
63 46
44 18
28 71
11 74
17 71
5 33
21 22
17 47
40 75
48 70
73 83
62 9
75 77
93 4
41 20
65 73
86 88
90 68
62 6
29 37
85 88
36 31
74 80
19 22
56 17
47 36
9 57
16 60
54 8
11 53
22 77
80 65
31 61
14 78
30 49
90 48
33 35
54 43
60 72
86 58
18 25
30 7
13 91
91 99
44 43
58 64
50 1
21 45
93 88
89 46
76 63
72 13
3 15
12 28
14 41
79 40
96 21
61 9
50 7
2 75
69 53
48 17
72 97
77 55
73 76
61 85
62 51
83 18
99 42
88 75
30 90
64 33
85 51
71 12
39 46
19 80
90 42
92 35
53 98
8 1
94 50
17 93
60 58
7 37
28 52
2 83
45 72
3 41
3 50
6 38
1 95
40 34
29 75
86 56
32 78
46 49
37 61
56 84
47 75
28 44
55 9
22 2
34 86
58 67
23 87
61 96
4 18
67 32
94 79
6 42
54 95
19 8
5 89
36 95
43 7
94 52
4 2
68 34
24 89
47 85
76 82
51 55
63 40
89 11
81 70
38 13
20 22
92 75
88 46
71 1
54 9
86 18
40 36
37 59
92 17
31 36
79 11
22 63
92 20
37 18
49 8
45 75
75 71
18 22
28 80
100 49
86 34
38 6
23 15
92 100
55 88
42 85
70 6
49 45
86 80
71 40
42 5
9 70
93 94
24 59
2 23
71 13
55 4
79 37
54 29
11 22
21 54
25 58
23 26
32 55
77 69
51 73
6 3
47 72
46 83
88 97
91 40
86 40
22 19
57 48
96 48
96 41
32 39
48 13
68 57
42 86
46 32
85 46
11 1
71 10
53 63
90 23
41 40
82 48
22 86
17 32
94 82
83 88
54 98
81 65
32 94
26 29
34 93
91 81
48 58
29 9
93 48
14 45
32 85
16 37
45 60
58 16
28 8
18 53
56 94
60 17
45 28
50 76
49 35
45 10
37 64
43 54
31 17
37 42
79 89
85 37
97 75
54 33
79 87
10 30
61 72
37 49
4 44
11 18
69 82
45 96
65 98
70 41
61 60
59 64
59 86
7 1
57 35
93 86
19 15
75 28
28 42
24 96
41 52
24 74
28 62
94 90
70 76
44 17
35 99
9 12
94 37
53 82
79 54
12 79
44 99
69 24
81 4
95 49
35 40
82 54
15 24
10 36
47 52
31 35
28 20
41 74
32 14
39 95
10 46
18 48
56 14
47 12
10 87
26 34
19 47
29 65
32 69
21 42
44 39
69 18
52 98
33 92
12 98
16 6
90 58
46 19
48 62
39 5
16 96
24 98
3 64
71 85
3 23
52 54
23 37
27 40
27 65
20 14
91 97
6 99
38 52
83 39
95 84
34 82
29 91
46 43
58 70
59 17
9 14
55 21
13 46
8 55
46 45
15 1
40 35
4 30
77 61
92 52
44 96
29 58
31 78
53 56
10 50
100 41
84 5
46 70
13 41
13 88
48 41
59 13
6 100
30 35
51 21
24 2
60 15
8 34
42 76
86 32
94 21
24 8
48 21
51 72
52 20
50 18
63 23
79 17
94 40
67 4
64 100
39 40
70 55
64 11
26 44
23 72
6 50
33 29
95 91
60 99
3 42
67 53
22 82
87 4
15 28
43 41
75 89
88 26
68 2
12 66
91 96
96 67
66 96
44 7
72 53
80 95
77 83
40 17
2 52
47 76
48 49
64 76
45 100
84 21
96 55
20 17
36 24
54 92
71 58
77 3
11 34
26 74
14 7
64 79
94 19
43 23
62 7
44 5
79 64
63 12
79 15
77 7
88 36
85 10
7 43
28 45
51 35
90 50
64 98
70 53
74 57
43 6
65 91
28 3
10 11
74 65
79 42
95 97
1 58
39 82
56 85
18 47
12 16
16 66
4 29
92 90
8 7
45 68
31 3
43 89
44 73
88 49
14 85
13 79
29 100
37 7
28 96
18 12
23 67
47 77
75 83
34 38
39 73
6 30
29 35
68 90
54 38
33 64
90 24
47 89
5 15
61 77
16 16
77 46
71 43
54 16
77 16
84 93
18 94
34 51
55 94
91 52
58 79
75 12
94 4
76 11
34 69
96 63
72 74
96 78
31 60
14 98
61 58
31 91
34 48
42 80
36 72
92 69
64 95
45 43
70 7
86 45
61 40
91 71
53 99
44 34
35 48
94 5
46 35
51 79
23 33
64 70
24 45
77 99
90 28
22 99
98 91
36 74
85 38
41 26
14 38
8 19
4 27
49 28
57 64
4 90
52 82
16 51
70 85
28 48
48 96
39 18
75 42
76 33
22 29
35 22
77 60
49 9
28 9
98 55
16 75
19 20
12 9
96 95
80 99
59 98
43 66
62 72
45 51
13 76
3 74
45 21
7 77
36 94
3 76
78 24
84 62
39 47
39 44
62 29
75 70
27 73
94 65
1 26
81 99
78 23
64 30
94 49
54 63
10 68
93 20
6 47
56 36
42 94
55 19
35 1
84 89
52 38
47 10
43 10
49 74
67 78
55 50
16 19
64 24
35 74
22 11
28 2
81 96
79 33
66 49
11 58
100 98
42 63
26 19
39 78
89 99
88 3
38 87
24 10
24 21
70 9
7 45
16 65
21 98
68 22
9 81
28 94
55 32
81 86
40 74
98 64
88 69
86 50
4 96
73 26
32 93
21 66
34 94
1 48
15 21
13 87
74 74
15 19
63 38
1 70
75 80
94 17
17 90
58 29
58 32
24 38
13 65
55 83
24 70
95 39
83 75
63 62
81 38
65 31
82 45
96 34
57 43
51 3
17 12
83 7
81 60
73 69
61 3
51 20
52 47
13 60
71 53
26 23
79 35
91 69
82 58
45 30
38 19
85 54
79 43
37 74
25 72
71 88
90 80
52 67
64 57
6 53
100 68
68 31
3 69
29 28
18 18
51 42
35 58
21 40
17 66
33 31
65 20
54 35
24 100
65 33
38 86
64 22
72 77
40 66
36 33
4 15
54 41
24 83
90 76
43 93
7 100
67 76
82 74
59 56
29 25
71 84
11 67
60 9
54 46
80 4
63 100
66 79
22 42
9 9
37 79
3 98
9 48
56 75
68 53
79 83
57 22
41 27
7 56
28 77
8 22
87 90
68 45
15 99
42 39
85 97
67 71
90 85
56 37
81 37
52 21
24 24
82 2
1 27
77 74
100 37
27 25
73 74
27 12
9 51
95 38
58 99
52 29
80 66
88 82
79 95
54 48
9 64
42 54
19 60
36 1
14 34
28 38
53 52
40 10
75 87
98 2
80 83
27 84
92 26
10 13
3 56
36 60
69 60
54 90
78 12
5 41
3 100
25 19
2 67
2 72
65 69
11 59
76 32
20 42
64 88
7 63
38 83
94 95
61 37
18 35
10 8
29 68
58 46
89 7
90 26
91 78
58 77
1 51
3 59
95 76
18 72
63 6
84 49
48 87
50 2
22 98
3 90
100 43
50 20
96 49
79 62
11 81
70 12
92 6
5 65
62 99
86 25
99 98
45 6
75 21
53 23
26 93
54 21
23 75
56 100
95 82
94 12
22 46
17 56
80 51
58 95
6 69
53 13
56 99
16 100
94 1
55 60
90 90
65 47
33 45
67 61
11 80
75 76
8 42
56 35
68 86
84 36
23 17
86 42
54 30
5 92
33 68
44 63
21 16
20 53
39 37
75 79
93 52
6 49
65 51
65 36
16 89
26 49
97 59
90 6
72 57
96 89
7 35
51 95
78 4
12 46
13 8
91 56
88 1
90 53
71 6
70 70
47 28
29 24
49 29
56 98
93 72
46 41
57 76
10 62
85 62
6 80
50 58
69 35
18 33
66 66
66 53
82 9
69 51
93 99
30 63
36 8
6 52
89 50
24 32
64 71
68 88
87 65
14 47
26 87
67 88
32 1
36 36
9 25
89 43
79 92
47 95
62 55
88 71
89 22
80 59
18 44
36 5
79 61
38 20
55 34
66 40
5 51
2 73
20 55
99 43
64 3
12 57
68 63
44 87
15 78
92 66
43 77
5 31
78 78
83 94
50 25
38 80
92 71
10 28
48 69
72 6
10 59
33 61
68 18
45 78
6 98
72 80
94 48
32 6
61 23
57 71
9 37
19 76
6 89
68 91
35 82
53 71
20 19
82 12
97 85
76 72
72 48
7 6
27 94
64 38
9 56
12 81
94 22
81 63
21 97
61 38
85 43
57 77
63 2
68 81
95 1
56 70
63 28
16 5
80 98
79 80
12 84
75 6
60 63
25 73
67 6
13 18
66 65
61 28
57 78
3 52
70 2
62 3
49 61
96 52
52 46
45 83
15 40
47 34
31 22
71 71
50 82
55 30
82 71
92 21
36 37
42 53
26 100
93 63
80 53
78 99
46 60
91 91
43 40
3 31
30 8
64 75
59 14
65 16
43 47
82 56
45 61
74 3
22 66
96 29
1 9
34 20
24 11
71 25
39 4
48 22
7 91
84 27
57 26
29 31
49 23
38 93
53 2
71 62
82 72
82 4
81 33
57 4
26 47
49 24
33 1
39 7
87 45
30 71
97 90
1 72
80 62
53 6
57 19
67 8
22 68
92 30
76 83
1 47
81 90
14 2
85 33
71 14
18 10
15 49
72 32
22 75
96 4
11 10
9 7
40 77
15 69
4 75
21 34
42 40
81 54
97 3
32 16
46 66
13 12
14 77
95 93
13 38
53 50
57 60
62 98
8 25
61 45
84 1
23 29
56 48
40 2
90 19
75 5
71 44
22 37
85 29
85 69
7 76
62 59
62 97
1 11
30 78
23 59
54 78
3 88
6 22
29 54
20 7
59 18
64 13
21 18
29 4
93 87
75 9
22 95
80 94
50 46
35 54
5 91
66 80
95 18
41 64
92 29
26 96
15 66
25 34
78 63
3 7
76 19
40 31
29 61
74 17
38 94
48 57
50 10
69 59
99 37
43 30
98 65
73 17
79 1
40 93
17 37
13 64
53 88
57 11
37 96
7 30
49 40
11 70
87 84
99 28
52 87
21 35
77 86
63 92
12 35
55 79
91 80
27 95
55 51
64 37
19 68
82 13
85 53
38 39
93 58
33 53
96 9
82 32
32 77
63 45
64 52
78 16
2 54
48 55
76 5
58 98
87 82
43 61
6 62
53 27
27 42
39 9
46 53
96 24
96 50
15 89
81 5
80 86
38 32
76 40
63 17
49 76
94 7
46 64
76 91
10 53
10 97
10 4
11 7
88 72
16 17
55 20
78 81
33 90
19 53
18 26
87 20
35 81
71 61
21 87
30 9
25 23
5 61
52 42
23 56
58 58
60 76
88 25
86 57
36 61
1 6
98 59
7 32
87 21
2 19
73 82
59 2
81 34
39 50
55 42
67 21
20 66
16 1
29 21
83 5
85 19
27 28
4 17
62 1
9 2
27 51
27 15
89 37
43 38
63 99
61 33
38 42
67 95
27 30
46 59
35 30
23 92
21 86
40 6
17 82
55 49
82 40
78 18
25 89
4 71
80 6
45 22
76 14
21 43
80 75
11 31
72 12
94 27
37 23
7 67
78 21
58 15
45 26
99 41
43 81
59 92
45 47
63 7
57 62
40 28
44 38
8 31
29 20
88 41
74 13
82 86
86 69
36 79
7 48
42 44
80 93
49 97
77 45
28 26
10 78
32 80
17 97
24 85
88 64
39 62
48 83
97 32
93 27
46 26
91 98
80 18
5 14
86 30
60 38
100 78
74 92
45 8
18 43
11 25
33 4
25 71
95 61
4 99
72 5
80 57
67 23
14 99
23 70
24 23
87 7
64 74
47 6
33 28
19 95
61 98
11 20
67 67
21 32
80 85
98 41
2 33
79 52
55 39
81 61
15 58
83 33
11 95
81 76
55 69
23 68
76 31
96 65
69 34
64 35
25 25
97 86
8 79
72 47
36 20
49 21
33 82
4 5
77 27
26 50
67 86
72 70
8 37
91 39
24 34
82 65
66 78
63 30
50 39
74 36
58 6
68 44
32 83
21 53
22 5
91 53
49 48
29 93
6 67
43 9
59 4
41 32
78 43
66 87
57 72
17 34
51 89
24 37
23 28
32 18
96 28
72 23
36 52
79 96
75 41
43 14
15 87
25 14
58 73
25 85
87 15
73 49
59 59
14 11
18 16
100 90
56 1
62 15
26 66
94 29
66 76
68 84
7 9
51 69
8 72
47 33
17 83
3 80
66 44
20 88
34 58
39 20
70 23
16 12
10 95
51 92
18 1
94 16
17 96
12 91
46 74
42 16
85 96
52 24
65 56
45 93
62 10
11 40
62 54
31 28
12 70
44 81
22 53
26 97
56 19
31 100
72 63
93 5
48 50
71 4
38 64
47 67
44 23
76 23
24 88
12 17
57 31
14 87
86 86
25 93
41 70
73 81
91 16
49 51
43 24
63 88
29 81
75 7
19 50
60 24
28 85
100 24
45 39
21 88
60 33
31 58
40 19
97 20
71 93
80 69
71 29
60 29
95 19
58 61
77 71
7 86
57 8
17 16
4 26
56 30
87 57
48 54
12 76
27 20
41 93
78 31
97 71
25 39
70 28
85 39
15 22
60 1
1 39
29 33
49 57
42 65
71 48
9 30
33 96
24 90
40 13
76 67
98 50
42 74
77 36
67 54
6 83
37 88
23 41
86 13
66 2
61 75
39 41
54 77
29 86
10 88
84 47
7 99
2 63
99 3
19 100
3 77
45 42
71 18
94 100
8 86
49 88
65 53
82 61
65 84
96 100
82 37
81 53
1 69
100 6
97 55
25 1
98 70
54 4
7 73
14 84
23 27
33 52
89 62
22 22
36 43
40 37
13 49
100 2
4 82
39 34
76 21
4 77
77 24
85 73
81 78
29 80
38 59
50 49
45 87
85 9
31 46
36 86
5 27
63 8
15 52
78 96
23 99
35 92
17 52
11 75
74 37
57 90
66 15
25 74
60 25
1 85
95 26
76 29
63 13
34 47
72 55
96 25
47 81
94 68
95 8
98 34
79 21
22 80
32 90
41 22
7 15
2 9
14 3
65 24
31 74
85 98
88 81
6 31
94 74
70 99
2 47
9 27
56 82
62 82
42 82
61 82
34 60
99 45
27 1
59 53
15 42
10 37
8 50
86 85
84 3
54 80
43 12
33 39
43 65
12 25
32 19
73 53
51 66
49 4
35 64
4 100
78 87
100 35
13 58
43 28
99 8
17 35
32 74
73 55
41 2
26 13
54 31
18 34
66 43
90 17
53 62
44 94
21 50
66 4
69 48
68 36
78 67
75 91
6 92
24 57
99 95
51 36
79 34
56 78
63 41
59 20
5 100
53 4
71 63
68 38
2 74
95 95
36 82
58 81
93 11
51 13
30 22
75 3
81 26
83 90
5 22
44 44
26 58
32 68
30 72
1 83
93 33
27 68
98 61
98 20
62 16
74 76
100 84
52 84
62 19
34 5
52 94
100 9
84 54
19 16
69 49
10 41
28 29
43 29
58 83
53 55
25 40
24 94
41 31
56 53
31 19
73 61
93 100
85 59
92 7
77 97
51 49
97 87
62 65
32 35
4 97
59 83
83 86
50 85
75 19
25 8
61 35
62 100
56 31
51 29
70 21
77 73
97 50
36 18
30 92
49 3
64 16
35 29
28 32
80 47
20 18
3 63
93 21
67 98
42 84
96 14
30 94
49 92
43 37
31 98
61 67
61 19
7 16
32 66
10 20
46 4
85 36
17 17
38 98
8 65
90 43
70 47
31 71
8 99
36 76
12 68
76 74
85 42
1 23
62 5
100 30
100 59
22 1
84 65
89 29
98 62
99 15
79 2
76 99
59 40
56 62
66 55
80 28
62 79
51 26
64 48
89 16
84 94
23 95
31 85
49 11
89 64
48 47
88 80
44 92
93 6
29 17
91 49
20 96
20 39
36 67
46 50
33 100
6 20
95 36
67 11
76 1
59 90
68 66
2 55
13 23
15 65
62 39
75 84
41 21
99 22
76 13
76 43
12 100
82 49
62 31
34 46
78 33
19 81
61 57
35 84
99 14
93 56
20 77
38 8
92 63
95 53
93 54
9 42
87 78
99 12
48 90
71 60
5 7
29 38
84 57
26 60
89 45
31 49
73 6
20 2
88 52
61 22
9 29
16 38
20 43
72 94
25 16
78 90
28 78
73 21
55 55
76 38
81 84
92 70
37 36
32 9
76 25
20 67
42 9
41 69
97 66
84 26
51 99
17 7
79 38
13 13
71 81
41 37
70 26
6 6
89 24
