100 100 1825
7 9 9 8 2 5 0 5 2 4 6 9 2 2 2 1 9 3 2 9 2 9 1 4 7 8 5 8 5 7 4 5 1 7 8 6 4 8 2 5 4 5 8 9 6 9 4 9 9 3 2 3 1 8 0 3 1 2 0 9 2 0 4 2 1 2 0 0 0 0 5 6 6 3 5 7 5 0 4 4 2 6 3 0 6 4 9 9 6 7 8 7 2 2 0 0 7 9 2 4 
7 5 5 2 1 7 4 7 1 2 6 3 8 2 0 4 5 1 8 1 6 3 0 9 1 9 7 8 0 3 7 8 9 5 6 0 4 4 1 1 6 5 6 6 0 3 0 4 3 5 6 1 8 0 9 3 8 1 9 4 3 1 6 2 2 0 1 7 1 2 9 5 9 5 9 5 0 8 6 7 8 7 1 6 8 9 5 5 6 6 5 6 4 5 1 8 2 9 3 6 
38 60
32 97
25 96
13 90
48 30
30 80
63 48
79 70
32 11
1 68
34 24
76 10
9 72
74 23
96 42
23 26
47 72
5 40
81 32
69 6
37 91
47 32
17 97
67 57
95 34
64 33
75 72
41 97
92 98
22 11
19 73
60 50
85 61
64 54
48 54
25 94
36 3
56 77
62 7
27 67
2 94
25 78
38 14
77 25
46 38
33 55
81 39
41 31
52 14
97 59
29 73
63 27
27 54
20 39
96 16
36 67
39 66
19 82
35 5
3 17
19 14
36 89
100 73
91 79
48 92
19 67
76 59
11 16
53 63
35 99
30 49
41 37
88 60
75 25
94 91
16 13
87 16
19 12
47 27
82 14
5 91
38 55
26 62
34 57
93 92
83 99
56 18
63 6
31 90
8 43
23 66
19 61
63 4
92 13
6 73
21 67
55 75
15 22
61 91
40 23
57 99
1 82
82 22
66 73
47 6
27 37
15 46
57 90
53 76
58 11
41 3
57 14
27 79
38 69
14 2
40 60
20 53
100 15
85 90
84 94
68 2
44 69
46 71
34 30
43 22
4 60
82 43
83 41
18 18
1 42
91 99
58 86
2 50
50 99
32 50
86 42
82 94
67 22
77 88
15 36
96 54
91 45
58 19
53 35
56 59
55 45
88 45
43 1
15 20
88 99
25 87
97 12
86 30
89 80
82 70
66 100
56 12
50 6
92 85
95 74
11 72
86 61
32 16
47 76
100 7
18 59
21 24
61 98
83 57
64 40
71 56
61 99
24 27
9 51
62 65
35 2
100 99
24 95
35 7
10 53
17 92
28 79
55 50
54 2
33 16
62 82
85 30
70 76
19 92
81 68
21 92
99 7
63 14
47 39
12 59
68 45
13 46
87 6
65 7
48 22
58 5
69 42
83 25
63 49
22 29
24 68
28 9
77 4
49 4
55 90
57 4
32 6
45 14
63 10
83 31
100 58
87 39
90 44
43 68
1 88
83 48
84 8
92 54
89 30
4 88
29 30
13 50
4 2
4 57
6 55
67 72
31 51
9 43
10 54
83 81
15 92
64 21
31 50
52 47
6 9
69 39
19 60
46 80
22 51
37 23
20 82
68 68
50 51
31 35
52 78
94 4
85 29
84 53
88 83
94 72
91 62
89 100
37 79
46 13
63 30
38 53
80 7
61 74
72 3
50 49
78 72
66 24
59 51
56 65
63 13
44 84
83 36
23 37
87 74
79 46
51 23
30 68
35 39
64 90
42 22
2 39
72 4
69 52
47 58
100 32
23 86
61 37
64 78
2 24
28 72
55 59
52 61
98 2
68 3
39 95
19 19
89 3
75 19
73 54
92 4
10 72
82 24
68 57
50 29
85 94
30 29
25 57
95 33
44 19
99 48
57 91
90 94
9 10
50 60
94 49
63 54
90 98
48 57
31 48
46 90
100 24
20 40
87 4
24 34
48 77
73 93
15 50
98 58
81 65
18 63
48 13
80 30
24 51
72 32
9 21
22 88
54 10
39 50
39 59
75 17
34 89
78 38
71 16
33 88
5 87
2 45
84 30
22 18
16 17
75 34
62 85
66 11
77 99
99 78
80 91
70 68
79 87
72 92
54 69
83 19
97 54
71 29
48 16
94 2
46 72
88 65
49 24
26 44
8 61
87 88
6 72
60 62
5 58
58 46
20 92
22 15
57 60
28 88
17 26
55 21
47 46
84 36
28 22
4 29
4 50
63 25
76 38
51 7
53 8
10 33
62 71
33 87
26 68
40 53
26 79
1 21
74 36
90 99
99 8
3 7
29 44
20 1
40 72
80 27
45 31
34 96
92 35
21 1
48 67
23 89
14 8
1 99
43 32
23 46
93 49
94 60
26 9
97 4
14 16
20 96
50 30
94 92
61 27
1 22
59 21
12 66
64 2
18 36
15 25
98 15
13 57
5 32
68 64
17 99
63 11
89 98
60 54
30 57
95 80
45 84
99 13
49 70
100 72
54 98
48 94
80 97
20 70
19 1
87 38
43 92
100 81
54 16
26 27
30 45
99 74
32 14
1 60
31 33
29 77
93 34
64 74
32 70
35 90
11 3
14 48
46 42
29 37
27 44
88 74
44 62
27 87
72 37
88 62
82 68
65 36
15 14
55 36
64 94
50 69
70 87
92 69
31 79
72 21
67 16
53 33
21 6
75 96
79 52
98 88
6 74
20 87
31 22
60 65
66 70
100 38
33 37
50 90
49 61
99 27
72 25
27 78
99 23
65 26
7 96
90 21
49 94
28 31
62 42
65 80
6 94
32 54
98 21
3 59
63 34
4 49
82 17
13 64
98 10
65 11
24 10
39 33
38 73
67 94
66 67
65 41
81 59
90 12
88 14
19 48
53 18
65 71
69 15
61 50
7 89
70 50
13 68
65 52
6 1
29 29
68 29
42 18
27 97
4 16
32 47
90 42
28 66
30 66
28 85
2 79
22 8
62 88
43 8
25 32
28 91
26 52
12 9
29 24
68 75
91 61
81 43
66 54
100 49
33 74
52 56
71 14
13 67
18 60
29 85
77 91
90 79
89 82
66 19
10 17
62 9
85 32
51 74
17 69
8 35
5 2
82 11
42 23
6 28
53 90
99 58
43 60
29 79
33 32
88 40
23 84
89 39
64 6
54 92
52 81
84 27
20 46
81 78
54 60
47 40
61 28
6 66
18 47
48 35
87 50
61 83
60 61
97 48
45 27
83 43
16 50
55 16
51 22
61 59
53 78
67 11
20 5
98 32
70 10
94 6
28 12
82 93
26 64
72 71
95 63
88 50
28 34
99 43
3 37
25 17
30 8
63 26
60 20
95 42
83 13
21 90
39 2
3 92
49 66
3 27
39 86
63 62
84 35
94 44
51 5
41 63
77 20
64 45
74 26
14 54
51 9
70 72
33 90
44 55
1 10
52 60
33 80
93 32
18 4
44 97
62 14
50 73
47 30
10 30
97 3
12 97
13 69
51 97
11 75
34 22
93 20
9 50
96 86
89 8
28 41
43 66
13 15
26 91
55 84
50 77
30 76
24 81
19 49
46 61
36 81
32 43
70 26
65 6
65 94
2 61
34 64
71 33
13 33
12 95
65 50
81 66
56 79
87 40
6 51
90 18
87 32
76 3
92 11
66 66
75 50
83 24
100 42
9 18
3 6
71 28
69 14
81 61
20 17
74 71
71 39
3 10
22 91
25 85
31 7
12 78
61 96
53 24
2 27
83 52
68 8
97 1
83 91
3 45
90 6
47 90
39 78
85 16
72 13
62 77
43 100
78 23
20 60
64 61
14 6
98 1
71 55
21 64
37 61
38 43
49 36
33 36
47 3
56 95
79 7
4 5
29 65
49 34
56 67
32 27
14 65
84 73
42 75
5 43
85 38
42 25
9 70
43 2
75 67
47 21
25 73
39 18
90 96
43 54
60 46
72 85
28 2
83 23
40 8
69 49
50 86
76 94
39 91
97 22
94 62
26 65
37 74
62 6
73 71
10 58
6 95
87 72
77 65
41 39
14 26
34 74
60 14
35 66
43 98
82 81
8 48
86 62
98 53
76 82
4 77
54 21
12 99
89 27
39 4
4 7
43 45
99 67
52 6
57 70
69 81
44 96
31 14
46 91
33 23
34 71
60 86
61 60
13 98
25 56
17 63
51 57
83 5
33 12
11 65
100 52
34 85
16 26
43 62
52 63
86 33
83 8
58 30
15 60
11 10
60 64
39 79
7 80
96 22
67 90
80 34
1 45
5 52
33 86
69 1
2 91
47 17
52 51
26 3
89 97
62 12
61 12
59 50
87 83
36 27
58 41
37 45
80 33
59 89
14 93
24 72
26 13
47 25
73 41
10 76
90 17
25 60
1 15
66 4
79 100
1 31
14 73
41 29
60 29
24 24
26 20
69 62
29 43
6 93
61 49
78 99
85 10
85 74
39 77
36 31
33 84
52 91
29 62
1 70
74 64
13 45
52 74
49 48
76 88
67 88
56 62
56 99
44 27
39 36
17 30
84 87
32 49
72 9
60 71
64 81
4 3
42 81
62 28
94 54
59 23
69 95
30 74
30 35
74 40
58 9
5 48
26 59
72 98
34 36
80 42
70 70
100 93
72 97
70 62
11 6
6 92
67 99
13 49
80 3
96 81
37 39
35 48
58 10
44 10
40 51
54 53
43 83
80 22
92 91
60 87
40 80
80 47
83 22
66 93
22 71
76 97
81 16
7 52
34 81
45 88
93 68
52 20
28 83
3 29
73 74
99 53
54 83
51 4
77 79
94 77
100 62
62 3
50 58
53 41
27 52
67 87
80 92
71 18
99 59
87 89
1 9
29 89
44 64
84 78
76 21
98 63
12 17
11 76
62 49
65 85
87 21
26 82
80 55
35 25
10 50
2 59
7 65
47 31
10 26
30 100
99 50
54 31
86 46
49 47
93 96
76 71
60 48
1 64
48 89
40 21
19 11
60 53
67 24
6 70
19 69
18 96
49 64
50 59
52 21
3 82
54 72
78 61
54 58
94 73
40 33
70 20
33 7
37 16
10 73
22 99
14 62
90 78
79 95
30 53
91 42
93 66
47 16
95 24
62 10
5 35
59 97
31 52
8 15
72 68
55 10
28 18
83 85
97 77
21 35
77 82
93 29
97 40
78 66
54 99
47 61
75 84
93 61
93 6
48 34
96 32
98 40
57 98
12 35
48 24
12 12
10 12
43 17
13 92
7 53
74 25
7 94
2 89
33 66
91 83
68 50
19 88
42 97
94 87
39 65
9 11
18 43
74 50
15 30
99 76
29 59
78 21
54 96
60 72
62 23
81 8
11 78
93 89
39 48
52 32
72 57
40 25
39 28
62 26
39 19
66 39
41 34
15 40
52 62
91 64
75 58
84 26
71 49
68 41
53 3
19 53
6 14
25 68
29 13
30 69
15 23
10 46
71 43
45 90
96 63
32 1
86 52
58 100
44 68
79 60
1 51
30 26
55 47
76 39
78 37
63 47
78 3
65 100
11 88
94 15
100 71
18 1
28 20
89 37
91 13
65 99
69 12
32 81
19 56
68 97
91 5
1 46
90 1
100 79
68 47
33 82
57 50
68 10
51 83
87 82
37 72
18 34
81 55
11 52
1 87
45 62
7 26
48 63
13 35
5 78
94 79
12 88
17 50
57 19
67 80
58 8
85 87
99 14
43 69
84 45
37 14
70 35
98 41
21 42
2 19
50 10
51 66
48 38
59 74
16 73
46 48
27 33
8 54
93 62
23 23
34 39
100 86
79 88
83 28
42 37
82 76
27 39
91 21
82 48
94 52
86 78
60 76
16 66
18 8
65 10
30 4
92 52
13 66
47 68
66 46
85 56
22 95
100 9
8 73
92 45
64 51
98 98
35 86
91 52
89 58
79 32
84 31
21 68
88 57
46 21
83 76
56 88
54 20
100 95
15 37
23 70
36 18
35 79
97 20
86 10
54 29
82 5
51 70
74 77
88 64
28 5
80 57
82 61
50 74
54 76
1 43
5 99
43 75
56 80
25 36
92 48
77 63
22 31
41 32
12 15
2 57
69 69
30 23
95 95
29 27
87 18
49 39
22 45
24 84
80 52
64 92
52 65
92 62
86 4
4 94
47 26
54 22
35 38
31 85
89 17
38 88
52 1
34 46
37 32
76 86
66 86
83 70
59 78
18 39
7 18
54 66
46 62
83 3
47 47
90 50
37 62
87 90
86 90
70 60
31 92
38 4
66 18
4 55
29 23
20 19
26 24
74 38
20 83
30 17
7 2
59 2
43 11
34 40
25 98
10 84
17 42
29 68
89 16
48 95
92 67
3 53
31 78
69 37
31 100
33 31
32 37
31 56
13 28
71 59
26 58
86 58
79 35
69 33
74 80
87 29
8 45
23 42
25 69
63 66
62 78
65 44
86 97
92 7
27 100
97 87
4 44
9 76
63 80
69 41
82 91
90 87
34 78
88 42
16 49
7 6
94 95
52 83
25 12
73 39
75 4
95 35
41 7
18 81
62 61
53 94
78 84
15 47
2 86
82 20
6 23
51 32
54 90
71 48
62 29
18 73
13 3
47 37
60 10
94 96
11 33
83 65
19 83
91 16
1 89
53 15
63 41
21 4
56 100
43 91
72 88
2 10
14 79
78 26
86 87
47 41
82 9
53 34
58 59
83 14
64 26
12 22
38 6
27 81
26 32
35 87
29 72
32 98
42 57
84 67
53 19
92 84
28 25
45 70
48 45
26 100
56 28
71 23
34 53
84 95
68 39
69 96
80 67
67 70
9 19
65 53
44 72
65 18
45 81
100 100
66 62
15 44
35 26
6 39
97 39
12 67
15 45
47 59
44 1
88 31
34 3
61 53
15 18
81 85
49 72
41 20
55 37
20 21
44 16
5 24
79 63
12 47
9 36
33 45
44 61
93 81
12 25
79 23
80 98
42 91
36 83
36 56
73 67
98 89
40 83
86 18
76 42
20 30
3 38
80 8
76 76
22 22
64 96
81 33
16 9
22 59
22 79
62 91
97 49
36 7
8 33
72 59
44 95
23 12
25 26
86 88
23 19
74 97
11 24
36 40
13 20
20 26
8 78
85 98
50 96
18 58
96 30
74 14
21 69
33 85
19 52
51 19
97 52
40 50
57 66
25 1
46 6
44 44
28 27
48 3
54 17
14 76
37 64
71 81
10 62
82 44
94 39
22 64
88 24
16 78
78 25
77 49
48 91
85 59
91 81
92 80
37 29
71 67
7 91
84 99
73 20
22 72
62 89
91 6
31 43
12 41
34 72
50 36
25 79
59 31
88 86
65 65
84 50
36 94
75 60
4 40
50 3
61 29
7 22
86 83
28 19
60 4
35 28
82 59
88 18
54 59
54 74
49 69
71 68
59 87
92 95
82 66
57 40
64 37
55 70
57 52
17 85
64 42
74 66
79 80
92 39
42 88
51 11
10 91
14 71
86 67
93 52
36 63
44 91
56 42
10 78
7 93
95 18
43 4
17 73
28 43
67 23
69 85
6 56
92 33
55 4
6 91
1 32
23 65
9 64
97 83
38 3
49 46
78 97
97 41
81 82
77 73
83 45
82 57
76 92
21 98
16 56
100 31
64 60
67 60
43 94
62 15
58 43
53 13
100 56
25 18
54 89
52 4
9 31
6 79
96 34
6 63
70 12
8 77
32 100
71 8
12 81
9 75
23 62
33 54
56 68
30 3
30 99
34 84
22 4
75 3
53 52
70 19
47 83
76 23
89 43
80 25
6 20
76 33
30 14
50 44
82 84
43 77
32 64
41 73
48 68
99 25
46 9
83 89
86 51
88 2
90 49
97 25
10 24
70 67
75 73
58 94
36 59
49 43
96 69
32 23
65 30
15 79
19 90
54 3
36 54
40 43
22 23
96 10
86 35
88 85
19 45
46 12
99 49
70 56
31 15
80 68
85 79
36 33
61 24
6 69
89 56
17 10
2 6
67 97
6 98
21 48
78 59
53 36
24 1
65 39
4 92
67 67
94 69
66 42
11 35
66 14
56 5
31 86
93 27
17 48
2 30
90 14
90 61
56 6
1 49
62 67
86 77
18 37
90 51
86 75
36 68
75 41
88 91
49 49
89 5
41 83
43 81
21 32
47 60
67 5
73 96
20 69
25 28
6 64
40 70
24 38
34 7
71 95
52 40
45 25
66 10
99 41
65 46
20 77
3 9
56 60
85 40
30 54
21 28
88 52
28 23
67 71
87 65
78 18
75 88
28 75
11 48
46 54
2 52
89 52
98 47
81 73
85 43
12 100
35 8
82 56
15 26
12 90
40 1
47 11
18 23
83 75
56 52
11 56
60 82
13 51
50 43
27 43
96 4
3 87
25 88
62 21
18 97
55 87
2 90
84 6
56 3
28 40
31 30
20 49
33 91
14 55
96 58
12 11
66 12
33 77
48 65
42 13
77 93
10 45
24 43
45 46
4 42
65 19
94 24
79 82
37 5
22 80
1 54
14 67
81 52
79 15
77 18
91 41
56 97
62 87
91 55
8 80
50 79
22 42
51 50
70 98
7 97
64 86
95 75
22 70
83 62
86 69
39 76
95 25
23 30
84 56
48 81
77 55
6 88
9 20
77 95
61 77
70 64
11 39
45 17
60 17
62 94
88 90
73 28
1 16
20 81
95 58
8 38
1 8
