71 82 1364
4 4 3 3 2 1 5 2 2 7 2 9 5 8 4 0 7 3 3 4 9 3 2 5 2 5 6 4 0 8 5 9 3 2 6 7 4 3 6 4 9 6 0 9 5 0 8 7 2 6 2 4 3 7 9 5 5 7 4 7 7 8 4 2 3 5 9 6 5 0 7 
8 0 5 9 7 9 0 9 5 9 2 4 8 6 1 9 9 2 1 0 9 2 3 6 6 3 5 8 2 2 4 6 8 4 1 1 1 4 6 2 5 6 6 1 3 8 6 2 6 6 6 4 0 2 9 0 1 2 8 3 5 6 0 5 1 0 5 4 3 9 6 5 8 3 2 9 8 0 3 4 9 1 
20 71
17 52
15 75
46 54
58 15
55 17
15 13
66 42
19 23
64 52
34 22
67 62
65 35
21 45
40 58
40 13
30 70
58 30
68 28
31 12
46 64
58 66
57 70
13 33
67 66
32 18
54 57
34 80
34 59
9 72
37 33
66 27
12 59
33 10
48 60
38 17
46 46
42 11
36 70
8 13
60 4
54 74
19 26
42 5
64 11
18 2
62 34
13 67
17 22
31 77
4 54
8 10
10 1
40 51
29 47
51 71
26 6
52 73
58 59
36 6
41 67
38 61
40 31
49 40
52 70
63 23
41 58
34 40
34 49
1 71
23 38
44 62
66 76
50 28
71 23
42 43
23 76
51 32
20 59
59 57
59 35
56 42
64 53
37 46
71 61
41 41
24 76
5 10
27 6
22 22
8 28
19 52
33 67
23 8
30 18
51 55
10 75
39 59
69 49
17 75
69 59
53 20
14 77
30 26
42 10
9 30
48 37
8 58
19 50
58 67
65 61
18 22
22 20
64 27
56 64
16 61
65 27
68 43
7 37
30 76
2 19
69 12
39 19
34 1
66 57
52 60
55 48
12 74
42 45
25 26
71 67
55 37
27 18
49 20
14 22
54 62
1 30
6 34
5 31
70 53
55 1
4 60
21 31
6 19
49 48
18 10
6 60
66 35
66 50
27 46
53 46
71 47
26 72
4 77
23 13
43 65
59 10
25 12
57 55
36 60
68 27
15 24
58 26
24 52
60 31
1 41
68 40
13 32
20 67
61 38
36 46
12 81
71 77
36 72
10 23
2 43
8 56
52 75
6 51
53 29
58 41
25 10
38 50
42 9
30 38
61 81
56 22
17 24
53 3
48 20
68 57
44 15
70 52
26 22
24 9
58 47
28 56
8 15
52 48
23 52
16 12
27 51
39 36
46 75
49 54
33 54
36 8
3 41
13 42
39 49
19 45
28 54
61 18
49 5
52 58
60 73
27 13
39 78
68 24
47 63
56 39
34 17
4 41
31 4
43 74
27 81
57 64
34 15
69 35
21 9
51 43
70 11
49 57
58 42
41 29
21 21
3 79
3 31
18 63
62 31
25 27
15 79
19 35
65 13
18 6
53 13
23 46
55 24
31 30
45 32
57 81
28 67
61 34
17 9
34 50
37 52
48 49
8 29
64 42
20 48
63 17
52 18
64 48
13 2
36 38
52 45
46 73
70 75
62 20
42 56
12 61
26 25
44 76
42 81
23 7
14 78
31 50
21 52
12 64
53 1
65 46
70 41
9 40
65 36
16 13
25 6
18 72
14 74
20 73
36 53
66 47
42 75
71 42
38 34
4 32
57 7
34 48
53 75
26 76
7 2
36 39
57 82
25 72
37 72
15 35
20 5
64 12
16 73
1 5
65 43
42 2
23 15
59 61
3 48
5 75
6 75
5 20
35 61
23 19
15 64
46 8
11 32
11 31
25 35
25 40
34 38
69 69
48 6
54 73
30 3
17 61
25 36
23 44
14 40
12 73
51 19
25 71
23 24
33 80
24 74
66 7
31 2
10 20
67 46
48 14
61 63
33 79
9 73
3 61
17 16
29 60
16 24
33 63
29 24
50 79
37 62
53 2
27 64
69 39
23 66
71 2
56 40
25 65
22 17
6 11
54 53
8 81
4 13
15 21
2 17
28 27
16 54
58 36
27 15
2 61
49 39
56 14
44 44
41 18
41 35
31 35
23 54
28 9
50 39
41 40
65 42
50 20
33 9
14 35
24 64
20 54
9 39
28 30
11 28
17 20
17 38
61 30
62 13
39 10
13 64
52 30
39 22
26 55
63 75
31 10
7 4
27 42
62 57
38 64
18 79
32 34
17 55
53 52
62 60
27 11
38 77
21 39
36 37
51 36
55 14
48 79
36 79
11 35
44 77
9 52
11 10
42 55
31 5
11 16
40 77
36 66
35 35
20 47
2 27
45 6
26 73
31 51
34 36
64 8
20 11
52 5
21 24
32 72
46 44
40 29
26 37
33 18
37 40
37 45
63 38
35 19
53 14
29 77
24 4
62 3
35 51
8 20
51 72
45 40
10 50
63 3
13 19
45 51
64 73
16 34
21 64
43 73
62 6
50 12
40 44
5 16
57 75
18 74
35 2
37 80
65 25
31 7
70 82
28 37
28 5
26 31
32 68
41 17
21 10
58 58
66 69
57 78
27 36
55 68
30 60
67 61
38 75
33 41
11 24
56 11
43 81
66 65
58 34
61 50
67 74
33 81
66 61
8 6
44 18
20 8
52 6
49 32
35 79
66 74
53 7
29 48
64 66
49 50
62 63
63 6
61 24
67 16
41 70
1 74
7 49
21 17
4 51
2 59
24 23
47 54
25 69
68 51
12 42
21 36
49 11
53 34
26 13
4 62
49 42
70 76
28 48
68 50
39 27
33 74
29 38
65 22
32 21
62 70
3 74
39 40
32 43
29 69
38 46
8 54
45 34
17 32
9 55
14 20
15 8
25 73
5 28
57 67
20 64
11 78
63 80
15 16
67 76
63 76
1 17
11 18
32 2
54 30
31 47
6 38
1 49
7 13
67 25
8 50
26 30
55 67
8 38
56 35
52 31
55 66
71 37
71 40
45 43
68 34
18 13
39 71
43 55
18 66
32 62
18 54
65 1
63 40
50 65
18 52
45 10
20 1
46 10
31 48
7 82
27 24
20 51
38 35
56 23
41 38
22 80
47 75
12 35
62 66
19 39
34 18
21 37
58 75
5 22
70 57
12 12
37 19
21 65
35 12
53 27
41 27
26 66
2 15
14 34
41 65
2 39
46 41
59 26
67 3
28 15
19 59
25 22
46 70
13 27
18 26
44 27
18 19
41 49
37 3
6 45
62 73
50 9
48 8
20 33
9 77
44 82
45 5
30 12
6 57
40 6
33 47
6 69
6 7
50 58
40 18
6 73
21 46
66 59
59 47
55 72
32 64
70 29
9 7
30 51
7 68
47 77
30 13
14 48
56 18
71 36
68 21
66 73
35 56
29 39
23 73
50 50
41 24
23 27
22 58
34 23
52 12
21 69
61 52
17 23
30 42
14 61
30 28
22 64
63 43
63 20
22 79
21 44
9 61
32 47
59 22
37 47
13 28
5 23
58 5
61 47
16 40
13 56
61 29
71 53
68 76
51 4
29 33
3 11
34 53
11 57
16 3
55 8
20 23
57 71
33 71
43 79
31 27
64 55
10 19
24 2
51 30
29 62
48 43
15 66
57 36
41 7
5 59
70 44
58 39
9 67
68 47
18 23
26 5
11 53
8 14
48 57
22 66
53 68
16 66
28 65
41 32
23 28
62 12
69 17
41 13
22 28
59 71
15 81
52 35
15 65
3 38
27 60
15 14
58 65
36 75
22 21
58 40
49 56
4 7
53 69
4 68
61 1
59 30
65 18
35 10
2 56
70 50
7 34
15 76
19 48
54 11
47 81
36 56
11 20
68 42
18 80
67 38
69 9
57 61
46 81
23 69
39 55
70 54
4 3
62 28
42 51
51 33
24 40
41 45
55 52
34 62
25 76
24 66
28 41
60 5
57 33
63 73
47 46
5 41
64 37
47 12
53 4
46 56
28 68
36 3
34 11
1 40
27 52
37 61
43 31
48 10
13 75
39 64
32 65
59 75
54 56
5 2
14 41
19 10
23 48
21 59
48 31
56 8
48 62
3 62
54 32
10 8
61 19
25 33
16 52
57 10
25 82
68 7
23 61
8 18
63 74
39 28
19 37
35 28
6 10
7 64
66 70
49 10
39 39
10 42
39 73
24 22
2 2
13 51
21 71
33 43
70 68
20 72
62 27
23 50
4 29
62 49
31 18
2 57
57 13
28 19
40 76
24 48
63 22
9 51
34 39
50 33
1 19
59 19
49 31
53 30
53 78
57 53
25 23
12 63
31 75
29 30
22 16
1 10
3 43
9 9
50 55
66 26
55 82
29 20
43 27
56 76
31 20
55 70
57 3
17 59
50 37
30 63
12 82
58 48
14 32
50 42
29 79
35 77
64 25
58 32
48 44
61 17
69 42
24 36
18 46
43 44
6 31
51 5
42 44
22 49
47 62
13 23
41 60
38 60
1 24
9 24
4 1
2 5
10 44
70 64
4 55
56 61
12 53
16 79
48 12
29 75
15 52
48 53
48 71
68 69
3 69
68 6
67 28
8 17
3 45
22 72
31 6
13 9
49 69
51 62
32 51
50 19
67 64
55 47
3 72
57 46
34 61
24 53
30 27
68 2
29 70
11 34
47 51
25 37
68 62
61 79
5 43
39 72
1 79
38 54
53 28
44 14
1 44
38 78
51 31
50 60
57 22
23 37
27 26
3 57
19 21
32 27
23 59
6 25
17 14
22 2
58 53
3 49
20 40
58 49
51 26
14 26
71 60
28 55
26 74
71 44
38 40
7 39
48 78
18 14
59 67
39 30
48 82
62 59
70 62
8 32
41 3
45 2
68 68
35 58
43 22
5 11
3 42
24 45
60 7
50 10
40 59
36 68
42 30
23 5
70 47
71 72
49 7
24 51
10 25
11 65
40 42
3 5
69 6
21 78
3 46
18 49
50 52
31 79
67 35
33 59
43 49
35 31
20 27
15 32
69 64
58 62
36 26
3 63
10 73
70 38
33 61
48 18
7 42
8 46
7 17
51 38
28 16
19 64
35 33
21 27
48 1
60 36
49 41
11 70
60 9
12 56
26 2
6 16
38 62
40 45
10 57
6 54
3 26
70 72
58 64
22 65
20 55
15 10
34 44
36 9
9 27
32 66
35 53
44 42
17 40
38 72
24 70
51 57
31 45
44 20
70 21
59 6
6 18
68 17
35 17
19 33
12 27
64 1
34 19
2 8
46 5
37 20
52 80
11 9
33 64
45 36
54 29
61 73
18 45
55 41
63 7
39 60
17 43
54 22
3 51
5 36
8 9
56 17
42 65
10 76
14 55
12 25
46 19
30 36
34 5
61 66
53 55
35 26
41 68
7 77
63 72
9 8
60 76
18 64
31 33
2 33
1 11
36 19
12 8
48 73
21 2
7 76
10 36
7 74
19 58
59 72
5 54
57 15
61 69
38 15
57 23
57 21
65 47
60 70
13 39
19 5
1 16
20 68
4 4
64 43
9 4
24 68
24 28
58 23
65 23
9 79
46 59
43 4
67 71
3 24
43 71
14 68
44 22
57 62
2 41
51 7
69 36
45 74
36 65
17 12
2 81
67 72
60 1
2 77
30 68
2 30
25 49
52 20
18 3
45 26
46 72
7 67
62 40
33 1
32 79
43 52
47 78
13 24
7 3
13 7
18 30
37 32
61 72
27 3
2 55
40 2
67 41
3 7
5 60
9 12
18 28
44 38
43 40
56 26
63 42
6 2
41 11
34 73
7 62
59 16
11 58
39 20
66 77
38 1
69 61
55 2
11 29
49 55
45 41
20 70
32 25
51 22
60 45
52 66
8 69
70 79
10 40
64 30
3 64
43 39
47 76
19 47
30 40
8 41
3 65
64 44
46 53
13 14
12 14
21 23
22 53
18 77
10 51
69 28
54 41
22 38
60 11
65 32
34 6
29 59
60 14
3 76
7 30
22 71
68 29
1 58
2 3
28 4
53 37
53 58
49 36
61 37
47 24
30 80
15 3
69 67
39 67
52 72
50 4
39 42
65 73
34 4
45 21
65 11
29 71
66 32
15 61
29 63
51 15
4 27
25 34
29 45
2 36
33 58
2 24
10 4
62 39
36 44
21 11
19 49
12 3
64 28
50 34
9 31
10 37
14 12
36 51
65 48
20 78
61 11
7 43
34 54
69 50
2 74
17 48
67 4
68 38
30 8
15 62
58 43
15 33
54 63
38 4
18 58
28 75
34 24
47 40
55 10
18 81
64 13
24 34
67 60
25 43
21 16
25 66
53 38
48 35
15 71
63 50
51 25
65 26
11 26
9 49
35 20
32 67
41 26
6 24
49 3
37 4
30 23
18 11
7 48
33 24
42 68
35 40
64 71
67 49
59 78
25 55
4 22
69 10
63 19
69 20
45 18
62 78
71 58
31 53
51 63
2 58
62 54
45 79
20 41
33 27
8 71
30 29
12 29
68 3
27 19
47 66
