15 40 178
2 4 2 2 1 4 1 3 2 3 3 2 0 4 3 
3 1 2 4 0 4 2 1 0 3 0 3 3 2 4 1 0 1 2 0 4 3 3 2 4 1 4 2 1 1 0 1 3 0 2 1 0 3 1 0 
14 31
7 26
10 33
10 17
6 27
12 22
13 9
13 14
4 24
2 26
1 8
13 29
14 40
10 7
4 9
14 2
5 30
4 27
6 17
1 2
6 1
11 5
10 27
3 4
11 29
13 8
1 40
13 17
13 16
3 22
9 32
5 33
11 4
9 35
14 11
15 5
3 12
14 23
2 1
6 13
6 7
1 10
8 27
10 18
6 18
4 20
8 6
11 11
15 15
8 33
13 32
7 34
11 37
4 12
11 40
5 5
14 9
9 31
12 17
15 30
9 40
7 14
6 10
2 19
11 12
9 9
9 38
5 24
13 20
10 16
10 21
2 17
14 3
3 31
8 28
1 28
3 8
5 14
3 21
2 2
13 7
11 9
15 19
7 19
6 6
8 25
12 34
13 39
13 1
5 17
8 13
5 13
10 30
5 18
2 5
12 23
3 2
9 20
9 34
15 18
2 33
7 22
13 11
11 14
1 25
8 10
13 13
11 26
14 28
8 16
15 29
6 8
6 36
5 35
14 14
9 24
12 28
10 12
11 1
10 4
12 15
14 12
8 34
6 23
12 39
15 7
12 8
7 8
5 26
5 6
5 19
1 4
8 12
12 33
12 9
2 24
2 21
15 9
1 31
8 8
4 10
3 25
13 15
8 18
7 25
1 5
9 37
6 3
12 20
6 2
2 22
7 32
5 23
11 31
14 4
2 15
12 37
4 1
12 13
1 24
7 27
3 36
8 15
5 9
11 13
9 29
6 34
8 39
3 5
5 32
10 8
7 16
2 34
4 33
15 39
7 9
1 36
13 19
