63 65 846
6 2 6 2 0 6 2 2 6 2 1 2 3 2 1 1 0 3 1 0 2 0 4 6 3 3 4 5 1 2 3 0 4 6 1 6 2 2 6 4 5 5 0 1 5 0 0 3 0 1 0 0 0 4 1 5 5 3 2 1 2 5 4 
0 1 5 2 1 0 0 0 1 1 6 4 5 5 5 0 1 2 1 0 0 1 1 6 1 1 6 5 3 3 1 0 1 4 1 2 5 6 4 1 1 6 4 0 5 4 2 5 6 6 2 0 6 2 6 2 3 3 5 4 1 4 6 6 6 
34 18
41 58
38 39
2 36
6 65
10 58
14 57
35 40
50 60
43 41
25 32
4 37
62 19
43 58
50 8
14 65
26 29
55 45
2 45
34 15
9 50
61 18
22 26
1 21
46 3
1 33
50 51
29 52
49 20
31 29
53 54
19 16
9 48
41 26
42 24
49 41
50 12
27 64
9 6
43 31
21 53
45 57
28 46
28 3
36 12
28 9
47 54
3 2
44 44
1 58
26 8
25 48
62 61
2 25
55 23
45 63
47 35
56 55
16 21
55 47
18 19
24 42
41 9
36 48
59 40
31 27
45 14
1 48
39 56
1 23
51 55
43 30
1 40
8 55
54 8
55 13
21 33
20 27
2 30
37 10
21 51
32 2
63 32
7 18
17 64
18 51
44 36
12 24
35 48
15 49
50 27
42 41
56 29
35 27
50 36
57 9
14 3
5 33
11 53
55 53
23 34
26 13
15 26
16 44
1 11
1 27
21 26
34 51
58 39
43 56
48 32
43 19
38 63
13 44
31 48
61 28
52 22
63 61
50 5
11 28
29 61
59 8
25 63
40 11
28 11
36 10
23 16
3 51
21 57
28 49
59 16
26 17
4 3
36 6
18 12
50 43
16 24
24 29
46 12
28 65
8 62
4 56
46 48
48 5
7 63
18 25
20 51
31 30
49 17
22 25
45 62
55 57
15 22
18 64
37 57
42 17
34 42
44 48
32 17
23 61
26 55
1 43
46 18
31 5
48 63
22 15
48 61
49 45
53 53
38 11
36 18
59 61
57 1
53 28
13 5
15 38
14 18
13 61
15 58
58 64
17 38
26 24
48 44
5 53
18 45
40 35
23 13
34 60
20 59
7 61
1 3
7 38
7 13
62 51
3 31
6 41
1 2
33 4
60 26
16 23
11 46
42 28
26 2
25 42
21 6
20 26
36 2
61 37
51 7
56 27
48 57
12 31
54 21
35 57
52 24
60 45
36 28
34 39
46 5
16 1
25 11
10 39
35 10
1 65
49 1
5 35
29 58
62 63
25 31
34 56
4 17
10 57
47 37
33 25
15 28
19 59
37 23
12 33
40 20
62 43
14 9
21 50
11 54
29 26
1 20
6 49
1 45
39 32
60 52
60 53
41 25
54 10
26 27
13 36
54 53
63 33
28 47
7 56
8 40
16 29
40 45
43 63
1 62
39 44
53 14
29 30
35 36
34 58
25 21
55 48
13 25
35 55
63 34
62 26
22 43
21 1
36 40
6 54
20 37
51 48
12 23
43 48
24 47
56 20
44 17
10 43
30 59
38 43
8 13
43 54
16 39
44 22
34 27
29 10
28 21
2 59
6 40
57 5
33 14
45 29
31 55
47 61
48 9
53 52
47 19
42 32
14 47
55 40
34 6
47 13
17 12
59 32
14 46
43 3
48 6
60 30
40 5
56 14
21 42
61 49
2 1
35 45
25 41
21 12
16 55
4 20
39 39
48 36
35 23
47 53
6 63
46 61
28 22
7 53
46 30
38 57
21 35
18 49
51 8
7 26
48 51
63 28
16 45
2 24
57 65
8 17
11 64
62 53
31 10
29 13
28 63
6 22
17 20
3 8
40 7
34 29
28 48
60 49
33 35
20 19
52 54
33 11
40 43
29 27
17 8
59 6
19 46
32 53
17 63
43 1
3 32
9 43
43 22
17 10
10 28
31 39
22 30
13 47
15 25
8 10
49 35
59 31
55 29
41 5
21 30
13 46
48 47
4 36
27 14
14 55
21 44
56 54
55 62
8 46
10 32
36 24
1 50
23 12
58 34
34 61
59 63
26 57
61 30
49 50
58 58
43 57
31 60
16 57
47 1
44 6
46 2
29 34
32 65
16 11
20 13
40 60
46 59
40 26
3 11
61 38
63 17
50 50
42 26
14 39
37 33
11 47
49 15
18 55
56 58
19 51
38 62
49 28
2 8
4 46
60 56
28 29
44 65
45 28
38 31
57 8
21 9
14 43
12 21
54 35
44 14
22 48
6 56
25 13
52 64
26 6
29 48
56 4
12 8
14 29
52 17
4 64
4 65
44 53
7 54
42 23
19 12
1 53
15 41
50 29
18 7
46 35
19 43
12 59
31 23
63 49
29 59
35 62
48 14
49 29
27 38
24 46
28 18
39 62
49 11
49 32
23 53
12 50
19 21
39 20
51 4
30 6
61 26
54 39
22 2
61 55
15 18
3 35
46 7
36 29
36 52
14 41
50 26
25 37
51 6
37 11
5 6
52 56
61 1
60 9
8 44
24 3
2 19
6 21
62 40
57 38
59 30
31 9
12 20
27 45
5 39
53 55
21 48
27 56
47 41
14 37
2 16
35 56
23 58
14 31
45 42
41 54
42 51
39 9
47 31
4 16
41 42
19 33
6 23
57 15
32 48
18 52
17 60
37 22
25 16
9 34
62 24
8 61
40 42
32 32
3 19
10 34
24 23
52 16
6 6
52 55
3 44
25 6
12 28
32 21
6 29
25 3
39 31
54 23
38 19
36 13
4 41
5 46
3 33
23 35
18 50
16 9
43 25
47 24
56 50
10 17
20 63
48 11
7 12
3 7
26 31
45 61
18 59
16 10
7 31
10 10
63 62
45 27
37 25
16 8
54 22
23 8
41 46
9 41
23 51
12 48
30 2
61 10
1 30
58 44
5 45
25 15
39 19
39 18
7 47
14 48
47 15
55 34
42 19
37 14
27 24
1 34
19 8
9 20
25 45
48 43
29 53
33 19
18 47
9 36
3 45
54 61
51 1
35 60
30 33
12 11
21 32
26 10
49 3
53 27
59 28
18 33
14 13
22 56
43 51
47 42
24 33
22 3
48 54
34 7
39 3
53 62
35 12
37 4
59 34
27 62
17 24
22 44
57 17
25 30
11 44
24 21
2 39
6 4
55 26
52 32
33 26
58 31
44 31
47 25
60 46
5 47
63 23
29 49
15 48
31 11
35 32
6 2
5 29
34 50
35 29
42 33
41 51
26 26
16 3
46 64
53 39
51 19
58 13
55 31
14 12
52 58
3 26
20 24
28 58
9 42
24 19
2 47
37 64
19 6
53 1
35 65
2 26
51 23
53 48
7 5
61 45
36 58
20 55
46 38
36 53
34 65
6 7
45 12
18 17
10 26
16 36
43 42
13 20
7 33
9 64
26 45
7 17
2 33
62 31
43 43
40 57
57 54
51 40
34 20
49 60
46 46
62 2
60 24
58 47
46 45
44 20
12 55
15 32
12 41
37 15
62 3
54 15
14 40
42 57
33 15
56 16
33 42
44 16
26 23
44 11
36 8
40 40
58 1
12 13
9 59
28 50
8 45
62 7
21 65
42 60
37 55
55 36
1 22
24 27
61 39
12 38
34 23
48 53
31 58
26 25
12 37
8 11
50 58
55 8
28 43
33 39
47 48
57 49
7 19
35 11
32 3
60 2
55 52
62 23
55 7
55 19
33 54
52 50
38 64
3 12
60 28
47 57
38 24
40 46
57 50
61 57
17 59
41 33
35 25
27 60
29 46
22 31
2 64
51 9
5 22
20 36
55 38
42 25
8 18
19 38
43 46
12 1
50 54
19 52
59 11
32 8
43 10
12 3
6 10
14 22
52 61
57 56
59 26
31 15
29 8
45 26
4 44
28 23
50 23
12 32
17 37
34 55
27 6
8 27
43 17
35 43
46 13
10 50
1 29
45 10
40 50
32 55
56 34
48 15
13 11
12 25
33 33
29 3
53 47
24 30
63 21
7 16
43 50
63 3
35 21
56 41
23 2
5 44
32 45
32 24
7 23
