0 1 -1 0
255
 -3226 4348
 1532 -6202
 2513 3783
 -6692 -9888
 -7024 2369
 102 -7249
 256 212
 7048 -4757
 2141 -979
 -3656 6738
 -2921 -4208
 -4872 2952
 4095 2639
 -7651 -4193
 9190 -778
 -1427 -9538
 9287 -5366
 -2201 -9028
 -3486 6067
 -314 1967
 -2707 55
 2954 -7708
 -8858 -2360
 -2898 -8595
 -1844 -4766
 6814 192
 -8881 9743
 -5717 2335
 -8153 -7924
 -1 -7627
 -1216 9103
 623 607
 -3908 1126
 2801 -1771
 1053 6470
 -4629 -8641
 -9799 -5315
 5621 5643
 4881 1254
 6296 9249
 -3387 -7031
 -1387 -5772
 -3192 -9959
 5198 -196
 -1551 4349
 317 -9249
 8308 3252
 -5236 -2151
 -111 1401
 -6210 -4331
 -2006 5256
 -2187 4283
 -5957 411
 -401 -7732
 -9305 6455
 -434 -9007
 2158 75
 -3260 -300
 -1083 949
 -5978 294
 -6491 1962
 7231 -7990
 742 -8080
 -3448 -7501
 1737 -6420
 -9253 -6170
 3954 -382
 1863 4615
 5694 6393
 -9823 -6863
 -207 -1664
 6491 9510
 6736 -9523
 1686 -2103
 5904 -178
 -8451 -6138
 -530 -6501
 -2613 -8516
 9986 -4953
 652 -7244
 2765 -5373
 204 -2479
 4764 -3558
 -5748 8590
 -6841 -4896
 -3567 -2046
 7063 -1079
 -414 -9978
 7891 -6884
 7731 4378
 -4559 -2455
 -6789 -9851
 -8398 857
 -6004 -1220
 4685 -8795
 -6399 6405
 -8599 -3479
 4189 -6948
 2702 -5990
 6349 -2443
 -2721 -4905
 170 -9309
 -3391 1628
 -2288 8410
 -4001 8540
 2944 -9327
 1649 -1903
 -8154 -5016
 -3687 -6293
 1286 6707
 9936 -5808
 4880 -6418
 -7264 -2683
 -8718 -4529
 3733 -6934
 -305 5224
 -1042 -4539
 9748 -1472
 -5481 2337
 -4567 -5398
 -197 -457
 3655 -4653
 -6602 -6549
 -7831 -4518
 -5462 568
 6215 9577
 7284 1968
 8607 -2154
 6397 -9920
 -8909 3029
 1332 -1486
 476 -4053
 4700 -6924
 -5452 -9855
 3330 1088
 -810 -5284
 2577 531
 7215 -5364
 -9527 -256
 9067 2178
 5583 -7797
 7826 -9563
 254 -3345
 -9226 -3194
 4839 -7743
 -4052 -6223
 -7339 -2281
 -484 905
 -6160 -9107
 -2253 -4276
 2024 383
 -5470 8925
 5961 8155
 -8000 -2655
 -5356 -8262
 2067 5192
 8815 -9014
 655 -624
 -3943 -4398
 318 -1273
 -1115 -3696
 -9727 -3791
 -8672 -3323
 5046 -5304
 -1452 -2059
 -7525 6954
 -8430 -5880
 -4527 815
 -2807 -9325
 -2589 -4518
 9659 -2275
 8105 5300
 9201 7070
 7498 -8621
 3886 7554
 5278 9759
 6657 2454
 1212 -1385
 -7074 3843
 9938 -1263
 3824 -1739
 -3278 -1277
 -3383 -1343
 -4853 799
 -3654 -8632
 -8895 -2975
 -9816 6326
 -4010 2861
 4543 3917
 -2296 -461
 2145 -1817
 -8897 2871
 -2591 2554
 -3066 6960
 9495 -2634
 -8294 -7668
 -6966 1974
 -8801 -7043
 -3436 8981
 -1444 2706
 -9212 -7650
 64 9756
 -7131 -5847
 -2527 -3877
 -1761 -1696
 1648 9083
 5693 -9910
 -6583 1687
 -5072 -3773
 4932 7008
 2289 -5973
 -9197 -94
 -3157 -257
 -2355 -5213
 -5510 -4694
 6409 -49
 -977 3518
 -6009 -8108
 -3657 -5250
 -9357 2921
 988 -5216
 -7571 -2191
 -1400 -4429
 -285 2183
 6899 -9123
 -4577 497
 1781 -1402
 -5977 -8999
 -8484 -4455
 -1180 -9155
 -4540 4776
 -1479 -1694
 6853 -4687
 3618 -4080
 2919 288
 -3467 -8261
 -5381 3990
 2470 -6049
 1387 -3384
 -5100 5454
 -4462 -1717
 -350 5132
 -5109 -5520
 -1665 281
 -1085 6666
 4041 -5200
 -4548 -4073
 -648 1425
 -1557 -2979
 6229 -9701
 4125 -9068
 -6421 -3813
 1029 9863
 -7550 5548
 3792 -6157
