10
29
22349 3455 22761 9434 3563 9664 30743 15034 28747 6109 17987 4591 6084 17253 25102 22177 10159 1758 5689 13729 12908 8374 1734 25850 28582 7293 14682 6857 10199 
22
31974 26190 30990 11929 29830 8002 22768 12278 18858 24427 30716 22902 18803 14959 27156 17163 29024 10214 14393 16956 12073 21426 
28
23835 22507 18579 449 26999 6790 10486 19005 11346 28995 27150 19779 3477 22203 17702 9154 13315 16884 21302 18596 7532 11724 1716 31571 1827 12187 30636 11132 
15
24852 13843 21011 4811 8556 5721 23447 19586 29119 11325 1943 30906 28847 26597 24949 
18
14670 2350 13930 31185 10558 23873 11466 9255 21014 31335 24713 28821 6664 28190 10495 6566 20417 4460 
13
23472 13713 30579 8623 30727 18380 10822 28396 30832 17008 10747 30507 18136 
28
25089 19695 27974 23503 2228 8950 4623 26905 7471 8895 1097 16879 30561 3146 27777 29433 7780 799 30129 31394 22793 11409 620 31094 11448 836 16988 16846 
20
1005 15342 2736 19016 5977 7756 18929 9400 23985 28556 31132 31413 16124 27430 19608 17312 25829 9388 5764 6563 
15
17077 27366 27717 2246 26139 14213 16699 15271 4454 24083 30593 12611 9351 4367 16554 
17
16586 30698 17525 17281 10502 24169 8864 9800 29206 29514 18177 30297 6029 23082 17362 17872 18598 
