200
12
2713 11928 13511 874 3291 1447 15452 21413 16256 31482 20189 30191 
10
12750 7271 19589 13917 27758 2275 27448 523 5452 24784 
24
24465 24144 19267 14985 13644 27248 7467 1845 6225 13697 29146 12486 18700 11852 11457 15729 25383 14053 18555 6905 17581 32568 5902 28125 
13
28133 22381 24784 28584 2894 17473 2153 30428 8941 32744 12060 20998 3820 
15
7529 23538 25071 26780 12883 1255 25397 22175 24596 11401 4319 14891 24847 21246 7311 
16
14598 25936 5685 11178 22157 10514 14630 11886 26814 2887 3951 24356 15663 22143 24424 14480 
10
5187 6028 3606 18682 7603 11399 16765 17654 8046 7569 
13
16921 5298 4859 21586 16488 32197 19207 29858 8024 21907 18685 16607 25991 
21
31355 1276 12458 32512 18189 8231 25030 21517 15869 19279 22948 1210 22125 10468 22911 5022 30114 478 23551 20498 12195 
13
31339 30358 30211 5470 12826 12401 10491 20765 7722 13976 16060 378 31093 
10
29954 19213 31937 536 16621 32079 27959 16194 28941 31835 
28
13536 13755 30705 28841 24422 944 5056 16759 24717 1232 25829 10681 2293 2887 26799 5649 9487 15063 22693 11128 4410 23664 32714 22392 22828 4098 29983 12445 
29
20623 24426 15142 765 32388 9782 26111 12534 25673 13339 21492 8304 26903 11839 17695 16999 26122 17693 13474 16325 20855 645 32412 22403 13439 14564 8789 26641 7908 
11
29884 10232 3356 10649 22292 20926 29860 16052 17898 18185 27287 
25
21578 28424 6271 12405 26418 21519 29547 22512 17735 17537 26946 27427 20167 31475 30806 9445 29119 4494 25916 15948 11902 17589 732 26225 16457 
13
16580 26483 15952 14313 29634 7359 18657 22813 3249 7822 5852 18740 12691 
24
30567 17677 27872 29318 7138 7123 26398 9813 15902 3181 24242 30138 30409 4629 20982 21881 22573 25670 3979 14972 8475 11740 8433 10776 
10
16247 17236 8082 32515 16672 25257 27362 24169 10031 19194 
19
2518 28267 1022 21434 25561 25460 2797 16151 2695 31070 24210 27193 25640 29599 4514 17878 25649 26411 22348 
17
7283 22237 15889 20106 28305 28441 3286 21009 29111 9392 30264 8636 24713 15107 5663 30622 9050 
29
28054 12139 19103 30681 20698 19514 3491 6842 31664 2953 8572 13854 16380 10626 31805 10264 656 14973 22637 6760 31298 15813 3256 19287 25921 19871 3045 24035 10409 
21
8456 29980 3668 20415 15353 7886 5364 22275 25092 20832 1630 414 5858 252 18473 6306 20968 4081 6776 26227 21375 
14
14612 9093 28372 31982 4798 8295 7121 18259 2755 20737 25931 26958 30928 7450 
26
4997 23304 6685 21173 25433 28244 4636 9805 16911 8442 31765 6109 16173 4978 18804 6831 27175 7029 11482 15219 28475 32086 15901 17460 31642 20373 
29
23691 11464 15538 2180 31251 3909 5951 22798 13596 28781 29753 6923 21924 1949 16280 5218 11395 14999 32549 20105 3301 296 14220 14155 31229 11272 10162 16072 23800 
14
20040 5821 22320 28243 28065 30469 1187 24408 448 2912 17059 27748 23734 28276 
24
29679 23851 22033 21057 23286 29498 21689 11529 31390 26498 21600 5594 4379 6265 11888 25092 14800 8708 1296 2466 12471 9029 16806 15381 
29
5812 23706 6321 7941 28786 21086 24501 15693 30426 27051 12161 19729 2392 12045 8707 466 18814 18849 24179 20540 23124 3357 29504 12367 10736 27922 3146 19132 31047 
27
22865 5522 5699 11333 14509 9241 31766 209 31296 11774 19917 11191 20138 4529 24360 9355 14011 22028 16297 4247 1838 28469 31723 20184 21652 19141 2357 
23
23438 26410 3919 4966 14655 31306 1172 3560 2049 27496 20553 10197 13399 9292 26413 11453 7716 32158 5713 28733 23066 19092 28714 
26
10100 18381 4069 23464 28136 29052 9978 14400 22487 1224 2308 4244 23752 12403 10704 18699 20500 14522 16820 26995 18402 4733 3106 12613 28758 14752 
17
16683 7942 18097 17706 32191 15022 1995 11499 3990 19236 8378 11880 9341 17806 30303 3599 22018 
23
26966 4638 22839 15950 9175 10494 23474 4810 32474 18899 12760 31658 17023 17233 14940 15464 17836 27857 6914 8258 12536 28068 15017 
25
26824 3751 7304 19737 25271 18967 184 9798 27196 3495 28146 25623 6279 25296 2203 5877 939 29033 23293 23175 26882 4215 29400 3369 22221 
23
30745 7066 6428 28857 8425 13556 28142 31454 9961 31458 17560 27845 8636 525 3179 12435 27335 14039 22161 20434 28212 31308 20280 
24
3389 2901 20979 28055 30119 4143 7516 16562 4748 21532 27135 22737 31326 3417 26739 27190 32297 16207 27338 10689 15896 3341 15660 21257 
16
4086 29118 21675 32391 1719 9160 5858 23839 28797 30232 4184 16850 26724 20641 7484 7140 
19
8552 19605 29457 16709 9377 6102 4303 28362 30740 14514 20180 31792 32198 4401 11992 11484 20950 23044 8092 
12
22437 2838 4907 20581 8761 12899 19039 23727 15332 11533 31144 3651 
13
30380 11017 4257 702 742 355 16826 25408 21825 16630 10333 25475 19252 
26
12018 12961 19588 11129 30314 21781 21966 11241 21878 30496 4447 30297 22519 15980 29260 17760 21174 24304 1472 13902 24406 30483 28304 9838 21639 30484 
18
30088 3708 6057 9530 20906 7070 9190 7380 28712 8578 6753 7218 22498 3608 27028 28405 8389 26918 
19
13090 19605 23029 1182 11382 7401 13643 2536 25082 2679 10136 21081 14807 16785 20340 22401 1898 18416 23625 
24
16283 12209 1357 14801 18283 31645 27828 16988 4301 6317 17187 27246 31159 4301 16231 20466 8568 23265 15975 22405 10316 27654 8023 26582 
23
28186 12335 29779 7661 16254 15964 6914 11650 8218 8117 22956 1185 12194 18352 7745 16526 8472 15574 13944 5170 18323 628 25270 
15
24638 19092 4145 20655 15779 1067 32341 1219 14378 6548 21351 22763 2012 29501 25704 
22
27501 4769 13372 17659 16506 22902 28171 19425 28943 20775 24296 5308 23148 1668 12976 25855 4361 19897 30773 11851 9687 636 
13
28733 20681 6283 28164 27787 9363 4182 17769 24911 12210 9208 6087 15778 
17
16492 30338 1133 13209 7934 9989 20860 26338 4863 2473 13524 17737 24509 26585 22599 32553 10931 
10
9029 23807 24060 20851 20725 19754 3854 29132 11396 32495 
29
26262 26558 11968 32508 20589 16347 1982 26947 26136 25755 15996 21326 1386 21909 18694 15498 19301 10699 22562 28982 30630 30083 30165 16079 7933 16978 27945 19660 29019 
23
24366 28044 5873 118 10559 31629 26774 22482 134 5854 1897 11328 26307 22231 6072 4585 23624 17415 8993 16897 29512 11886 26103 
23
10322 13292 3048 16586 9241 2810 8156 20694 19062 26008 13087 2290 15024 134 32707 10747 9466 12983 2624 19092 6461 4355 1630 
25
13080 31260 853 1039 18214 7875 9010 27199 30079 23100 24956 4228 17793 28415 11544 18243 11984 31664 22890 18011 13211 15441 10941 6142 28705 
24
485 9663 17268 22842 27426 7147 30077 1713 5192 5917 32321 25246 28189 20493 21090 29349 32003 14761 22761 579 7383 17767 28226 10684 
13
16857 6280 16725 21068 1922 20740 5316 5535 26600 1776 27365 13262 4842 
25
13742 4675 26196 30499 32357 22914 23473 10246 25104 20419 2144 6617 12846 18144 25578 24279 3492 8562 18579 8704 1530 13111 25135 10921 9415 
13
32567 14647 25962 8744 30748 8488 30459 19854 8411 17491 23170 19495 30930 
29
12646 24325 3282 30682 20520 22269 16245 19092 26960 25536 27570 15498 25768 24136 5550 21530 13993 4726 7637 25555 19507 19449 10794 7805 24193 10865 14811 11353 17243 
21
5913 9642 3469 17425 6950 5747 4505 19700 30896 28547 8873 29002 93 2223 7111 14405 5031 6239 2384 11810 14826 
13
1702 6920 3003 12167 9254 8500 26748 10686 26970 1619 10797 25531 18287 
20
19333 19757 4073 31886 13378 32683 17301 19543 8125 23286 19903 31223 20929 13950 32678 19203 3485 19496 24621 19743 
17
16463 9171 15902 10213 27401 24805 16235 10680 18091 21491 22695 31255 10127 18560 3475 6868 8468 
18
2865 9978 15335 249 12326 18853 24961 8338 29795 5911 8433 2095 29700 31753 12508 23921 8568 14143 
15
8806 25315 4447 31618 19456 7872 18179 25889 7366 31691 22797 28103 6090 22558 14139 
23
8155 15258 30971 16495 5883 18824 6272 7214 4628 30080 25621 21814 29926 32650 6577 30577 2628 31620 24780 9033 27776 26564 5746 
12
21028 5886 8086 29643 4834 29031 13736 20456 30926 20762 24938 28241 
16
32187 6143 19304 30019 2907 11844 30054 12828 8348 5732 9119 22759 26646 7079 21256 5722 
26
4235 3062 4608 755 8982 13608 1327 10580 19306 6152 15931 31088 2202 31278 25577 22596 24508 28710 3366 17245 20800 19827 249 24822 14464 21971 
12
23393 18839 5061 20086 2984 8567 30793 27075 14195 7222 10215 11416 
25
26025 6386 1672 4450 30772 26382 17469 13419 32224 32752 6436 32590 18350 3429 29031 12512 20268 16534 8220 23596 30277 25226 15804 7448 31069 
17
19158 70 18334 13839 27396 8761 13708 24367 19487 18873 15840 11258 3503 376 17555 9294 15525 
10
4153 22853 14157 5281 28048 19055 3454 17729 12633 12382 
13
7827 3174 20584 2719 32052 26101 15784 18013 27585 12348 11078 28006 10044 
10
13304 7975 17074 18940 15049 32529 11803 11655 18714 10898 
15
27349 3558 19269 17766 3706 25162 6502 23903 4794 30532 25224 8709 15331 4283 26762 
18
3809 29119 11463 693 5644 24083 31629 3939 26692 21736 19409 2184 9792 26860 18208 3275 25123 22915 
14
24420 9552 20820 2970 15045 2176 28168 28664 13952 4626 30030 8051 17509 20130 
20
12456 2282 22492 32080 18889 4817 15762 14388 29259 13828 1293 14531 11486 3524 12961 12239 28066 27138 4484 19079 
25
11277 11745 5181 13399 22126 13607 9580 23808 21520 12455 17401 883 15013 20062 22713 21699 3140 11279 24116 9704 15447 22678 11432 8116 31668 
21
18257 26377 4106 29374 3816 5448 14975 1796 32106 5388 29079 30157 20250 14105 29272 14873 15561 5007 27820 6970 11093 
25
20230 23011 29808 32272 30024 13186 11426 1930 16101 12239 2705 23156 20546 27813 21377 2706 867 23570 28951 23425 19395 10410 5218 26534 4483 
13
2588 13156 18375 25623 9260 146 16990 12597 23664 30252 3745 11385 5306 
13
21405 28367 6168 3148 32116 9954 16729 17759 14336 14642 27340 13597 31930 
19
2891 19599 14298 11235 9336 6490 18624 21149 26183 27446 24979 24621 11197 28066 2600 24101 13559 2519 18981 
17
17005 9466 15974 19741 30072 3733 7583 28301 6674 13128 28739 19370 15837 26556 32677 29323 14440 
26
16478 5237 2221 9785 15342 22773 11230 10204 15782 26411 20833 10269 18117 6505 4121 12516 3553 3837 231 21278 3464 4170 25200 19306 26152 31006 
14
24341 5932 7487 9841 1353 21352 23367 5734 12417 29879 20914 23131 19520 21218 
19
8704 17155 452 12115 15266 8308 15020 8234 26797 9184 29955 30354 23407 22251 29231 4969 16926 31875 16566 
29
797 27666 31399 23738 3707 11512 17206 17551 26813 26168 18342 3564 21213 30321 18284 10373 13202 18449 26513 14413 9682 13765 21848 15757 20629 4916 31777 819 27613 
25
21133 18285 5875 23196 739 21111 25587 25221 29362 28594 15498 25899 28088 31989 1023 592 30723 1063 6768 24610 2902 4878 9567 25012 17358 
11
16749 8619 16325 13606 356 1338 14071 17720 24187 31568 3299 
19
32214 15375 25205 21827 28493 7297 27361 26106 18798 19078 2002 1379 18117 1297 28868 28692 18523 9364 27054 
27
24956 1977 19685 6632 20669 14419 27709 9134 2622 23700 3441 5486 14125 18560 1477 15211 20107 17313 14569 31651 11059 22269 32545 13151 17176 14149 13987 
21
25550 8015 1088 27708 6220 11974 1863 9761 7152 8481 1191 19449 32451 28881 19795 27127 24319 15039 25579 11345 23502 
26
9624 29847 9557 21403 31288 22851 19953 23334 20411 17297 16576 5836 25804 8081 356 25659 9908 21114 6403 15754 9852 27457 21650 3696 26962 16746 
29
27060 6191 30239 19613 13028 21174 2943 10204 4170 10590 1592 23000 14620 723 19800 7226 29683 28826 15456 27724 22910 14068 7066 29184 12152 3078 29357 22580 28631 
15
26991 31284 20551 20952 11002 2689 24022 13834 32514 5841 241 20700 3430 3414 32143 
26
4 10051 17324 8434 30418 23693 9209 6095 555 17646 15570 907 5990 2608 13168 19655 13229 20392 3424 21552 8460 13057 15923 6493 4553 19003 
25
18682 1524 17138 14567 30247 12094 1764 14047 795 18191 2478 15635 32013 2770 9174 20352 28500 21140 7950 23458 29133 30157 22455 25575 30333 
18
6053 32612 6775 2683 3618 454 32256 19210 2357 24460 26610 12974 21540 8820 14430 26942 24375 563 
26
15929 5311 30057 17833 24925 32599 20180 11791 2422 9578 15044 9224 32117 15861 12495 11040 13249 8846 11717 28726 31698 8870 18919 22238 26107 7179 
24
30211 23943 31920 13507 18385 10504 4529 24695 4305 17644 18322 22384 16982 19537 16328 7391 23577 25627 24442 17885 4384 23619 15240 17756 
13
31601 1485 13406 11698 10446 24481 27237 1362 26643 13730 31274 14567 23527 
18
26257 28438 16999 18503 9181 17258 8198 8665 14624 12791 3223 27067 5622 26174 22184 279 28787 29009 
15
23858 16218 11064 24270 5103 9360 17298 4362 4501 23504 17791 27516 23505 415 4798 
24
1535 18051 6675 27196 15013 25200 19692 8466 32320 23683 6211 31129 3908 31475 25798 18395 1886 28484 25142 28580 8700 4797 8717 9364 
20
18205 17763 28786 24847 20362 16914 29635 14656 13770 793 5275 27957 4021 26686 4020 29330 14570 26872 8125 30230 
27
24203 12020 5848 11394 14709 18167 26320 15829 9737 13015 21658 3449 25690 1903 25207 4664 22362 1524 20117 19482 3907 3277 4240 23513 21302 2724 20536 
14
28194 10173 14741 4553 17128 6534 21032 17278 27581 21616 13172 21182 26831 4094 
26
25676 8747 20763 7696 12178 16606 28337 26243 18395 9050 17527 28606 1474 28956 2059 21690 9450 4492 29760 20937 27120 2597 16057 13271 25758 2005 
28
19695 8802 6055 21551 4609 25854 21151 29216 17890 12672 229 18211 21908 19317 30759 12612 18888 28762 14648 16912 29089 26451 4349 27631 10939 14624 16521 6580 
13
9292 28807 25715 27721 8615 29656 23442 10732 3319 7550 4899 32757 17899 
14
27761 9295 23888 6767 19673 20917 8839 14033 14044 19572 9527 32316 31090 9330 
24
1629 27040 22639 31471 23705 23116 16011 26999 21164 18001 22024 15775 32400 24783 26194 16057 29088 32708 3900 26580 27389 5345 11917 18227 
22
10390 16059 29182 16146 2928 4854 24630 4073 12708 5224 17646 22228 27884 25788 14009 7529 30865 2525 15455 17820 3017 1792 
13
2787 26180 1764 14698 7832 2818 31576 11589 25502 7527 22015 17679 3399 
14
15952 9198 9589 14569 26848 17075 15872 8184 29668 27221 20824 6781 27889 12957 
29
18620 25607 22818 19402 18712 12238 1144 15879 13540 18207 18341 3425 24439 21446 31188 30371 2942 25223 13902 9033 2711 21599 6309 17637 31515 29963 2354 32705 6202 
16
11714 26822 20558 29552 21133 6812 5481 25218 24424 9747 7216 5354 11579 25026 31981 11675 
13
23790 27359 12195 10045 31149 30165 2411 20268 29258 2555 25914 15418 19948 
20
25340 7991 2163 24359 8002 24572 29091 31838 11145 17568 1924 20110 23487 6383 20488 18417 3331 27159 30191 12635 
10
10917 11496 3531 28302 21168 8441 23616 13689 20564 29984 
23
18689 23651 5435 13808 17797 1878 24357 29472 19306 4746 26402 23973 1704 27049 23421 22189 20360 20581 19311 24987 18604 6253 21827 
27
7759 29593 32696 1427 19150 13928 17063 28147 1127 7853 741 6481 14401 29317 1387 13014 13997 2956 7604 24350 29868 8785 7015 838 1713 28167 15158 
12
14504 27773 7942 25730 26422 26192 4432 7580 32323 863 6087 25739 
15
895 6459 20977 15743 28528 6845 14505 5595 22032 22532 27808 30931 27087 15119 27623 
15
4707 30476 7686 6569 18109 19065 7570 19404 17211 11401 16386 7391 28703 27081 20414 
13
3136 29699 11385 3911 28671 26978 17857 17787 31869 5848 9172 23078 2827 
14
29366 7440 28898 1209 17280 24504 27413 11235 30715 664 1731 31786 3181 26538 
18
16885 13235 28203 7767 774 31120 23455 2586 20388 24389 22037 27963 12025 9826 21420 29933 10937 15835 
15
8428 15876 1374 29404 16749 11150 23268 30243 4432 32509 9863 5037 16541 15762 22675 
15
814 2572 3551 17553 30633 16329 20062 3122 31410 18735 6641 5230 14942 13642 14207 
14
7658 20662 31304 12062 21933 17856 29046 17651 10059 1992 13813 18927 18988 3562 
26
15778 26668 8413 16910 24612 5780 16410 8243 24665 23370 25153 10281 16242 4676 5305 3530 3511 18242 16023 15589 25732 22461 2754 10969 16786 28954 
29
26210 10104 16164 30787 22962 10098 24249 13120 29380 14432 26819 27359 9709 32530 10603 19193 32436 27586 22409 22607 13027 20706 24670 23919 27614 22297 7045 7900 14900 
29
31527 6761 26484 15697 3183 21990 6722 23386 23613 254 169 19278 5151 28256 29875 18661 25469 10269 20279 9318 2323 9041 23795 13162 4260 22278 10714 16098 6381 
22
5807 4699 13785 28110 27859 4225 17139 5147 25692 28898 14880 7647 20582 2805 25230 3300 26030 21083 27624 29302 20317 26724 
21
11530 1569 26325 25470 10532 7554 18409 27614 10615 31604 3989 30103 23117 11816 6672 6042 13353 21544 13203 13771 29099 
16
23902 16889 7349 5637 25595 2324 30412 14539 10950 24730 16577 27798 20653 18515 9616 29054 
10
21566 19592 26536 3261 29387 22188 26395 18183 25418 19290 
24
8948 28836 14378 23559 7311 17481 2073 26337 31309 25961 21991 18732 21140 14439 15805 4729 2681 4747 29203 21621 12750 13815 6097 7798 
17
18908 11700 22355 30829 8941 756 27001 29326 28692 292 30011 5778 8036 19801 32106 17882 3920 
15
16934 15060 24602 5959 15859 25026 31118 2165 30992 11965 6383 5018 9988 5369 31538 
10
17017 842 30570 6208 6989 2535 7556 12384 2791 3439 
21
32445 17095 11049 31023 19339 26977 12944 2715 21671 31020 22543 6339 13950 5622 1289 10512 23595 19578 26908 27445 15071 
13
12455 9641 23686 2932 1161 18010 32167 5554 14124 27552 17036 25633 17091 
16
18340 2182 31951 3794 4389 4683 8936 28564 7669 26063 9402 13888 8651 7681 20302 25165 
27
11309 15755 5778 13582 10774 12796 7168 29889 4676 15827 31887 21264 21151 22830 19065 27042 27965 20634 26535 31753 7033 11221 24936 13476 10053 29145 13417 
24
28353 28181 3298 26637 17932 23294 22285 6943 11097 5574 13276 30070 326 16235 9707 32399 17258 28404 2740 30284 26925 22776 13314 22682 
26
4191 13736 17489 7422 17516 15218 18780 21985 8188 31580 25113 4472 11784 6146 7170 1896 26481 1880 13198 26464 19965 20891 10066 12201 14492 15495 
13
20991 13553 14027 32289 6816 8717 6074 27333 3490 26750 1859 28635 11913 
25
8739 23422 26137 20402 11865 22784 31337 4741 29658 14032 19769 28560 3463 17313 21637 7855 18012 1736 347 30605 22250 22502 2281 26216 5895 
29
17370 7700 30660 7307 6115 11075 22943 27396 8088 19715 4858 1887 1157 13960 15052 23301 16250 7724 2967 24004 13094 15796 29338 14378 21735 10197 8007 25905 22497 
28
9975 5922 3662 6456 4317 25523 29972 15796 24120 31602 7581 9988 25293 28775 27107 9988 405 20469 20170 18393 8627 5122 4275 26163 28584 12120 11854 16592 
23
14666 28079 8514 7923 31898 16293 497 31350 28058 27975 21859 20567 19346 17359 21179 24251 29026 12972 27520 20893 6504 4050 20128 
12
6308 30293 7349 20464 21786 29494 12678 2140 31608 29821 9937 14945 
18
11911 29768 119 30345 27554 20697 13410 28202 31191 14642 27562 31638 11015 16261 6220 3878 6970 2184 
12
12786 12595 6593 2521 26170 3400 23808 29411 26373 23152 32045 6314 
12
13726 67 4808 20168 8013 17053 29379 18947 11100 14193 4739 5196 
22
4762 9994 23798 3497 16282 27487 14900 21110 18911 30667 29566 27179 6725 6472 19255 20914 11741 15671 2956 13199 10733 17745 
28
31601 28983 22496 6629 18439 7806 47 21708 12053 2119 13119 674 1991 12765 3259 8114 12101 19863 22574 25008 31623 13405 14964 2903 20587 30313 3951 9040 
10
26955 20475 4694 14134 22320 5155 27800 17280 13155 1429 
19
10008 30740 22099 21488 11837 4441 4012 25780 24777 31090 19819 27030 14086 27217 14670 7852 4290 18522 23225 
11
8870 10855 3756 564 19907 8975 15347 9443 5486 12072 6044 
15
10062 28042 3502 30889 10675 1046 8728 8065 17449 22007 24040 6137 5710 28456 7357 
13
4320 18742 20095 25524 25882 19784 333 19074 32321 14172 18359 31119 14714 
12
20270 11735 20446 10288 15032 27797 9936 9245 5609 31330 31374 8111 
19
19872 5895 27114 4011 25 4845 21128 32296 996 16650 9718 19399 8073 19415 10912 5081 30052 12107 878 
19
6735 1265 7054 8922 32635 22077 32629 24837 13215 26912 18208 24133 16213 15066 30112 24831 8384 7440 29141 
29
10867 10526 31866 13824 18830 32174 18273 24768 30506 31370 4608 18063 22776 28334 28461 28538 21796 27810 6182 7510 7552 14598 28884 20214 30174 1902 8529 929 14781 
18
26791 21186 25897 5117 3291 11234 9436 7917 3114 21204 12713 8926 29586 27695 31515 31038 32404 11778 
14
8869 25657 2242 7756 22377 30035 23687 19972 1645 28677 3704 9816 13881 11397 
29
5581 31824 1825 15700 8634 32445 11136 29309 11177 13296 9515 761 9727 21704 22859 20440 31712 13553 19893 1331 12365 30064 24867 354 30863 17788 22724 15470 21977 
25
26360 17353 29225 24766 3924 7741 17519 12358 3053 11299 16369 15719 6099 22485 4846 30069 17115 10854 14465 25644 12962 6288 25033 2116 29902 
18
31303 22085 18071 27754 19335 23965 30087 28154 1027 17392 15741 9863 9540 2735 18424 20526 7498 21228 
23
23467 3886 4973 13003 30482 3846 29951 25864 27841 21769 18700 9436 28306 11252 20080 6277 8533 7852 14473 27066 31869 10532 11405 
17
21017 28801 10529 11818 4870 18044 3111 18545 9059 31752 10967 21667 21318 18229 12305 10992 20397 
18
13553 6611 8120 14941 18341 8599 533 31374 21627 2329 16059 4948 9534 12239 16603 26222 27331 16649 
16
4687 1215 11383 26598 20164 31707 2028 16489 31960 25099 15969 13118 28149 3355 12349 14790 
12
24459 10452 22931 7797 5020 19757 26652 18522 15531 26632 14005 23378 
23
14111 15038 11147 23645 7597 1562 4266 2723 24621 9187 8117 23444 19812 11611 15408 22193 30881 11046 17542 14282 26948 5815 23979 
17
25469 4105 8704 1403 11862 7055 14199 10297 31476 31853 4343 13992 20761 32488 24322 8020 9454 
12
29589 29013 31232 30700 7503 23260 14216 17983 15830 30219 4591 19562 
24
22538 11665 12776 19980 5719 24258 31569 30499 13917 11022 5769 5468 15177 28613 30520 27411 17945 20920 22395 4159 31733 23101 28890 6042 
12
25977 16761 3843 17398 17886 12690 24352 30118 16626 11554 20039 2534 
19
1507 10911 3154 6647 12667 24450 5607 5817 14323 31270 20248 5649 26218 24957 22557 30755 6667 17753 2959 
17
14140 2260 20274 7192 8472 11247 26386 26407 17696 30841 32465 12816 3885 30259 23871 20023 22954 
14
30251 22268 11775 25987 20089 21892 26960 10005 26229 20923 6504 21716 7783 29849 
21
20498 18792 8101 6629 10540 25203 7608 8521 30314 6079 20740 3864 4646 8268 596 32637 1073 4028 13717 27206 6770 
18
10134 14742 29904 2980 22796 14553 2131 14452 19161 28669 23941 26687 20366 16096 3615 25076 5678 19716 
18
31577 21045 8586 19138 4259 9432 30558 20553 6724 11151 8623 6715 21764 22481 5282 12918 12371 29726 
12
13853 30429 31299 23500 32245 25952 7898 22256 9743 9146 13840 14267 
13
21575 21931 1644 77 11625 22603 31156 17731 20840 9711 11553 31269 22653 
13
7133 7119 16681 31994 13208 18555 15051 32608 5059 21034 32370 29841 19711 
19
10736 5862 13525 29829 20784 28526 8615 10000 14793 29491 8934 11749 29906 1471 2438 25465 19193 1247 21679 
15
11983 16807 22198 15797 10598 2742 9803 20203 29982 11196 12276 10 15036 1593 31674 
14
9404 10119 31521 18259 15593 26 29534 10488 18474 8199 22469 4992 5279 7363 
18
1209 28140 1069 10631 10259 11221 207 1485 15618 3852 4961 12982 15524 24646 1423 10193 676 1428 
18
16068 32094 497 15751 20355 10563 4887 15821 23750 23423 24984 18671 25785 8154 30505 31381 10741 11740 
