2000
60 1
1 1
3 3
60 50000
60 60
50000 1
48966 1
3 1
3 2
5 3
1000000000 1
987654321 876543210
1 1
2 1
2 1000000000
3 3
4 2
4 3
4 4
4 82373
5 338841143
10 469795038
15 3920567
15 385467295
35 63
36 63
37 63
38 63
39 63
40 63
41 63
64 96859931
79 25659510
81 7
90 63
91 63
92 63
93 63
94 63
183 327
322 373
322 2636
564 39689
654 746989317
848 46620
873 4383
3472 297492278
7327 4764
10000 1000000000
23623 84733
27076 346164451
32832 73232
44789 1682840
55574 49388
58933 670227306
64281 40524
91374 816110416
247051 954209858
750758 373855410
2393627 1674
2906682 616531489
6114416 133017382
6240730 452262198
7368841 959584
7661137 717023
8647499 95668
10198783 37
22057479 7966
66442405 11860
72884870 611802957
82364646 38
104086214 801456050
148371534 7587706
151403858 302852177
178275374 10
211961529 708865200
291388018 836522883
298984849 807370501
300735188 16
303154838 41
320861287 949502693
360621153 177
368712057 110
370061683 20479689
406486383 712020460
408297065 81205484
410442627 99863879
423728044 680589140
431793980 1900877
439165413 31273839
484800872 817752860
517082547 194971110
545040495 349226636
558427013 2
600229478 14507012
618973530 925332874
623452241 58579054
633916535 2489209
675068807 224155941
692701178 50
697361880 4
712384807 352584036
721501126 551
722210475 704387675
739014523 184176866
759893834 5208
784916702 230290042
811409044 41
818575853 10
820283378 21438417
821005795 306077643
835228347 246071042
845990695 772528466
851433670 750005226
864042774 207433349
917937478 240749374
429865193 119075969
999999995 63
999999996 63
999999997 63
999999998 63
999999999 63
1000000000 63
1000000000 268435454
1000000000 268435455
1000000000 268435456
1000000000 500000005
1000000000 500000006
1000000000 900000000
1000000000 999999997
1000000000 999999998
1000000000 999999999
1000000000 22222
1000000000 1000000000
31321321 24234
1000000000 8374
10000000 1000000
7 3
999999000 100000
1 33
55151661 882721270
469707949 72
672606684 91
141290062 28240
971166276 8860
569431230 46
389316709 22978
262618739 654537076
345671124 756033175
720354643 879107594
18213122 409312415
442135609 4172
307539993 11311
288173839 222858749
577067176 882245317
641331494 669159637
974092803 25030
396307422 19
391114983 117
268156313 41
894744562 301501871
5528690 916909879
293661038 901897919
607568838 6509
243102906 750763662
927083522 20948
10652364 968387355
671845148 130
727387452 22391
953296367 24
535584244 1
363733759 14031
724773004 34
394275365 14243
177054449 412044705
256325518 31403
601946652 23
551473618 899325529
144587478 1145
285345950 22136
116066482 569452182
705121038 100262085
982974059 812424594
335184246 29
399767718 39
482514274 15032
526068623 75
886531153 35
56870345 802607907
966855282 399502795
79222365 749187275
80930661 969596322
280378488 9803
57140411 26154
218241326 191
98326113 17164
400272890 932853572
593271895 496025991
397427946 324398625
378180395 71
596150833 334781835
751853282 18407
187412116 50
550803350 2
664304638 21120
36999732 429423846
755194250 63
42005656 583138049
824710105 24240
91896923 23
851258101 68160495
353132376 5
542508523 628940170
332800495 8410
734165170 49
281205000 2678
525144940 30
935757899 12
692694177 838231945
751714465 14407
670860689 5499
693701638 26638
45994592 257476140
149507899 378773119
99675555 3732
643527419 552201666
40537854 622776595
493884563 9911
860041912 11
459039110 31431
170156418 28
278329674 100729076
557329294 14826
612488702 27
237662020 61
622019373 27
565917484 22855
352710522 394167920
404645355 22703
538844000 21694
887260803 64
975515459 846021865
907608013 206581373
400177924 26960
742664220 26427
838084000 465700470
155047971 999575975
593269333 583
376532218 488434559
523212124 309963958
555352216 19410
347787252 24687
572943344 8
646641180 25215
97136808 248768727
950985448 367249696
406893334 51
145352071 163089749
39603344 4328
796797363 148161636
207855637 327601101
693809928 491419869
515048273 856601700
559275670 123862724
344798180 2
354105758 35
429393254 19
50195263 22797
304067152 3538
362301447 903177459
668077801 36
468448858 17915
104299027 17745
836436595 818304313
623736885 1503
911538895 27
969926344 9
923198069 810496840
141895572 197
395815579 375379562
786330628 14519
125573636 103
276101712 487962396
320920878 137
143688849 20736
210825312 374502565
685507867 32739
688024184 16637
46938716 66
822401601 388396382
998506903 28441555
628982996 847432266
51586346 13
797988581 301402208
806427073 19
313995871 296130123
665536404 27118
447954869 880868164
528596868 521378018
356766898 41
210656150 114
369573938 814516531
618352308 19419
862859010 973557179
270372823 31
785461117 23711
205416565 6022
88517791 67218552
701215497 496634694
631098541 684925584
277120052 6076
842336568 13687
194456461 5
65935979 221903311
471883056 31196
803714555 894927145
80050898 20387
784175127 453419183
655231756 28930
21073181 20
752549611 1267
681954648 28372
875925763 870589201
552724353 586759827
262062023 5958
833985307 911078423
48260448 140924512
451952814 889780267
653079949 6909
39230210 453899918
480520868 62
295730814 12638
176284580 118451568
579799995 8
621856933 9
229033583 601094895
868041580 32213
445246688 662180407
250744943 42
731605460 47
607938437 24
804800047 4797
305927907 397174458
443300757 26339
41023147 20
914011195 725356851
993318487 4
309473908 9681
724012651 80103039
846273245 34
187489929 22
517288547 9111
579149286 21
525365774 272911024
626375959 12114
512238431 485501140
210883029 33
395928549 12
970536749 28790
940688735 24905
242186843 3
639159222 24172
919680214 14673
910908208 969010921
139350775 164
424660247 20183
93703419 26
832798343 18370
977817324 4088
953085369 21219
773389517 26304
804763046 167098426
142510880 35
747099955 25
731288524 32
39475277 44
479155296 26142
706448219 680979524
290804098 15065
365105257 3350
178339169 4
987693851 38
393245047 30
608965224 10
957610958 100388558
367664432 18
872364199 51
440421079 268030719
204513927 4619
469866908 400847049
92920728 17278
346743947 1159
105817075 14678
154595143 847875337
993206928 10308
554127846 18690
932548685 877835096
859867811 94
10990780 64093959
244634717 632969157
446073858 2786
82974716 166
817976518 17659
515164020 123060794
567041614 2
537581006 28336
84445480 7066
687363932 214094514
701620200 1385
882970068 20757
975662614 448861919
652178872 745516771
940948022 543843432
768837773 8139
946465198 10481
646541237 162399174
941743957 8
688082074 22378
635441508 13053
725142363 330334792
107232392 775098688
725661255 300256260
1833628 96
93451559 5666604
631794825 6
862642555 121
416271845 219987345
36210269 529334620
659406226 116
686223603 700713725
678946910 29689
938235815 220603816
328918513 271445198
289471839 16192
879784545 23
464751703 7
775948190 2
474760945 5527
394719716 707
168558009 23703
39814636 40
68606459 50
978825736 23878
46221866 35
110650724 6087
740110711 226578110
995767164 5630
225944259 890755428
114145675 181
980890249 531515854
912504284 239545166
354392507 503100952
826448254 728922874
47369488 7562
472022501 54
908963764 693304625
771951300 74
418118166 962117522
547660396 14995
555684841 178821312
150775946 882504394
217054180 67
230655331 153231005
241094878 9
896936772 27955
619168072 63
800343351 439281169
745821759 48
514812912 30073
3942000 26
895620429 510276100
808317788 86
894913577 32726
702603679 11619
153060978 40
579092631 782218323
535982263 19586
692597038 437447292
643570950 504891484
284238750 993423242
224459442 32018
592974299 340226268
556811887 36
606311209 136500257
103544987 947680572
729707208 30781
997904089 403059970
62211818 26867
920502691 498390318
389774713 18
486009065 13936
177828563 21844
784241181 250821907
13090651 27079
452535371 1240
670034399 18
814859378 13594
647813900 31757
249398343 18
831944082 563603013
225930560 771950600
911576747 257
626848607 82
153922351 6
689103855 21
529025545 14331
725176465 37
548674781 31602
640217235 292664811
166278595 47
408591803 31313
357812928 913175593
149907805 360333242
614934532 196264245
974977207 97
550552431 19
356823887 129
788270968 15256
311109676 18637
78006426 10
142984396 94
18461918 863011848
354790755 360630372
991306237 15350
272387260 31628
130572281 10677
805284239 910541327
804062184 14364
859342219 829
732278941 14821
751402315 15418
387112305 3
448383088 134028415
342045937 638926340
577407713 99
553552999 34905170
609241203 18
444972889 875890108
397112925 131
143265171 19
651399662 11
376459893 22952
62092068 62
445915080 13320
700904208 891701598
970375846 29
256770562 30794
290815484 45
183424932 84
51230378 105
942962911 9
917330518 888654077
662310043 16
800613119 13332
353197513 15835
809667316 256854469
453557409 239698245
276239565 29
624490072 19423
210899395 19300
870556156 70
218037773 111
338999944 640571510
224471870 25210
891485198 19839
865483833 19388
479018317 36976150
72287056 13
449231627 33
362312608 16534645
327273380 12
213166553 10648
416995977 24
40513573 12983
94082520 561
136078536 63
702449244 870622622
12653713 649417142
285620036 18973
253578352 92
925181618 9369
394148585 123
770720598 14299
599091932 43
962164804 16054
755387985 502895591
48136053 12
461338369 868429214
239855802 31
217652831 111821788
521698388 7
230461170 567080578
959778474 25
163261951 152
623879734 5760
517833690 852544201
573765130 31923
985517816 3
202999378 104
687018212 574257371
905616094 823484194
634314375 37
673040092 11243
528575105 22
596791723 666380001
668495265 1
765703953 2979
792110325 10
706368346 26688
776183715 12
463551760 41
478992388 595391171
602719876 112
766659761 954205523
597955338 317653188
347516985 15924
136207373 19658
181150458 14217
986678106 20233
601380727 3138
56556280 934122589
6339206 22921
110798048 29934
408148270 13
318329748 539135165
463501126 812230589
792865299 52376553
115801215 21
998168763 488071411
696577338 28790
303655933 820464611
275284108 2581
393741763 3643
408724238 160693868
40897420 12755
140659845 792988967
609264271 21947
738839313 870910703
88968320 24571
322767377 20635
619272808 3424
62819144 991028665
34483674 5
209738008 5
347382203 4502
544161802 10
514552638 69
807764735 227718042
982444974 121
955460894 383519625
659270320 269553999
255855787 2578
932982343 197510722
24412354 235817929
417642768 3
259702937 949167703
512427536 29
95018925 13920
439544997 7402
456815 122
502377559 395648185
768761974 51
998684696 85607473
28002356 7770
579219547 632581236
322305940 10474
871757368 31373
324860893 676105370
385808258 239366795
14120433 4
386102641 61
688414652 4
407015203 556849544
645885427 164
87178296 854893893
598496887 527080283
637587807 24443
312286669 27904
124190811 103
396108312 31
328731667 817664370
900141205 20
83259297 18711
198002845 12833
134126261 22
319168945 81
495587103 31465
730740227 285638941
725251694 841109665
493502870 45
252814912 14491
427247955 24
177973571 453238466
731995609 31717
288022177 11
823242503 3103
395758676 363518690
825928184 19935
803921818 293935069
89857004 29060
772226005 49
524527059 34
213785542 726623631
374663969 27575
558333374 12
288857002 3
864614731 24
225534381 24555
917244027 25
880561854 761984725
350266471 118
556882301 15
603770032 287874885
71862581 26203
769176898 15129
403186684 11575211
388779833 22666
74973454 629571331
734558259 271423053
378119676 61
930416590 11955
826467736 14
805195011 115481426
93092018 16731
101569986 12
778069262 7225
454878242 193569078
586201992 555546364
738703847 14895
949568335 61
690693730 22857053
832142581 260629987
648136021 28546
361957260 39
386994562 549513730
540708150 13
313421697 17
860504786 20313
879055219 14145
442594553 18772
117000976 7500
675574282 27
520399865 542476062
48884245 4319
238361588 18709
867052344 442308978
74712170 5678
484413050 23
248679370 157
855072992 12406
250173471 26461
319145986 52
260273920 70
780988382 31133
46560481 966233672
176185280 980156659
720150422 11
487775912 21709
915069704 24921
466286697 29
648770476 6
680664009 4
186612110 73339948
466242027 174
630056792 53
683811314 92
239517120 11818
96864716 43
601226694 21192
786125386 5
412025554 7580
146732869 11743
937050930 427405770
775820598 586898434
283930703 28116
812929314 230
87958522 898942392
929439488 16690
84058919 386342332
913264714 241309449
800550930 28391
662486235 101
295093317 23920
181927879 11
398029290 25
68118016 13579
119029717 36
816305691 17353
88531149 903248952
734782633 37
999936681 11966
115291624 27696
27751635 45098168
563232588 80518143
617807808 74
617313084 22135
439150084 259798728
971096807 23
650073444 118
641191139 27
918859004 14665
208143128 6
343962137 955426932
352971281 5373
839174064 10600
448378815 535354876
987022897 46
988859972 19
93544988 118524471
458109080 10
343469972 6
978768541 10692
196686890 18279
902061552 32768
128906018 34979300
523316375 66
904259310 13
402440516 29
877505249 144
594560877 106585781
507169057 9935
130464496 24421
587087609 39
468366010 1583
878406041 12
737071303 14862
289072611 22
947159052 23
651281715 251430710
597738245 16454
596152875 7643
726070016 723856099
464931167 25939
871284811 24619
174869652 890012351
947567620 4238
472023407 179
723681631 23186
441581402 500128526
813463872 876848261
919669056 21630
59896376 510797909
492953102 15135
857148460 26
190670716 19258
628361340 17562
225669597 3
589823632 26
293846254 1
639532782 6012
187089212 9068
408889928 276804309
467750331 1894
298176508 25
794242285 6
261907837 518364375
305364378 32
257368224 237
951253976 10954
113016342 167
141550904 527198566
114681801 553355568
535902601 43
439432996 1429
283372436 7389
595591274 9
125062816 56
86270549 9068
412362323 893084518
266458206 18004
637469073 10842
715873768 593814849
384999456 114029820
909029402 660242449
949539631 620619259
558834431 13
45802379 162673506
352672562 24
349199307 741
911144348 30
273364027 119943297
812039424 380598960
493795675 30718
421896444 4
90439651 669458481
703985184 23
105816693 105
597395724 98
801277981 7784
269074376 17586
350891178 44
205648868 485014476
227352957 4112
349814913 64
830431761 1154
478682515 54
604055678 678606804
819759775 732673448
67424705 63
157908069 521904291
616138706 27480
460664037 51
786452499 57509491
776632607 631883458
750056176 824590546
200181928 17237
38505011 492515028
435089750 1713
409614284 90
485801357 683948155
829451346 524559706
115629415 382325398
675981305 13754
977659348 3759
334437714 4
379012444 41
917339035 27
924041122 32
831492210 439805451
537042640 223346057
591824867 857506144
914665216 61
726294903 640499788
80678843 652062722
107993238 21634
740306650 543477481
667314578 40
744632287 37
130074265 526422661
777098016 807431718
843482499 2628
747717534 910607829
612355186 172770511
453824629 782253660
874566112 1541
381152994 262959542
3627565 7467
280160115 166196215
791899779 16
523339187 1553
808877560 124
613734771 740275962
571498271 135
759184789 28883
931084458 29602
205244920 267992413
591672678 11
983027525 29274
433070878 392264724
532081066 57
973513277 25852
818343953 403617612
299194211 340727612
785688759 52
885251840 415670316
79359389 13144
61933441 102
106480705 670347478
291048101 94
65789864 260897408
423899271 12
879359195 46044899
728991056 24869
345519569 14109
580604508 751348784
860196755 118
79422416 15529
515345638 1774
333712956 745000622
969034628 942639636
29859590 835211280
865846968 206
675891167 915146271
212805172 12827
403740356 268
429073967 9
745147080 721768044
173654218 12442
425692892 33
642345214 874993332
739861057 72
249308957 11635
676896363 667195873
219321581 438792448
299017765 4
142181518 4
36234378 28161
465556612 510027137
121037012 5
117763499 23031
807661565 12747
678344602 173741156
828673046 4
220823974 212942781
370868829 48
502510061 14666
297852586 718860034
614407112 26081707
57119711 80
111720097 498
149517364 30142
696026401 94232160
280510514 6272
607170720 55
156347345 318846697
945608311 2
750926502 21086
753634241 740599704
595429607 497189529
440772961 554992637
127007288 4
84423545 1853
696798698 479117047
536647192 728751084
810709510 10596
18765504 23689
772398434 13
549121482 224260152
830498177 701119340
30868618 41627056
437969092 53
74342697 290
659634695 363039133
370818227 24526
721860826 179
174953067 16855
673527 139
364450789 62
896078227 56
601403649 936703953
211068166 779426277
334375503 32
484930067 57
158912601 13345
38799085 27
211805580 802797091
734734326 357298230
923500308 101079473
958176140 3924
324393907 794414641
125878139 30650
441609559 102
628950109 911767383
487792228 21865
696005783 446502378
393489339 370994162
415025179 224
35011912 663128769
401899904 4146
296923115 171146662
328347925 33
312613647 919185058
833473628 890401904
629356926 851883935
843999650 782009025
960897285 250
26099292 12
196443214 8
974617023 20
139534006 63
12496939 1
944089212 8
201491426 18078
713085828 485073228
896415531 125578348
946307291 116
469052744 41
764324041 237611812
399063943 10264
676770202 12705
942494880 887612821
948409824 30417
949154470 11464700
57841071 91
2185797 27635
175819945 27894
120868081 1
601744467 10
539604191 522098724
996423269 277572901
178283735 96
602221464 10
625497282 9575
18807298 542943932
265392977 1476
573510141 60
308836575 507323579
228888404 2338
376544815 14
710670691 5
421915602 15
316231494 2
558973025 24
718514636 844994640
430549251 4
431349940 62
984429043 10585
592763974 10706
947895953 6694
355944786 29
477817065 6077655
524157809 18074
721255847 6
736306515 60
821290174 31071
444805255 4
773558442 4575
320852602 48
81690742 12397
367420800 22
779840903 31328982
609880961 17426
358696100 8922818
735864451 124
805567062 293699294
128834404 488323429
88938844 1
533980548 883893112
433324631 635887584
197966463 953993680
113329312 16424
842599606 30441
651674843 11775
204888469 10032
721482245 27
535288142 586997895
71665684 176033266
949896069 702046802
982448 3
648410340 45
161334482 52294116
980734364 60
661286404 10003
272976163 30657
608944820 26087
350478318 87
374229367 469740246
517609554 686175472
78712245 570395496
758153824 788018123
169903061 16184
258094280 41
785826463 22995
99566106 15140
364086044 8421
791277322 21
287314589 14449
400508461 78
432596969 28039
936184289 19676
705745425 37
705578892 25591
300109666 18317
71048269 45
633435700 19316
746017797 21477
40931579 22446
706749647 528617912
489092910 919183152
454515691 382700509
492949128 16
99276181 15
19728345 29618
928137393 38
468261906 19863
822733817 53
488396412 246944941
172726118 25996
310124614 30659
481566029 249
203507805 589093069
588819713 22785
432085333 898594612
728802734 11
961326963 712853880
309885807 501179583
187730348 20535
559208691 31311
356266817 705455335
237372700 16526
452570809 21
122319930 7
479683998 28590
658484000 757024574
261370889 952620817
132635382 61
100337211 35
710540862 39
845788895 60
469046004 16
595500774 5
684312443 97734305
17455768 13348
61774479 13
16703756 77
447300254 109
525956572 959260909
562945363 1150
385691296 743459732
35805080 11920
483987393 25610
409334626 83
187352009 28081
768927953 434846149
784660078 6
668650878 92
710042386 21559
565994750 31269
820262983 574750657
786059582 631247128
893932324 568846327
328238282 51
514127913 17
263844345 108
531212286 655093430
285248735 28
174752810 36
927286391 28322
787368060 22106
434272433 163
899860016 26
130172344 15311
380950742 285026632
957997779 83429404
31161737 603984743
13102208 7499
630067268 890256955
859915200 38
709688952 4
898872717 17
726340790 610350766
768559774 7669
415923806 594327142
977522108 99415220
317265539 462860836
384869879 3
434771799 776146753
197734081 50
956769433 32340
117577491 30407
948457962 42
880853220 615
117558552 435330481
181381658 10862
253248402 708961515
273858587 5
575513320 17310
435365675 499374084
380065405 885322005
846550527 646048410
2489070 16702
823165188 123
145248213 530850393
803095554 560468504
195570258 337820977
820174942 684238162
292747877 57
145221062 574584090
36664762 1012
544335316 23
584925798 197220143
87366675 20652
186830114 543814044
957323260 236069875
154264944 35
782381065 17988
148733148 37
444853176 25049
221932193 22648
226237685 605346972
776249578 855784319
796716058 58221549
583511676 5057
473617041 18036
587443207 224118139
655061888 498264969
587439450 18601
253632304 895155066
971245385 12584
867059527 23
436331014 487
332792647 15
616848599 892519458
49267294 39
869190679 31733
913670445 11531
352907625 613812758
599022392 35
212522349 48
214132838 78782745
917928390 50965798
331034551 4330
189991383 26
330768815 17871
296824330 7194
911323962 27702
780683261 32275
568435630 7
466186451 27307
741229890 4564
618632806 55
883221068 53
823793211 8
500877447 20
834983085 66
649256703 342137437
213742184 20884
353311503 10154
257578595 895747564
168265620 525763350
956055744 8556
522977333 819817114
859507758 10704
337824520 10986
976378403 17
121516539 3532
514917724 201465596
174284001 762049581
471522834 132
869748128 617630695
372479128 27541
320257682 153008618
799893606 52
131790804 19
350821626 918643325
443533472 22941
907738415 601217567
766831533 101
768317480 515847573
903784488 81
674206484 12570
550027570 9
114904137 25
60075311 61
623902250 88
830318842 104359152
226895118 10
173705782 7
819605326 6239
151884110 9758
7384816 915937594
991624482 189608918
558054291 375284655
987824862 130
829195437 84
980683173 17982
318413631 2
402842782 16158
737970873 3361
461876908 26090
347229301 28
63209158 460040185
637048362 474882123
530587247 4371
401710242 7763
828770473 306800201
789531350 94110629
921800440 12656
858827034 607801802
862428920 9273
590824540 10498
58787190 655560995
415561904 12
433600216 265437644
40220923 170
76522221 723142030
474552235 19146
539815307 16690
9332640 113176289
40625593 17518
920162142 764845968
418620945 24
377472016 635503785
462899399 32
195146430 9934
893447619 12
1140151 8020
546449273 32
380657835 6889
291243313 22839
826099921 7518
663645176 103
706272746 391435137
713067392 4393
416203680 27870
282066855 278786904
451483294 879683819
587974655 1525
500097362 30811
424682587 31626
486908271 22
107758650 15376
566438306 965102786
322667401 23
865372291 110429661
839582190 61
681757034 30
17326283 16
384291316 48
846374399 57300694
275950103 14535
708915624 791283551
835337885 89
745344656 25956
159849626 21
825909166 32116
281046680 3106190
47845732 37
860410484 869204831
116182334 29411
438697789 17
856513474 19006
677376962 33
238279712 44960111
375452400 606768772
77363048 376515585
594738727 19441
648953060 16
980943397 174720476
965184901 21283
766262845 1
277006490 11
669627833 29
742280421 6
605800554 650482154
11093267 1069480
925943046 39
651790776 15717
85331233 17768
104288547 119
735091202 364081118
634235290 219062855
426546222 218112491
25117695 8337
537688291 298621566
720261087 29529
122585863 559850368
336621956 45
468845321 456099936
262255591 11440
569462485 568606571
68644457 18387
299438017 30312
316205322 16644
444643402 743670829
733992747 626197832
188655540 85
602900460 80313133
857776256 96
867903482 28
490666656 31422
785394951 28
631560028 31933
922604546 81957752
165419042 318508083
826247028 109633980
999548857 10424
950258578 21186
205324435 543242069
945639228 144144209
635795393 72
417206361 19482813
611506570 44
254949819 59
991822901 18
418011706 5508
609090227 7932
912851334 5143
8240234 121473724
15912585 7
867701320 84858017
777580372 18
887872397 721859661
970395580 55
76968240 559715951
893173382 15495
567960802 27648765
600815632 5
879373648 6093
881043196 11
105272034 33
648123968 535733667
628240787 484837869
957842778 14303
283846443 21
407999353 828300561
593392285 910373565
428891719 26
760377662 74
302942568 721459339
261754201 582430262
517970462 2495
39822215 876797140
474219833 32
309155884 54
41289973 41
396528444 33
465170000 265765034
983899345 9749
781316956 23142
891309506 2
199168829 31599
391835314 654378379
356067611 17
876276930 8439
754465818 168
246852083 4
886513490 1
257958378 10612
227278051 7
553500439 871210521
492696809 833276547
360988486 598
515351949 30
465731795 34
637025822 10752
243409363 914323264
924776402 6
383729772 107
841421381 30149
843883109 132
368378286 13296
633117404 22
363076679 21026
792317910 26
746564636 47
605041389 503874646
312832852 11223
926256112 59
775716731 537191201
991841099 14780
864678666 265823882
906408529 5902
380914960 105
174776504 627732480
251041887 72
720032125 13502
437573442 4
268411307 29712
510418383 12685
99156097 167891003
274843209 10547
169539659 10130
142989009 36
918695961 12
788708335 924
507293439 338206025
860728253 393679679
444030375 58
740785593 16847
437743953 26091
650467293 100
63745354 165563901
164196066 101801219
189758692 19748
66028587 56213802
238357633 669003622
857565332 6
552711170 877160906
579503440 996939283
770057712 120
812434787 1
935420514 14315
693622346 4627
922741465 64
393041052 30
18323636 29820
829886718 444070796
721932934 25
630943612 27
540601579 9
476444784 22402
505097666 618802520
436402029 13652
691235531 8
727478873 15760
297959011 12359
671239362 4881
780399168 915047967
421277523 5
495137272 48
975909719 70
726468110 85
976930781 45
229912749 13127
864603283 70
359842057 597858155
487376296 19236
224292912 373762762
734580603 871996605
398488174 78
276912405 12
860629421 9252
838404895 10
112363181 553855451
42131732 5135
631136893 16884
560249842 28405
111474232 24909
719638872 45
289698309 730189601
713349203 543888972
582869904 47
739940941 726913642
368765529 20917
77709964 940310228
505081219 23396
653582851 89
894475303 102
406995247 11132
153012230 113
481840460 831829425
157171704 939044047
18656581 12
522787031 39674941
665905173 21944484
277966057 4
765019267 900977748
402349990 23
844506140 540322305
133650653 790184569
272778791 77
21006055 771181737
738491996 307802296
204293598 8
331166931 17790
493897575 410058570
858874169 82684602
257291192 940621266
583691264 418
778107661 597521026
781621848 856717477
76225033 18129
300852713 512485853
673162755 762652409
318206015 17271
226463026 420590475
759044164 899324925
57554751 15161
983177275 30349
885442055 468850285
735141167 7203
582441113 17800
706764727 6
618837879 277846242
236456065 4
721213522 143
698820016 3720
89008629 108
454103463 25596
42336119 25269
179976979 29636
598685286 500775137
68522638 475368186
112872861 89
71570850 16762
646556341 12
655579605 12852
10040695 348345530
190980273 29
22421203 132029111
711192904 12
963140117 83
189146051 17967
90185907 780293388
353812823 12
316969384 27627
875983745 23
647028559 405289320
163742504 18858
785592014 757504278
402293543 105
660778310 800456139
232414995 650419416
797398497 16
448653250 1
783507171 731266373
684671287 87
772508778 13960
258922021 29853
251766342 84681613
306826744 17
395716167 874062922
692676112 476820327
536874887 167549841
864581616 970951972
845206292 95326001
822563775 56
991188838 78319494
571127924 842203980
177933665 18
407121470 28784
978707400 23144
436836333 337814746
437833672 390498929
482075428 857362009
223250933 411
185779466 611799040
191359545 876410
890548157 166
938179603 181
345868084 25646
336592677 18936
142634297 38
583918557 38
918389381 17
90044823 923
779265259 262583438
797323104 3
466275127 347293098
270181820 136775359
499409759 25371
695518213 52238033
889027234 14562
225264524 3
506428271 29106
532026359 54
918248569 24188
742106907 987178709
701775763 53
735991873 291
810590288 259172154
127350495 49
467221981 13
977721537 17245
612708018 382931689
211888409 395138431
348431731 61
222256268 23987
575693363 12
466873001 94603051
268615321 10383
674434516 993346011
24500997 44
908012679 708448888
785028626 37
458529683 28435
762286050 563583575
403584563 257798546
649370691 18
735474337 43
708543200 7
647976752 683630065
606431194 13416
555240468 153
704637331 3
907032795 19422
435358775 28408
402937627 152587258
103930775 18170
324216260 15
520249367 14
516671802 183
889986707 707812064
297956907 720327518
803826957 31178
271716817 1606
579972458 196
73088444 23850
857213709 5177587
101512377 838675520
740916177 752202341
841742837 435866219
824943819 697330573
743858810 494952380
903450161 472328732
797739166 9
957251330 606103484
270904917 30293
11601813 72
21554940 883438469
752005390 1
320866195 137058856
726718097 852933503
420157602 421780217
447071533 578101931
722034524 19276
781819457 235621441
566234051 73
176017407 82
794261726 531
829485525 29
866169797 104
965827329 3957
946794174 539150533
262197522 51
105083230 26
229790305 925257600
71952147 17
205231259 580308941
959711587 59
618315286 19
363577389 2
274451136 31715
957384340 210
789754567 32400
410322665 67
788905787 20756
827840625 548657641
269507146 23358
77717748 34
507700287 28993
46496482 506625095
974170248 17
96353917 550103291
290370360 8467
351360573 84
489813712 26923
788008298 27970
514069679 52172889
523877307 9813
699371106 216315093
522480244 3849
501590046 57
30539090 88
927011249 954935321
224254616 14550
439769614 67
300613117 2575
349216390 90
923832081 227088465
315353376 23877
685501427 55
344887691 690930993
148391463 714301754
919126988 411299261
842500183 962456390
952947799 65
932924206 23673
711936859 53
445418339 632132750
738600677 26801
150999550 5615
362707025 342986301
244182029 74
786275605 32546
68160973 835008027
696959485 25
226914942 22
479096869 9016
550268299 14
914908600 153319859
412104424 16
876100685 77914726
163432850 29407
195495360 59
311464221 5366
677574977 7870
289291238 399510742
573312282 10
827695685 96
415723573 144
989986540 13
778595141 16933
936942951 10
484861613 14637
944925966 11546
141635515 722777384
616181375 22
187308227 18972
310112508 22677
544938102 71
944325330 357475034
190496033 29633
168467847 10047
626528080 644339366
647660768 140619582
384308173 6733
537634180 122
291562562 1165
483589999 145
275475444 6
102835779 27012
387107508 647369853
519226566 28306
160837453 975175633
618609487 15
796797508 350201617
570569607 246685218
53512742 4
753203633 21
565941847 26401
352960638 23573
31294701 20056
456058630 367718512
571511190 56
137974247 262358586
194985544 6840
98863454 7867
735912604 121363564
819099321 617597826
839730363 17372
110398077 2021
338863125 107
425401938 508962333
726116099 11300
301608462 43
4515249 27467
732563631 935629439
175443176 21064
927816573 121
566199881 28
891514869 337540306
536254167 82
798461895 2017
740491272 276586053
520698937 15709
264748399 85
92016225 27
974691041 29
491225544 10569
84762898 544691471
405660463 66
961878240 656807433
524477283 435535355
654551482 11555645
254458913 66
593272075 24
801280787 25
521680323 8904
669633554 28318
943883136 279484039
53064015 17
320346614 28
597650278 968868410
977660254 16293
421403404 188885463
461082032 378913054
938091628 264
437808077 12
778829038 99356130
814521810 27
26391617 272664077
116511104 28270
469131147 14
454513394 100
405535730 30306
901502517 174013025
14183616 14167
868485853 12023
676482470 31
910071707 784482629
477604152 26
418319888 666658739
995331648 29756
586548805 233048489
609467904 599189267
596000662 44
284680944 13
369077474 827607613
759553144 23474
408570961 597013437
632172875 33
392427635 77
270655507 2
856056111 19547
383163444 10439
186757655 17656
237983362 28871
52476052 7
739944819 298766339
727576270 474704187
841380753 18738
284526967 9
844777255 2148
614689617 9
634313263 921571895
560101320 136764789
698454614 18
183116286 85
894669852 172039156
268185157 774097819
459105147 26
162646163 969142115
336349977 989800313
983431164 1
585137684 8540
24683370 8655
689215167 860748025
29641915 17
342887928 1
851444330 490921082
490184568 591062391
459209349 38
338549995 566455896
106480300 61438566
634568369 23749
853863240 182842706
874915105 31
817582106 257783519
463966215 186
255162056 71
562775795 351701277
499227214 17986763
925369633 2
785615210 634855656
57027640 618231472
746036113 2355
840931060 16
391274417 11
