2000
60 1
1 1
3 3
60 50000
60 60
50000 1
48966 1
3 1
3 2
5 3
1000000000 1
987654321 876543210
1 1
2 1
2 1000000000
3 3
4 2
4 3
4 4
4 82373
5 338841143
10 469795038
15 3920567
15 385467295
35 63
36 63
37 63
38 63
39 63
40 63
41 63
64 96859931
79 25659510
81 7
90 63
91 63
92 63
93 63
94 63
183 327
322 373
322 2636
564 39689
654 746989317
848 46620
873 4383
3472 297492278
7327 4764
10000 1000000000
23623 84733
27076 346164451
32832 73232
44789 1682840
55574 49388
58933 670227306
64281 40524
91374 816110416
247051 954209858
750758 373855410
2393627 1674
2906682 616531489
6114416 133017382
6240730 452262198
7368841 959584
7661137 717023
8647499 95668
10198783 37
22057479 7966
66442405 11860
72884870 611802957
82364646 38
104086214 801456050
148371534 7587706
151403858 302852177
178275374 10
211961529 708865200
291388018 836522883
298984849 807370501
300735188 16
303154838 41
320861287 949502693
360621153 177
368712057 110
370061683 20479689
406486383 712020460
408297065 81205484
410442627 99863879
423728044 680589140
431793980 1900877
439165413 31273839
484800872 817752860
517082547 194971110
545040495 349226636
558427013 2
600229478 14507012
618973530 925332874
623452241 58579054
633916535 2489209
675068807 224155941
692701178 50
697361880 4
712384807 352584036
721501126 551
722210475 704387675
739014523 184176866
759893834 5208
784916702 230290042
811409044 41
818575853 10
820283378 21438417
821005795 306077643
835228347 246071042
845990695 772528466
851433670 750005226
864042774 207433349
917937478 240749374
429865193 119075969
999999995 63
999999996 63
999999997 63
999999998 63
999999999 63
1000000000 63
1000000000 268435454
1000000000 268435455
1000000000 268435456
1000000000 500000005
1000000000 500000006
1000000000 900000000
1000000000 999999997
1000000000 999999998
1000000000 999999999
1000000000 22222
1000000000 1000000000
31321321 24234
1000000000 8374
10000000 1000000
7 3
999999000 100000
1 33
901862429 169337750
138914015 29951
513768517 54
15158907 4
899825640 23377
359311583 262120174
841927141 28673
573180006 76
785401069 31333
112502867 11100
298880156 28226
50333352 344
703341628 3627
84351152 32689
780788707 2592
937958825 11518
694374647 20985
420901908 80483936
223901683 4
347975385 28
96960147 66
962599893 93
119124440 680421463
973227260 933925370
385977216 616512093
652054277 528302336
630432862 3702
168102600 139
187047655 29
399380751 188
856141704 30010
335934746 15701
748654094 959266864
394437396 30940
204651095 988393375
39173535 10508
233702211 999248504
100079600 478917242
567073818 76
159075110 13
37187422 20261
364459148 28065
803211866 727257562
956049519 8
602154528 4
827290447 992162330
85483611 32
789628059 13612
961073684 60
287212821 7061
745540295 104194586
269935168 10
63457800 769209513
490969385 7293
252447270 84
319606528 197
180282942 302123697
674125732 30401
383707129 293411647
371878007 5
666552392 10
817636234 37
535072073 3824
250313046 32411
91846938 74127194
589663836 853
695194607 32484
44458734 422707023
672279592 146
633240740 10536736
567344463 6009
866959694 8
970783411 369165812
753885774 908490577
814354175 25258
422509298 18
643150075 906256357
719835257 7
475861320 9
299458291 13992
572235364 18288
23155374 73
203478079 932845166
192244693 47
53438520 3
706094367 18730
33864832 349642209
379400562 19824
262442696 821204563
401976849 27593
528193999 8570
913440776 892053037
947736008 24508
412523896 21950
859788276 104
917499859 29825
474014856 27604
892592456 675136565
785733602 7108
484336498 80364451
468683088 919927062
543528696 70
992566175 741
409670108 73
244108637 57
512312612 5
270751855 147
821520893 27753
289668048 21191
781274811 10
81702087 1138
898241355 19164
102138227 51
677518298 18504
928053671 22226
810266516 21635
273098760 149534516
122111763 237706455
141344276 8
967785743 20356
453627303 13178
410337820 4670
104352405 282131530
84456728 2
501783483 12420
758705778 359744185
768084049 2
400224243 18799
339898553 28240
230883966 9449
461284423 67604898
901218419 15
530844137 767012461
686032324 56
400428402 29
664005531 43
880196993 62
583744352 314
81956912 47
269378747 252278639
707029405 112
71517819 24956
639994221 493415017
592085512 28795
865708492 26270
718065772 351784227
977332891 4335
136577379 29096
533612064 65
904686342 30251
932385557 11626
685613873 660983805
386224088 59
223868876 27178
488737279 5
358567912 3
965579228 376942446
182676595 81
851558487 397714033
669921402 18
245667249 31
753308453 607253263
636011938 112
568548541 20771
79402661 24563
672668910 5973
655843397 611401194
732103863 38
328737414 20
787361389 32082
795630807 82
244265470 6
529232988 26057
519196114 546024592
516434925 704886681
376834469 185062467
397980541 16
590917793 27920
976178578 12
77867020 294881182
382383075 73
656325593 380032938
399151688 10
769143569 811462848
992245362 15
164231912 382154929
64588524 12405
158904073 11309
398821793 12
806005445 527309384
954032427 16195
962906836 25450
627418569 825478465
851998412 25314
724607726 82
107043307 81
371409082 358490221
260145151 129
943562891 34
651039041 121410880
859945124 21
81550718 483344801
754242978 643522253
567051002 20083
281091168 92721671
62636521 6272
979655115 828588633
945728850 15132
577413631 65323696
675311487 8847
585417842 7554
166453091 1
824866866 847593495
885014126 27905
719042272 231404534
526023073 39
239591443 57152088
41153570 166170589
57523755 122
384111952 22939
754277483 24385
543317933 1650
603009359 20156
688297679 124
820178656 9
355658361 49
934062152 27330
27025133 27361
231005181 23181
79007169 146
235511696 9
318918539 491884787
883655767 966123510
727809174 32335
486119543 19
323663237 301892232
563075856 4645
292366258 58
931768279 973255804
18461012 31413
121232520 17
645655890 3835775
775661267 20301
136771488 521025259
722414333 506607727
678638978 933075498
230391907 563376429
13616169 24
462860793 652312963
226987368 28
849199775 14059
156682493 61949188
264015596 230809935
701458467 178483233
917357286 10920
295096767 180
529070483 28899
657910425 228545590
865822443 27449
277219743 742764213
49837373 8844
581759792 10
88693630 22838
80984624 8
115628599 22
804213869 5297
145027239 275
778699267 291716335
937987454 643740290
848926017 488442686
907567114 258525335
397002776 12711
489745239 27526
94158069 4
931715862 252107753
30206982 3
711098756 200768356
40907323 535928385
465061155 1
720166553 668173045
169862348 152320835
41017150 58310884
616089816 356681608
958286726 13
490977533 4787
840318632 6
44719383 30744
980004318 97
155354621 21765
515831282 60
47996634 5944
930104960 6328
285858294 84
132332824 928156724
851120546 10672
778228284 31929
111281828 3454
868954498 2
678515207 17
551195677 26388
6388175 24945
539853778 9851
562048467 113
612808338 45
925794680 5685
317817338 26096
559140873 2
846613063 25
716138461 593777626
731003637 2
412864163 534874512
521672153 23
74016386 19
227599283 575898792
732349217 16388
940773185 5131
354598105 30825
637646948 10
803364441 16
837357102 56
364516955 517213936
98872728 25
437768750 29
96142676 10250
952656266 37
753823100 60
604088176 240947683
257190321 19754
134488220 23958
403139121 937375778
136144890 2
484913421 15707487
435821959 17023
74632982 24106
555088820 438651235
70031017 311275588
59491116 3131
245280023 31229
394540870 14
15819268 896332239
337160451 454452451
771178160 29
890314970 898692142
984561802 574412464
127072985 15087
459819400 862672625
880116745 618904661
509840502 170100064
606922499 35
825617061 377401725
546967498 338342201
828357321 22
314156439 27438
71941800 210323345
467583817 16104
390294867 415831555
419446681 30282
588086385 3098
210792941 9170
915231377 602202169
308779865 5
215319541 18564
556092249 11
908620742 50
213834626 250943890
433478864 398884248
770223784 501780715
919163511 174
207092674 114505203
433513885 1
522068248 419632774
652130191 21868
236549206 14
924716360 190028565
741368263 283718865
594475531 660562508
116775725 2655
555103569 63
400383012 24841
395382315 4848061
600915957 171610369
744681923 924432943
479244990 971945378
757327520 74
561785416 449766997
238515817 24305
107097197 5838
530325931 2
639535903 30
891388104 100
986532324 29
429078472 64
632358345 3930
179883248 84
805291048 266355745
296320390 4767
293176754 27426
861206677 734222604
909345804 722302276
731581641 21
455313704 6281
294757813 30
403912238 18788
114317820 8
51167129 933612420
361868284 223
420124235 11157
54932709 5589
381231261 8
322648292 24114
762771597 440797778
672540119 21
219345468 295376997
886099631 4445
144279937 23312
192700698 12005
181610914 22724
937777976 26919
288062310 11827
589676901 8
581077502 273976591
476663979 818878801
937531788 4661
807667558 4143
119905635 93024233
416940138 538543485
264326104 32
501473163 153
331017080 5
969506061 922215102
360760746 25667
982231776 51
739976758 3099
665047404 97
846315912 21645
473567682 11
978273991 32
398891050 21427
746909111 245488914
251052484 634551846
400614932 10204
918901857 174
847606620 7113
564642347 1
630163798 47
837115209 17
293952983 101031144
903583901 25522
3283803 672744473
852111654 15
620105865 943591768
83109099 404094249
228409391 56
463359766 14349
334148648 52
13528918 11
890751478 26
689466551 57
420799214 456978507
578677310 79
133334395 10
478180765 21
953930098 1926
413143981 25037
825735190 6621436
511947957 877926368
244710115 359537534
262401134 12399
745397549 248987045
395161743 1400
467150139 52
402715688 34
825492492 53
65134562 23290
471471713 203779919
680109340 26502
102454827 73
352961643 50
955949622 15699
234335083 8481
128539388 41
481828306 11
296413610 44
748520401 208
266197855 705207517
578722214 3495
387330704 20700
65384935 29003
585735032 910986510
999022247 502349212
183059447 34
999456912 26983
792689638 43
905613855 641340858
803497870 36
829968596 27736
249273127 16
697822600 3075
563068572 9518
872517766 9
330566258 891851985
382194832 212474873
441662961 610233021
559804584 227212929
875482238 864266959
160625518 2604
845694155 271992166
70635360 15
582488198 14312
695665864 20112
874572236 46
177434942 51
251634099 4978
713232728 26709
94913294 118
145875762 430114263
331103676 21692
298749644 341375537
672035425 64
406662117 26
543974824 19
596487617 32124
174785356 541692061
291074784 31033
39723283 11
477077773 46
870048639 31095
984353879 10435
282286697 27
262790070 25
126821980 5
799148440 16030
725817053 128912928
978938102 3
764080399 27228
694900773 41
726067180 51
7485009 91
514194836 167
638967897 14
296588787 12974
155853972 6712
729821349 24
464449669 19962
379837451 142
942240713 155
788139310 17
433233146 23505
74199946 15
678357194 19
134272416 2702
923363222 35
452443535 6698
793190698 10713
673559772 542160984
490807042 742528813
742954898 675878379
552441735 11913
756480187 12304
589193450 78281543
393314603 927591407
168407726 975961574
511600289 18259
191317542 173
769028903 90
431185237 72
426819190 1778
903852701 30
938337101 909213505
499479324 9
812975891 855028469
289139952 29165
211892827 777782232
978216872 923885088
908644396 3546
665088262 25969
222842054 10043
106422124 20462
169882773 600972631
235522939 6283
382709542 65
721273967 18
573407378 4318
901128213 6675
113161733 23
823627100 2122
820523795 31499
42618306 60
604023640 8
852084707 13
238152189 25858
903600086 5728
839082363 38
960129911 23949
179756280 691673647
40696562 670193447
154788650 15342
156166698 850881613
701808923 39
321379285 231830281
388676328 28048
159783634 49
21006908 22135
724890863 32
426195638 515373730
134879356 12494
77526042 124
894961980 13244
671119834 30
624510971 73
441269109 388578609
817512580 21
777246474 395073662
323265782 134
79571128 31294
190723717 15
66241719 12
182514944 7
602128602 666797246
31953003 22
754786827 241406275
685058262 584549018
53078446 27432
5682121 131
866921175 2
595165872 592689995
860537874 8211094
659739815 7523
927873532 36
446801603 22
782093879 66
866568604 1621
884940120 67
343894043 27470
337897797 605146706
147429884 238188245
228926717 26
985044711 42
98272033 156009190
652607409 47
729368379 890706380
828512151 32
934951363 470268083
419111471 393576288
425739874 10
737180276 13
528791702 30578
413725073 753054087
362903509 337084110
285697298 878361095
372012126 10
75595581 32034
444756203 14158
986636801 18805
972882891 925286578
674084008 128817246
304026448 526928697
751741251 117
402366682 15797
481156847 957620685
430563508 3092
277528084 17234
679400904 1962
915019204 30
677404834 19116
636422839 32081
109318274 27
205543062 52
434957208 170970794
223451177 15
694845316 17106
776296294 48
616611417 17820
753577733 29323
568731565 30628
872030391 316562563
174003543 168740771
314393956 650843968
27676651 8081
918937313 9548
827396874 12
197975530 29106
581159022 68
907964234 985690589
981550203 8399
750088165 23928
940335416 10
315874883 866355290
372664559 13
725218325 79467557
92675080 31360
168021488 566082351
114561891 114
750353177 826626015
161741289 16271
267895163 9216
642435096 43
877699682 1104
19636346 240231667
567318714 910516265
693873807 17005
449557497 889122520
181320271 4
205255341 9
377509329 12073
228827430 19465
292487366 830762423
930637099 678768480
899313774 748550707
22135278 39
976084810 223940247
255655662 68
579606410 334
709512448 48
280015943 32
497417682 20431
913128535 13
596424101 31017
961769171 83
885320070 49
736395760 29992
321466464 53
442935870 564203871
561656776 17611
6702796 29141
22312231 21891
621786201 857878653
248230190 193873307
664839486 893558163
112127671 7591
850496506 6
80409371 16355
698663370 28657
427511501 43
299546201 120
546577376 20462
24378035 945225139
353694747 7937
463732578 30380
992857077 127
802540754 864098924
337143307 194108235
240121426 317670613
526006868 25357
25451341 743966053
746817084 4
380285298 37
529151860 80
304549455 104
318815142 121128629
782205193 70417813
930724256 35
567016194 750875897
209593823 855489631
722191078 31744
733592481 15070
402935822 4501
20067952 29995014
689791833 57
28634003 130
295234944 1
446226591 542910074
638844219 621420596
696715561 6037
615750404 10737
497014159 874683631
781710751 471522360
27755815 22296
458819192 13869
576396090 148
695520683 14043
672589009 27
155507188 588954747
644765782 136810260
110150562 75197726
940553089 24
698822221 540607819
689266187 82
205659632 483879436
328031342 15295
767489868 623243110
76338689 119961912
230168110 4
125261068 744515246
740892584 16932
335815220 128
257080323 164
725465395 3647
987970157 40
507747021 121096133
966189939 216525770
58638289 10756
234585429 13174
637335000 21494
432982821 32729732
655795014 105
522800861 288796460
449747199 23893
452093557 697031659
877711226 19
752730564 5709
803387400 449790780
946739315 465238913
716481181 612334679
973058695 760
705507831 8
39797661 278
975283696 54
6143759 165
817128022 24
844820863 3455
8788166 27782
129303223 99
751014548 26433
611643639 83
240228394 72
776551853 35
874713328 23
347077248 22990
723199571 9939
158162320 222076963
198051527 379541854
232376695 1
627204456 954049986
151961724 29370
732827609 52
213997205 4179
354972068 929639106
304729622 1
409881525 39230037
629095979 34
670139077 187688225
878951746 10911965
798835251 27504
228311657 29739
834456213 217672096
893103048 686702362
717445689 10
621975949 25
356029945 704305058
572277299 340142993
905712086 35
378148864 12
386903573 75417292
34527449 12
323104089 10
835060644 24551
976479166 10172
7795672 524042532
492211532 2510
755077825 575699714
639718573 46
528687173 7077
507686071 2489
217079692 20
749334101 125939905
930714151 1
842110264 539536209
370187286 5
604010479 5349
622778390 846369081
216320197 6070
397895467 4125
63157293 26
876760722 62
351432413 11077
626955235 869563285
627770252 7
141407145 31218
477199416 53
52261865 111
57452455 12596
839858279 668369064
987304860 583584321
147485504 29
252424184 824246581
4621202 116
569776597 50
392240394 92601070
734752948 89
956986336 34
224551999 560686916
773099596 28
731140665 13
256985399 14117
301696810 11214
780396757 120
247336792 976991798
792656355 378356302
707968302 19291
801142358 10511
306354322 791617568
158725040 679650399
489405715 11989
672763817 14071
514722765 527689704
203078037 113
856246828 23
120926591 5214
479631873 4545
800832741 64644481
480817946 19743
77347841 533476260
45856391 5
323506993 3886
642681645 685618585
740549723 549858928
477021484 123560686
519404531 592284306
853976019 523414429
169663302 10026
455575803 19250
873921470 138654578
747927757 273970116
427830245 8
969859755 88
962727467 457726364
506836398 30695635
990779259 12236
263959386 21
468401623 1558
900664559 30328
499174872 17506
283768251 11
278651137 16375
812727281 410438377
357841704 20842
378674264 402766123
164227722 10101
853236458 47
50392008 1112
88938947 531019353
214280397 14
85483690 166602512
910175359 7
161474664 6981
490917726 27028
633107106 7887
46509064 5717
966090213 12
736311015 642566587
335080611 36
664828976 26539
125696336 16631
875301067 26853
452915810 29587
731335675 14583
572762342 44363820
529907890 48
597245082 87
186478084 591260325
955220201 57
979856999 77
432452137 59
860960743 31
725146009 350485644
318591231 10383
492322363 18426
362095924 1631
335013417 5699
872133725 21307
249116696 65
732011516 956344548
432101966 30306
484434864 26
167714471 754312561
948787177 640040551
110093466 277192679
288957789 125
489629148 36
75593390 26173
588379827 36
314149091 191790655
178531112 15
377714808 23413
92683165 7
618082014 26010
612998772 12
615091222 25864
639528917 19267
940897515 7028
883770511 13292
615367594 641169983
738263722 55
488816991 946249247
538824450 487061848
125805604 897975919
712983700 756556362
587567030 10085
33902906 146
412392012 7
721395040 949401177
478562950 1
248751625 5
807416683 11163
45436840 13
334630975 204964598
689198347 340205092
50097737 452924978
872913778 2314
811420163 23
493567752 125090294
196090916 25046
650340292 28663
30999228 34
180930555 377810968
507166931 22833
791451207 6
785575989 147
390356038 17
382634179 16853
11361897 3132
428981903 31860
80327952 261270606
82796434 16
174953699 49953980
976030590 31
962700299 25
932295770 15
59012040 5827
85071865 14528742
543553232 100215020
371600611 53
785858463 633975461
751956610 45
980932787 23
823934953 3
286275298 22075
24656364 18668
908820720 81
7861752 10116
720196781 844113973
371534627 14524
716534779 22
570744932 721593118
985032989 9
716052864 58
855237223 8882
547843159 53
54207208 22116
737642871 2
399684344 957
869605202 15115
277343996 26066
17983537 5
776476887 784468560
710921623 578009935
639337224 11033
871868941 745631026
978318890 3208
401795995 652824167
276858490 232601064
224275048 184519021
645104793 6063
985945487 798742016
790211749 23226785
936429820 9604
490743278 8363
118343165 17
612942922 1245
93840971 26383
951044073 58
552218057 7
585596728 412691972
49304184 707013492
889174277 877722431
583741549 15
884492178 468117412
440316440 5
847887065 1
582811527 2
998120566 561
265249710 27920
591032229 52
988183493 12320
624421583 10862
299905604 26
569524487 425529720
510533156 45
13459429 241185611
416965303 487840414
845215919 310956483
174734984 460210613
601986900 465637298
967778039 22898
572720223 667684662
319714238 10350
339844136 661948661
937422075 14390
633031723 8
32173766 10154
496185342 3283
498388754 41
44477643 23239
747529578 63
416302524 13
623111917 13
839324590 731894909
883428548 26
713500289 12
474889309 29
318127419 28528
597106696 19
245666887 9079
39425240 50
735816427 427980543
693667722 94
803416473 257379908
681195666 498761737
796722358 9174
496962966 699045791
493771150 18
958530003 11222
729703705 26349
354208346 135
334829256 13671
20143186 44
805806709 16937
831531133 29711
89220941 861456510
785168759 907647219
301700190 717514138
84709595 1881
509948008 968692933
960503666 16863
192774232 56
491087531 28980
170087895 1052
60107987 8466
446878192 24060
645675716 374055737
904673543 62
584623705 523777443
632820934 170911091
678163858 107
455694305 70
540183849 74
143999974 10549
551403376 15785039
823901402 249224864
914658969 212426146
786083903 24
716576104 13348
533620829 764815854
517591931 967222058
861223840 598274402
412199057 913593350
161388808 32073
107285276 60
993551819 1
22563370 221231091
724851477 981518403
244469006 15643
595153345 118
952220436 93
951345591 6461
145273863 32
195931201 267
945201570 25
826923852 20
579698386 925002704
61099950 1190
740655503 22650
995895407 495696688
708304016 53
54220301 26284
670165947 53
73937759 969498324
343045752 50352446
875406068 769896999
656985375 48
785337941 63868572
311266663 54
927312951 14958
873357811 748838977
380834038 61
369356299 670968595
19557654 187543647
698171 11
355221937 24
48664930 82
435575930 17055
54009685 997196649
304980379 101
48675513 103
686783281 788418897
110016518 238437010
846026445 27113
534216617 40
340747606 26
919633720 3285
494615390 419446042
691413094 4535
849927921 17393
965740935 30
697137715 25
695309646 31474
316761701 319061435
500105725 779581118
123291629 55
646316350 6
738426425 66
27208116 92
593801526 15442
207075286 37
207870948 602615509
184813198 38
1218743 71
256372431 74
772431550 19059
589170974 16689
804249681 21893
301382294 34
885919035 573540580
503380355 3
479804851 916390796
988389229 205808136
330962191 5896
310839931 40
158285854 306052737
100036466 25968
996362003 8989
971121171 14605
582872260 2616
950086711 688911107
754984144 24775
245151870 39
572227806 44
920014788 21561
370390545 80
628144108 6635
168154568 18770
962635579 20108
315844916 17
519387013 24986
577138468 42
825395328 32
761780974 262937416
599303581 924943268
143325773 58
145394506 15140
386768280 5225
87234966 13
144787949 24533
157397940 17072
38279355 1
774685376 39
444130079 29
922886018 36
838066582 467005828
710320590 2555
461911523 255
334145773 446762443
760868763 22
403083438 31477
906297028 18401
217048528 625564900
419596185 769894729
961799211 570603482
955288514 954967558
949948749 7
552919650 471777414
516499088 76
7775788 10082
22831740 18
681678201 38
341610964 16905
981489916 108
98111763 14
209968484 20490
210376589 559932071
431450426 730296032
30323823 449148997
358580910 261
664133587 83
643915214 21611979
884280088 931555355
737120230 182
38081491 4812
349825225 136459893
319263778 30
653150061 108
902141699 46
81063508 693259734
674438960 24253
542628459 3841
583688127 845479492
903068340 10
139897404 255950896
250396187 7198
933930014 16338
899354487 30099
5220605 121
519259233 76
78856665 3670
809957990 978202724
741953584 25683
207441112 66
718171074 5321
338440771 16
154301118 30
841875346 644693902
102020188 49359472
755444697 817658590
212246696 214
383574622 32296
176612771 24304
758341551 88
181647754 122
242689008 25161
622598508 59
259542756 17
538250774 877861742
269655839 37997060
108785500 828131647
795983672 14669
683962750 2484
8211338 308137950
279158315 30
168554394 4
655431770 543194180
845966526 43
875219514 216720396
452296487 1231
167251720 30809
125522974 18
736847078 60
732447072 299902388
251404004 20185
771382932 28482
858233119 982412083
360472636 79
727368934 28
664538637 30735
281135719 167
940251288 15151
149528625 215621140
49614550 15
234828092 7207
783121885 681992625
635628171 20152
407837875 18
534113498 337878615
916989684 7635
391482961 584579750
516507224 23585
13339611 375322260
848360540 77
668728270 817760678
57259970 50
315499077 22805
742751142 62
22883690 11
623980103 63
997529331 25
477165775 227147050
704619531 23
578399121 17280
825143354 815390455
996867347 1464
219606957 194401460
347249215 4532
176367061 2
620047194 139
314590962 48
855414622 673470573
318170169 4
523218869 7
635220903 1011
934092626 14951
527321814 3245
38675016 8444
403160948 154
643947186 46109819
727658060 31037
750459034 22651
770515685 295868519
612300790 372691238
950864566 177447423
101029385 14
158994961 11269
195425057 40
449175411 739496896
130314612 11
71296125 27514
758330997 61
106010834 52
518512162 210752518
477199835 25
362142607 3
3782336 25195637
389845503 13
978495764 32
740800416 150
643246796 442116129
483108479 25
759293959 5
79553730 428400589
894844678 865077312
396476917 42
59687177 25441
93300002 20625
153536028 475289798
563616920 48
799556306 937746462
182131320 192065483
870927011 21751
825126451 7946
557686188 974468570
573276331 814024342
782010881 32375
35876955 9
368835423 302942109
89511307 411980649
477585740 368134239
990095482 54
873218437 549180036
222904688 30436
374383284 50
21447779 21090
519996421 62
997052001 9246
513621105 16
522562262 12982
821150283 8807
151261489 263982345
202473591 941807381
674321849 19342
280216656 29658
507092239 928416963
305588051 38
143828627 32199
44546029 199
965362444 76
324533823 240690491
370272855 201282459
201392856 560182562
683647576 118137901
237471820 576320177
548243346 834247347
513917672 757192400
351057778 26434
704381134 679431270
25887397 142146892
905063556 24038
794331248 12951
380549713 21403
803011180 53408880
239619835 29531
454154682 623441193
64078785 28241
251819264 815157908
818111025 361948574
737366569 8
800513456 93
894111306 22
712230478 12
26506039 15
92549311 20188
930634638 12585
573431120 448
841006989 23361
196511499 475653389
502959945 751390536
351277669 18557
999389022 25975
83330964 922
145120932 27
968145111 495898601
283892184 946930436
890264755 219
888493027 631808503
346906199 798667644
623292770 608986375
345242337 763141318
496667510 4762
19087318 689841633
193964618 490523124
321539182 172261417
632291271 961
439924573 8
5102568 10703
12048745 20335
464248794 70
38408133 8
925590293 6800
485627806 293365644
611327991 653324209
261430555 324548517
146598660 28510
714392836 652617940
592411704 718633779
938812181 83
10488519 504893487
622395356 37
185469975 10329
450457683 12752
831808995 6
185589635 94
813264502 21955
185134641 470808427
735629816 672626633
223722594 69
338834546 632869455
660654493 1
383858594 12280
174329932 14
969669978 239200859
443955486 3488
338556614 1
970870410 713929647
264453317 8
458260471 500616938
651587940 11841
197924892 26998
612015252 486323892
735040586 35
994256945 12625573
680706453 27547
943719370 840340188
751277683 190850905
722515004 869015245
972836843 9311
220643807 6572
829262022 29851
160432136 21363
5495896 68
584623440 18835
949095130 242574459
188723623 703192924
494625469 83
298717815 10510
538680690 766131356
888769002 71
39986742 11
811739593 9599
776299618 32573
183986483 855650502
593425345 111603679
709646631 968444995
196482613 75268080
365421201 9085
171592523 142169435
470040103 524570580
892523471 17926
320874800 20
661269198 37
458511627 148444720
987277777 89
25340239 128
814077184 28376
518569497 57747559
238600936 366058003
443647218 263838493
950926310 794430154
269651206 247731425
1288618 23959
165545768 26
363811495 30534
139959863 274401070
912254029 32
891377620 156821888
464525458 694934221
641430751 22952
134997233 66
107499161 1
96305674 386254915
209837581 13163
193696048 233054275
563514089 5482
176252665 55
381106021 174
769358037 15
688718532 56
398329747 3298
93169179 125
18160332 24085
855529469 6321
158065882 313285024
524714701 379743905
683313913 39
459658093 10742
348204861 26419
133958327 16514
85844045 13
195823140 22
102367580 22
815467875 629711776
634865761 553219814
946360483 43
721302794 68486637
307490197 32454
860400798 9094
409051112 4723
655090548 6692
458036662 518460705
964042299 135
341264939 423876496
86356092 6380
471313699 28223
916767521 43
751598637 18139
156153410 966094014
188974952 690294994
919397699 156111590
540095555 617629088
443652224 706309369
359807539 5895
538094384 149216727
439666039 8
491767823 14
29024705 10693
515101743 34
167939542 41
805194798 172896851
934114991 22
978177159 9445900
30714705 37
719786891 17
566300153 563708442
299907971 792499009
377201167 3
211046843 20595
819670966 157760701
379653085 956128233
882329294 84
483281815 10632
25094504 44
503784773 90
272537990 26412
550753758 30707
397609477 805222651
533708337 12500
769521557 25747
728399005 85852402
694779453 13730
158802019 6990
373250005 19
224537114 356847975
101559481 201010920
402160385 29
930254041 118995214
847383381 1
73140429 109
495252565 25413
484710727 11275
363442164 27260
584709713 195223521
738956857 940670275
326560425 2
404525734 32
254284664 31044
468753146 63
160804522 28
388306527 959
194341275 101990379
417928677 646502204
643433554 872245910
266198166 18169
457895983 137957033
434853807 11015
668304497 21
570606696 43
875606381 386576293
214225444 29681
970235508 121
841203870 950311533
910574021 714948740
970512191 467443407
130788477 5330
649579478 988622567
201699634 30253
114308011 27805
254690258 978588482
975039563 902755114
994895381 7
484699358 6034
616238954 8
45043741 24223205
177747528 22798
206665721 433537994
803373353 17
609909538 23142
780285215 2
771284013 450412428
657268916 12035
57935916 22273
175299215 70
880939175 18543
43615976 83
443235503 87
707809425 469503635
909890753 6
762790220 6
423703105 4844
876971981 13271
540740170 421044117
883545637 26
661636437 8703764
693575450 770930557
914522470 127874851
192643256 38
514238490 19575
235559509 24586
41636023 58
847124874 9
951932214 224
377688597 18
647908743 26233
898476985 55
511451416 5
826273825 13006
378897984 9
141305250 370213333
551226048 10545
972391845 42925248
203352014 24854
475150530 15
66768186 74159201
131844774 18
199584741 738332332
989601683 53974405
323912553 43482114
859141581 17036
936334745 15
116122020 1914
126998598 599060934
889364171 1531
868071346 262465914
19820200 31575
241291222 111
9432866 767694948
396975621 25862200
986545700 17904
998167471 8
621713718 18
837614217 12620
98398626 35
914463419 8
28630404 29531
838477698 528201000
339531370 317017478
758847333 25126
403932716 934431990
368330841 18825
534434110 82
731859636 66
695614557 14318
392091425 63
712476580 967093567
60343231 26049
279329157 12629
347817603 94033893
771649879 22722
84024644 495310272
173430974 7335
703560389 5
717895930 199
194603995 907746344
300199835 489158764
840040769 30897
421916613 20217
646220044 11
847653876 778561640
572528019 11
244184222 14
283477652 128875814
633929817 205985269
830390912 27459
807312124 5
743579192 591
468314741 834
886651197 33
649475718 79
207458168 79
763058483 4
324096826 19295
122030746 970802365
25663032 16244
998808430 11400
909393836 27
828322318 26006
237995099 47
603059440 24341
4441794 919617852
295557975 20
517164526 29092
353506416 738054920
204589992 2
359375358 879706945
115235050 25648
581076006 8
875879244 27027
136128240 34
973202123 44
967718752 8545
282055726 278
346994614 26
435988103 718364507
454512901 683988804
667601861 473332235
581108081 20224
188605926 49206259
698521916 19671
218385097 10218
265387449 4695
436529406 32294
874249027 869796663
364169771 28079
660597051 16
679102492 8
685446042 926152120
68292862 30
678954435 57476008
483468372 5180
765513308 24646
667098996 11690
198575506 27
387475312 863766108
161563950 279453072
893561002 15408
794534080 6
151858666 14678
626691612 30
983113237 888337969
614161396 257234116
898486408 2504
735965089 526105346
34196666 7
11848881 28213
139682102 605872120
96385077 7479
523967577 23868
865040223 24557
902209709 14921
488584449 305672138
295925670 392833856
808293996 10
104625851 55
390958824 269067881
479961346 22760
274873101 7
916499326 462700218
796968609 8157
683109179 15
6705148 47
328961649 20729
234659167 19
878959656 31601
494263462 21394
602349857 916869017
485933664 571435533
540589440 309426298
468065848 502087969
554582341 24
734465015 56
929156004 997186377
147033687 127143309
679104736 176
491607989 125
