268198252
1
2
32
32
509082729
546900458
4
2
4
570312504
493827168
1
2
2
2
4
3
3
3
4
6
8
8
19
20
20
20
21
22
22
33
41
7168
48
48
48
48
48
94
163
163
284
329
427
440
1740
3667
5004
11816
13542
16418
22400
27792
29472
32145
45692
123530
375384
999026502
1453346
3057215
3120372
51563072
309232640
263685741
527266470
26570049
326332281
36442440
991486540
52043114
711113665
75701936
459365159
105980770
145694016
149492432
211686802
258309882
160430652
163701177
3535305
695831235
203243200
667801152
443404032
211864029
69622281
552208989
242400445
322111452
272520255
668111021
528641740
309486772
637636440
327615069
453513872
474348601
325753967
359800788
851184460
361105244
745935752
461628898
648673276
156042987
22982012
510681560
514928168
686172552
422995356
425716844
966970968
872877488
383426548
79765447
267558083
267558083
267558083
455350719
643143355
926258212
926258208
926258208
500000010
500000008
500000008
500000008
500000008
500000008
421001024
500000008
552632306
510978640
256002048
6
999103491
1
105458900
10913230
63962662
371158884
440628057
964356037
50024495
253160274
898261229
808240222
146225197
483221204
218342400
514260321
536723156
355422899
8307729
871455860
909856681
235394171
265739116
359449267
91769671
753223041
349900928
9593374
15835171
457059641
346216125
117836565
66005969
499450610
525269170
251973765
825772360
374885215
639991975
79100723
478334480
105785298
49817944
80983137
9528453
161136961
40684098
169493997
67619576
83035592
163106846
860078837
674505415
296244420
362413216
960256699
78600004
610759225
379399462
960876701
431555744
508334175
795148818
490060284
708308164
759556088
6127215
929651970
190415620
73645964
270819060
715819217
453263239
87146638
362968950
271837743
327759944
36605040
1908662
528631240
282166719
624224115
502184475
480006182
963191595
813540063
466377415
227656053
101543716
615594410
492860473
438204675
354765023
510403137
497846132
535514395
289229118
100047249
890423064
105015207
226256587
259134957
186186959
731779149
329089460
401262128
710686565
206465975
67818564
556069716
248287576
585120511
231707221
338759932
811776528
328594308
798965268
156647764
681538666
408788925
226734795
678691105
408382596
765625999
388855238
173043726
603414050
187241408
282778813
700839115
542264639
209179928
773217408
321522301
705832755
391066749
489108601
198256768
392208659
983098417
371110644
71744918
541784717
638258584
827159630
349387221
443279784
59334943
622802216
729203662
729274246
869274715
906875603
72245777
109133999
748770988
227376985
951514728
250163607
108346832
260592905
180840136
100521417
177812104
335538064
886605470
718868684
333431686
417226306
921644998
179726238
330176710
794254442
655815761
391716754
298263894
649379984
881034031
335613582
913172208
187956601
389169719
137631792
669397433
437884548
406213764
683556976
407885082
115534867
63993943
903205706
595193411
815393439
23460455
398956532
506215287
396728243
166429182
107186414
97075953
91507996
706982260
135352669
357719013
301247452
224003652
634611860
34870450
499889920
111803551
433354756
471031344
632959022
487231596
389198711
118768766
912472140
129282705
734849041
145909324
507574112
135671927
91716326
957569683
261785802
365293266
397140280
37664146
55981960
957304460
300433628
93780345
773732596
444219040
36246303
541985871
22892696
351916808
132823650
888676521
422916202
239114479
663469315
815203060
885290832
407077690
985358881
437184187
898606690
43999402
685685781
702301682
156148115
851107943
216092642
152609246
649062131
281594860
108944000
472693265
342736378
182269570
976622161
377173275
393905362
72413252
717216391
262209355
567520809
594918475
83515936
548280790
151884764
146144181
262931094
799419357
204405444
86659008
376257052
675509658
90774801
846556813
39641862
795487800
101318021
848552851
977199309
908306257
29864466
624246014
601506291
269865214
582140340
858708444
499543598
440564811
531475436
577197070
198680087
470580736
657067253
454358132
255731278
752795234
94075870
510448478
928122042
858667256
884623105
831844875
743142480
254966090
754023280
50149803
374151820
262632585
268919286
224075336
181926010
529640872
443128475
954548514
31420473
954872065
406525631
66115916
672651140
11695328
791802506
476240450
437476251
606661601
40369455
276889695
482725201
845708907
195392893
347945807
56651547
750318348
676317934
977692768
525755408
582210611
177305445
448335119
21948136
125098499
497275095
995093066
274205142
899209628
244408688
342326094
871190727
776153096
520049973
833860593
312856947
94474495
38497141
778544803
108324412
74059472
438346200
249392823
815275109
863241630
43078744
876667271
314375914
53557916
880868299
9933016
615406561
710130934
8107163
441581899
573692347
256939708
290347264
110481944
150951368
521405388
155137238
54769359
554964028
86045998
974304852
408643986
294016146
912842403
938092347
488101254
199759916
458261499
295845984
319724834
57355571
421703747
301368125
196497153
667879383
363849018
289872124
225910064
995419884
850882227
345807737
115890567
347376436
925100940
92761347
63968712
471345384
562297864
885809433
58529145
971992291
58687529
42312812
79952684
506620432
607716800
441231728
759665607
774221722
849283034
759561013
317519464
468078313
356906880
283502713
755284921
18746120
161469524
609031512
903876901
545643064
62579032
349004380
490919866
417244780
866969488
552765420
595745984
281806918
282848827
183984623
68797288
72314147
788767489
363942510
449668613
310951848
43219304
855661819
127831319
804815338
499434057
176996
431324568
675949824
693758823
157998466
286664967
474832098
243172466
36097332
356669035
55202589
22966392
976457241
113176056
432195983
57122648
828666501
991803234
130023833
516004648
706353511
122164252
734472083
214101703
476628927
308931224
677076893
556486482
542972931
489079620
60505163
38376311
405364864
107318226
223614000
299148516
887074984
542898353
278954788
852629346
979443981
56491582
382674804
284443260
138201278
888597901
54613710
947639634
238547371
341507483
49520856
986457086
654680030
476700386
998199825
353640341
477890037
653135702
403757120
113305392
71336778
156614890
851280348
313912145
811487291
512746284
292151786
47906135
765318905
221754689
780759812
588650239
46063038
626941836
812173878
84773828
352659612
897464155
817165989
367595295
470185966
304499936
735720342
922903301
479167087
78699268
392063719
73983623
283765944
765214820
233321864
25907256
193089126
203499809
255110140
353814733
249894296
159758432
92781789
720971349
108295084
251456236
137660502
11699552
49805331
164432940
234195955
918754856
258048986
354513101
301436130
461760992
325146836
175459328
162648153
117268906
948997176
209926277
228551842
303606612
26998304
897629971
714593535
568873731
37230828
366704161
948209658
373281034
416825852
443996909
461966323
822545973
429790419
71413984
41971107
864851250
411830590
330124547
591161971
74651884
147958329
211614192
891322136
275051730
13816977
405197142
430047844
480177105
52300466
776102814
409119880
637711105
360090412
196844647
921045690
467069006
880600894
506487176
644021181
578078570
22752328
913405467
880221871
571826770
438735148
69302746
339771524
163632364
448856285
462325198
100136108
183429376
503695771
248945400
743306914
761329086
101851546
689119018
737515225
951082323
781141492
612149556
949568295
67299450
183456962
720349271
729602487
101456646
171518946
838686757
460726018
741313586
161621167
1031250
705442432
120752859
63242463
450425523
213713073
311380962
756729390
691483197
434943776
242652749
594446353
80737520
272179445
170380797
442668608
938736985
39622932
98650326
61405544
592250753
939598960
558548862
419694002
920193289
225381984
32129729
560485357
652817291
976662816
686352020
636007767
95026874
940592711
789583326
7492853
7357562
39129011
398391307
298426913
68065873
978550108
711574529
624887136
717585512
532811895
370003064
558782326
706734417
165545342
867870217
746324037
681536532
374439789
53144096
278856832
165083545
203283680
69537174
117818096
192014428
468171098
554709032
221136372
412228040
980110856
767142667
355610269
555995240
57296500
189533620
683837067
4552357
764994710
295141769
545961273
74752151
497622208
886352846
932204108
198073984
308765285
118077864
377421731
742622388
287221910
47080985
355249990
47637720
968474361
441901518
561175051
142638958
674259928
255538854
383726158
677836260
152401356
109040089
360009375
322859949
343296724
224919060
349876450
314541972
166423385
95483178
346776399
542249426
335905542
990234145
374290179
745033653
70188425
384659940
96380564
940532691
27076226
454374265
60749956
749631420
807534071
315052732
321242591
52473891
932750813
786455339
786931481
413675226
75933150
79673312
234900996
932714402
46512822
190426652
955015973
165715283
478016811
927097952
33990210
804936925
252570918
901690194
430706280
90413540
658977210
916828733
999239232
621191622
701497026
96645866
603523753
350749576
871269686
14523203
935489348
627852810
634680835
532835462
309376505
437499584
574379655
140039207
918871160
148655977
229619183
274060767
97268445
157752652
38606795
104873305
550624900
310646000
211524880
87548345
373095715
743338835
638591695
64479657
358663436
274133475
10358353
617171852
581224084
882925039
356324844
140677952
584079624
330935896
732927701
58846664
36250962
764997018
339353764
86800183
55528388
149589983
90771259
722390319
756248308
407824293
363874062
967173816
431594048
937645859
59952144
734638198
503658561
419538730
64059352
380558946
26855318
570998800
164002240
229982697
87640468
125957910
800884393
58526234
882197112
393958009
989738577
586993074
742227619
8108268
420135307
885175317
88067751
525405585
783589625
150088992
550454546
735764107
904780963
930621246
314301580
300812164
358597830
585498862
455243548
569669476
450061328
44055569
919550349
285863236
176091178
334356196
214258998
418344120
212639053
655865438
481313905
263316402
295793391
85864887
298164373
385205245
753547926
657012684
22968156
489467812
449404016
356646680
37634282
220374777
999777952
558154456
984404771
333032504
671041481
236593258
113842682
246105736
798066847
6193709
921707294
567988734
478602502
896379586
771479424
215387434
322164043
794036998
511404725
10228238
908017340
296117040
834811129
85124057
528980246
448341023
801072923
177106337
396018335
82017810
615504149
423436822
649579140
79617153
65332172
448813822
969863366
380645481
428095085
570889408
988622133
180770896
251164510
979281126
126041817
951568928
267655354
342536286
826702749
274471562
469122003
357596266
760730236
585852616
230515690
808420824
148435199
60992769
201519866
924342892
353491281
415001574
280520368
298774960
101306208
878912237
353873077
877087549
250714965
40847538
451714396
466309894
166222804
516646539
220296178
421903954
86311584
76108290
832263236
404997008
692193785
743086724
338585159
689457366
759932370
784552770
608028442
71977057
203196450
172743519
718114996
295563158
234708141
720376437
422177905
929480631
225796864
115320826
457116752
750146704
190724839
148197750
399937968
662564496
547263556
390018288
439839841
210334216
535244946
116341112
380076668
221536634
941141079
307968383
518910378
114960707
760929352
845508861
330727304
936277855
819004629
293114885
30206832
252246254
494752311
57812951
538707730
746269830
270609493
138723371
515910072
112790147
724457800
162240369
706123472
518216708
135706486
102296960
709275908
811754103
994938278
562447660
361995790
221603732
632631188
880547440
842001209
983017928
865223088
59649254
178555611
151036078
430500863
237056542
395116560
161293225
18228433
16763098
895671480
666506325
77564095
178182131
842148412
295775978
701022222
632236422
144640055
859408619
958992808
39785811
822213906
316248864
370866271
622667192
320184845
291644878
423420541
156098255
266220640
846274687
226139296
40261633
90263524
99847483
302852144
343629216
483201764
154261576
73897603
630607560
539933938
642928419
61435031
148257871
652258478
66090386
502172978
201490688
99645139
146674374
107230128
26613463
156464547
948961036
981821055
474506424
831895750
491932996
860869864
605786558
776833425
199063305
972075883
418246047
53883442
324130600
489656352
94226444
366667375
530081705
169141489
416422645
990552654
353418162
709604496
29509268
788736645
206650838
884247943
765675002
679558517
7235441
363212742
57924074
957087220
810893398
317612473
257945143
803498453
322674438
941468090
660500773
34997661
801618428
341475888
367516996
454661575
48886732
357219584
746434804
635302771
58780199
970705517
463115217
375413648
704081622
856534727
167596024
933686728
658299419
769618176
911856198
271572543
543990454
849584977
36619593
971858522
931189318
383475345
213300541
689579130
612759650
493862770
983476372
298617015
214555292
438132952
120903636
46085537
649067136
31820296
351516976
346686411
885214639
779464361
277595470
377759274
57892422
187151489
247479168
39388262
571560362
210390554
450616225
484222780
991377805
571341819
913102848
13824178
553654183
765141918
202890112
828460109
417442451
56438953
218355886
871964293
134931917
373006939
649065085
415364254
852987885
126353992
727822128
834947579
289789046
583722732
989192268
46670557
288002116
659571843
849251524
295218376
41047499
82737745
348003556
540562976
211629894
929947165
652904800
183797931
814021153
340576048
954265082
429409755
518770585
285207410
516060605
839870467
44263442
264624629
121721894
25323731
678942006
2694032
196528982
74130065
842519528
400948248
404652251
383937780
121922569
270138584
549152868
107636332
767157164
415751864
715616496
418165904
104011924
807012240
957989658
45664176
473618321
731321750
100036932
705494214
693539795
168746752
927255079
396372320
939592969
384513704
611518256
106470215
339668447
393626312
474833500
82741411
622803017
230581348
231815792
437623862
74106878
252393171
586038191
77131104
989861426
498780761
96968985
169966356
255389112
518840320
523648397
165873927
302643892
378473259
121295558
452720086
959376609
863439812
508744810
278777209
339104392
674610841
446037347
477121520
975446319
252921137
105686238
235779580
197103646
188126096
149401113
494892209
222226171
321981440
442045606
85755310
143082080
941656499
188129521
470155214
849307776
856103792
430881192
852006472
599225077
88648507
309131776
20074683
931340005
238947612
305213897
182752912
876355381
153233143
314933612
516333200
196113032
89524274
40044339
666462142
92776024
379721094
196912611
181508643
247176804
217835575
160018757
106519580
306901514
298763370
206496782
569321876
961942873
286266064
947813872
425022697
931097755
124648030
102979295
519863469
146403226
88304294
95927106
673963573
450343256
76930531
117935507
366904423
360569764
806696074
32503084
173396639
373360192
937507955
577027433
711699208
733286120
979475695
873486413
953477214
867062142
462995608
161819784
393560805
383373092
626011277
598654263
642660699
190128706
943952482
508613485
167099082
648550494
447574399
452732100
264961781
336645424
194032367
683350321
123907752
936375505
892542526
359557574
382399610
925168605
252998038
385258959
406001194
99838976
618694569
459776600
452127493
482599987
261454324
182583086
177756901
77224748
797943721
312205618
875626360
245592344
680344108
63585609
623512414
266445325
225623562
58028864
466309120
786524518
800583137
915133526
624442214
429424398
94118003
497736872
289315099
638619488
149621268
658454274
548332786
559327560
478735092
128009520
561270201
758533988
30107835
451628495
679751681
995356248
169584187
281651437
392338315
770003187
75631272
352214942
139107781
468784519
29217161
667251899
32078747
224589017
263983420
46302525
593043521
342128698
372495421
589115017
22928483
497493207
904658217
444929208
989716149
5346970
22089944
492398579
112850977
563087111
416951121
443145416
266951407
719425638
48383732
342063483
913926027
66114598
374033275
75512144
301155127
749242274
879670314
827269076
857524905
957062570
547535431
740368644
698487853
731498643
223276505
935966016
217534028
97706006
734828170
201631649
433687440
727334532
12459079
204620772
82581484
394169951
783410549
312602334
263967914
140762247
112899904
918432506
615378515
901825486
203728536
523756021
547265147
97844293
377937457
824496150
355531023
758934857
680080246
201844987
724094419
353985120
126554208
398339266
845977987
468458488
699869964
601190265
159431341
44009743
58681718
673989341
155163501
441169219
71697798
441067094
128926025
394843304
708075895
70522271
135923982
128105581
55394603
468209827
395577375
289629654
441470024
146801801
326052552
267307492
361739596
752073131
486110840
278890786
983240198
286707884
914605359
786066029
99937526
167852355
216143068
836945229
839201384
178990036
140241419
563926810
407574782
469397733
219640130
359768726
831212611
288837984
328953984
285030162
404461702
502370942
229809081
448234771
315719541
85832471
517243819
21119134
127027632
265453136
802731608
944693816
818314247
221894466
934244267
709128393
7914310
111051782
628328769
359561160
370843320
288017612
745656865
249276111
497184928
811246154
255877774
256127610
323550484
894604918
793245639
349290157
994104592
523678112
26188996
826798646
100280888
960766984
462879562
161553864
133408042
84530667
59326532
989974936
562767922
381193969
256917200
329357883
198488504
86768009
77474615
642239410
537094716
357473260
864136297
603197200
291988432
472476012
903317827
703816351
79403311
85369278
881645081
453421837
457235684
143087894
963788634
485316444
496741513
547310251
638386516
411568825
648339160
216403606
76479638
793477532
702382584
392194660
405738383
488961325
677440979
26530758
877222262
686401727
974757200
655820432
448755832
248583410
652336125
95266280
445867609
2083951
308110060
227076860
323636304
959680563
618080170
428201848
941354563
149035312
309078251
683715574
283357208
372958852
598077060
196087596
860893455
695626640
83068772
145377156
255691349
817272426
116925892
192845412
763184326
664469269
675153909
60902146
47985661
636896177
492996944
292824565
78025298
213903557
992184907
282523302
640316073
540318808
179314034
748370358
477525008
272108593
307637677
681886785
660907793
444495747
700219096
66881122
110461860
918775522
496176650
480577874
207186905
192305527
189638382
473888011
444368788
414947269
779721104
930271283
891464336
89819136
151934365
459186822
452669888
56171056
242872712
441337902
465497608
867149026
834480003
77432958
353938418
995382311
962474604
68021656
668925232
95805944
559852201
246851231
39223776
387382439
127705271
209772687
376409408
991225282
649750203
271977564
452453137
190559631
140892610
65789274
654182850
207831240
169468747
140334208
384655737
430993834
613701118
154331392
188616541
4058842
714039173
791346125
590995567
271099998
761830064
876328962
9233298
439325275
62326571
638568068
363165672
611707920
170724411
344204500
148471337
904485145
133295896
56951750
34743969
859318573
888224971
146134378
50821735
20364720
688347015
702773482
444694434
426543779
177404742
230052014
405149903
932502786
57488887
87334872
306030569
245271824
371226988
553741589
767617415
233248688
594238419
607604370
167286599
453727163
892327293
678452352
998372733
716489587
133483774
959974119
498053743
317560130
684383544
33942760
539491809
526157356
653458726
642310666
130360309
712962751
70239198
597130259
15198585
287600851
198416154
687514992
20206872
273503440
