2000
60 1
1 1
3 3
60 50000
60 60
50000 1
48966 1
3 1
3 2
5 3
1000000000 1
987654321 876543210
1 1
2 1
2 1000000000
3 3
4 2
4 3
4 4
4 82373
5 338841143
10 469795038
15 3920567
15 385467295
35 63
36 63
37 63
38 63
39 63
40 63
41 63
64 96859931
79 25659510
81 7
90 63
91 63
92 63
93 63
94 63
183 327
322 373
322 2636
564 39689
654 746989317
848 46620
873 4383
3472 297492278
7327 4764
10000 1000000000
23623 84733
27076 346164451
32832 73232
44789 1682840
55574 49388
58933 670227306
64281 40524
91374 816110416
247051 954209858
750758 373855410
2393627 1674
2906682 616531489
6114416 133017382
6240730 452262198
7368841 959584
7661137 717023
8647499 95668
10198783 37
22057479 7966
66442405 11860
72884870 611802957
82364646 38
104086214 801456050
148371534 7587706
151403858 302852177
178275374 10
211961529 708865200
291388018 836522883
298984849 807370501
300735188 16
303154838 41
320861287 949502693
360621153 177
368712057 110
370061683 20479689
406486383 712020460
408297065 81205484
410442627 99863879
423728044 680589140
431793980 1900877
439165413 31273839
484800872 817752860
517082547 194971110
545040495 349226636
558427013 2
600229478 14507012
618973530 925332874
623452241 58579054
633916535 2489209
675068807 224155941
692701178 50
697361880 4
712384807 352584036
721501126 551
722210475 704387675
739014523 184176866
759893834 5208
784916702 230290042
811409044 41
818575853 10
820283378 21438417
821005795 306077643
835228347 246071042
845990695 772528466
851433670 750005226
864042774 207433349
917937478 240749374
429865193 119075969
999999995 63
999999996 63
999999997 63
999999998 63
999999999 63
1000000000 63
1000000000 268435454
1000000000 268435455
1000000000 268435456
1000000000 500000005
1000000000 500000006
1000000000 900000000
1000000000 999999997
1000000000 999999998
1000000000 999999999
1000000000 22222
1000000000 1000000000
31321321 24234
1000000000 8374
10000000 1000000
7 3
999999000 100000
1 33
234546076 20518
676311095 387605148
209282538 73851249
294078932 31893
333131605 426921532
550149492 23037
808752445 715678885
142404486 790412799
492311832 55571102
188633084 2308
618172316 327480862
590563650 8864
233910746 19
158226591 67
600535643 455089905
354730061 7
426319885 64
459409455 7089
39075428 13969
226973394 11108
59730667 13876
428214535 340762280
119063400 100
617002974 5358
948495496 23359
76406783 21641
970232836 100
137176392 309388027
82945234 145
313182381 15481
213919616 639916864
425705636 25
199770808 7191
165505610 40
536723542 702
811513791 56
329771289 483871633
681788675 128585579
936171240 18253
159851263 377808726
49012853 2
765386892 17691
438300948 17638
417501829 133136158
478568679 41
925687806 969256379
181146554 9327
624505100 9
953259591 27133
194418727 7
938914747 36
22379126 60
44825184 86
129340778 787468707
441474051 843161532
685442618 30079
62464260 45
298242292 632061861
881183231 816469476
91173235 24692
340055888 2235
601047556 817594052
602318889 67
54181893 788984179
183537723 26461
517224871 1583
488162684 20493
339568676 249535849
413356039 530734040
368022396 664236897
163207533 367441453
934288630 871817994
427492326 24781
53660849 2
407714933 262
246416860 131
31615891 27710
387322836 473834882
52179321 32171577
823394152 27285
469067875 616403530
912965181 31255
403384998 666454864
459464686 22
375791010 32269
759682352 20
534920037 11
515546026 50905383
585803876 22
191775965 21
415490105 18610
64890327 29900
378768836 15037
975130037 953025198
829281750 15166
928630670 2
330106484 807988841
398052951 13023
768852029 313505083
233774501 104
61416201 28541
770416874 19819308
664461177 165116048
380387971 68
364760478 849413010
584867649 968575229
726532933 1005
238452171 176
796153595 766022717
307073432 17892
951315358 5
15198538 977889223
504734838 656079532
340618895 42
868731458 21
475176181 501720590
325077425 355912454
274269464 160133533
730707449 193
354297162 74
638305193 416389574
515864410 69
906892869 54009930
916984363 5
392240756 27254
329637317 28876
842382166 15
235380402 8164
110129795 21399
914236593 65
973299664 8
456732828 4006
349857570 993097829
157232522 16497
317351659 16038
37623018 31
182190114 389823619
491864620 23727803
118593654 15380
489561205 895654476
639954480 37
362810609 706540421
169982133 2
10939600 57
312449970 41
820370185 7845
488370389 17524
310213938 31
904745033 206294795
374373701 686995748
292227903 13
176142788 249586501
728112135 23434
850386256 50
826422432 16
702036651 7
19017007 619133494
331154064 31
798651880 305196500
199201470 167
893244483 1188
528958228 24211
934759731 396696257
504810498 463570382
233914830 2
625564580 25716
862157549 924053013
554641117 40303244
836610061 363515545
565295518 70
626485650 11767
234677704 447489436
477676273 11
750983445 8333
217057112 22521
895250539 19820
289022196 20529
929215081 17
982780631 2637
972975106 54
872701900 4
583156169 26
251585195 5337
381285477 709744621
835025020 3
183830565 26076
748435305 614298851
357922682 121644538
136891692 23
972249912 13633
561563327 26350
211341750 70
610943894 4
585674883 131151304
309653454 26976
620251270 70505478
207278377 68816814
134354785 20391
380859829 12095
55062788 20
563294080 4
853597243 14637
437904260 6723
235149478 65
475350546 77011600
96492454 10
546506908 109
746858813 9876
17635502 982773318
140056928 542660738
81760382 37
458418854 104
294106157 268017256
784239496 206356006
87272191 444617372
9605860 25
870566900 372890435
941968261 54910156
195701104 5
582508171 28647
619538381 10704
392914402 30
517626452 103
190548455 21
825062156 18476
261330169 592244014
433805412 557896815
101161100 3015
254246053 5295
988985331 741314001
593997479 348733940
598505479 14
596396854 146
406894493 17083
95647589 93
504575264 32
961062716 34
998064060 22797
614287316 14663
741244297 8216
563128028 4
676113 25159
62846804 16832
324926311 28554
695561699 49
777129598 1
486962403 95
857308572 35
237432002 185
898501887 11
258782470 105513087
650170024 13058
283269799 28
589400006 35
714622829 438247484
287718783 863724849
858195315 759239599
317667871 17481
732829193 623145240
201249942 622481208
844506592 165279339
183711256 8863
993884267 14820
608379003 27
916160099 5328
91637697 590764966
403536735 453925292
301443981 116
854730829 848677838
148630057 70
442080208 1934
240246817 2
759509358 57657260
179516537 254
823405870 46906491
448864029 7
139942429 12478
333516942 20
328313755 24
156326832 20861
35187475 176225159
976605687 372120431
906998794 584537002
406881865 106
73942535 5448
388797056 896259663
97820410 942222450
594377319 16
945056677 667551249
333298113 30
327460344 611388507
955205957 518143443
431173837 17
753553353 65
391047475 18852
363872432 17199
455284790 145650922
618783218 489830444
366445288 15370
406461714 386467440
508958264 15300
449121517 9
42927821 33
469896138 559049952
161429060 30578
544708442 109
720364259 968723909
293192533 16
366471780 260065991
376008185 32294
346469395 559574946
152080035 133968744
949812228 19
637590769 516972006
760885515 107954798
31871579 26355
677067482 372965779
862715930 63
385879774 377084964
45938861 18903
146548677 61348890
280532271 6767
695547461 20063
528579263 631291048
487379677 13455
386694696 274106369
278745570 30951
257685300 983256851
105529231 954701504
968002073 11962
43955849 322057671
998022209 23005
52061779 466605465
504429743 8331
379180075 29049076
669889086 8
463454960 7877
537870508 23054
279618121 499392786
733809476 371322603
192876239 1908
604844870 3323
536512950 16
700106982 20843
625378396 263754675
810664268 25768
280227580 789218608
340405638 225943758
232306033 914615760
661631526 691392006
155375141 999900485
715002241 854
275132237 742286760
712257335 12256
457095788 2730
837638435 572256733
301751906 1326
813542104 7156
264044199 78
234770051 60
761919386 24657
127830245 464069176
175184437 590547699
129006481 341123210
279632809 621913705
940297124 82
660320506 9
123343702 7
584808138 114058866
590907023 91312922
586460404 579876403
603393993 3215
194951190 62
123119829 14
434069887 17363
342785384 502368373
518719130 436822817
724758049 6799
507424306 19711
947635387 7298
551080762 17
589296754 11286
540095402 68069298
379661952 19575
561452373 7
937384363 23441
750970589 15
646412558 25
151483755 8098
622653408 7375
581939788 21
234801329 30922251
290829616 346355447
830998528 10
981696937 15004
729439610 715051155
560567980 25170
86627570 784865397
911279739 4251
695912361 212
395631227 6
995075901 47
105539861 21666
165067939 324117885
461138500 13643
80792030 27509
378728292 155577802
747252934 42
897546564 34
749023792 57
613958959 782930380
750724504 10092
146063323 41
57167662 20580
139831876 284560508
349312119 18264
489131530 5
467698123 564316422
110425399 10
889772037 2
836040730 883747475
53078209 126
693099185 38
159606615 786007568
173192323 959954476
701099900 3
914307462 11
158686771 402505263
850502222 165999707
63817526 58
491275824 11
689725924 14
308826215 86
961110812 16265
840150852 23655
630328679 2511
227194151 415144608
482259591 174
20454271 5877
292854999 69
499788138 7409
780923089 227967686
167481089 28242
595982393 3099
418894720 16205
294431871 41
851962477 31127
315415842 29
661147112 4294
206150676 725883322
750696362 473430200
651668034 491897046
643442183 48
873790341 154755411
685516251 22029415
284098937 2985
654681116 22
46087819 4
606511947 15
85699599 24832
962318329 337259964
138224954 14
136103173 70841313
305652212 11
160640317 15881
766241121 2680
920606288 3894
138796320 30468
920952555 30266
82225340 909576289
671632698 876122850
172058246 945096098
57674510 25527
528168923 74858095
178159439 38
29205944 20252
736870669 159
663734926 1155
894740532 52
965244587 215030844
118321713 83
420801827 35
469636192 557909983
647118923 107259501
38192456 427618463
419547291 18887
476084323 7
238605973 76
95013239 23133
699396230 765325484
775892868 19
294545960 4
443604973 46
25618327 9366
563309173 29
624562281 405109858
999168303 134317456
172462073 6975
399221012 608364831
860268315 9
278829670 4605
648804565 2871351
409975938 6
560256214 53
836257012 31354
966239691 8237
479962274 6630
462877077 323707995
327361232 155534003
130236404 81
582979744 19770
291291371 20
956927340 973193101
309486772 572984686
887037394 89
799862535 17907
192165618 529008397
146455212 46
270189109 56
223886748 2
272109453 13443
650517313 30
242314953 578764896
992172903 426863651
150544915 6601
634973866 6
442691364 30275
109495592 134020968
568460010 425054783
288543168 3
988092743 79
300614762 2533
871918143 769132246
974732375 441843124
742911541 18054
577983743 47
614381297 19708
842845469 5117
186497483 4236
3441950 37
387166775 664233293
655826758 158
758782657 62365271
782629698 19
77177711 508656284
691043853 197223175
962206507 8576
954763594 46
778696465 3
748820903 29247
627804169 9
816002181 27384
770002654 2480
160297512 11893
27369673 51
56857162 37
215822704 30
340281030 815625160
229189729 9021
959088558 10
388384027 16396
115682683 78
977086396 7
440488888 7
713201873 397998237
657688672 29536
763191746 48214278
645301194 531907986
23841093 19256
872076222 63
842172019 53
820211828 5
55113163 31864
349360222 894
92034942 131555989
422395134 82
665005359 2701
49948880 4
116254433 1829
484457716 15388
868250723 49
810465386 3851
479194942 10
718531976 281339189
91851016 62
924883125 15
485086549 97
772443268 612286436
725088808 2
318138926 4488
757527417 9
483430309 452804755
475558657 180220789
746687799 58294457
552102150 855457286
654566196 637956921
51966217 28135
752347373 15
588729121 19149
166478360 248423134
835952587 159268725
454396779 125
934010415 25
1855591 119893343
226830990 760883357
358233382 559148919
435178351 28910
620137609 199157439
620003981 10
260039827 250398749
251990585 4399
179575628 12952
467017037 6061
119085545 308319549
699470084 11688
445331768 40
455923406 395871102
806680743 90
195736443 769766010
283797731 774391905
984206340 6260
702314648 17715
772630098 57
731378368 862118497
66038425 741692967
205728208 602312879
609371573 313929431
79710299 25
201773034 30392
820449853 26373
251843096 7
118620908 6738
275321436 27
992816162 70
689305174 469497618
131967702 86
425471225 1
161038137 679168247
286939428 23132
517958977 30474
305261230 723249819
467408783 14365
943042266 331745815
857548254 3
554519435 23312378
545929439 144339502
6263404 244417933
30207745 693298709
584808004 19
513586470 44
299400042 25791599
45092811 120
513706781 13
179361502 318913591
772621096 15730
840650714 109
802009497 14391
575394184 31813
270798537 29618
257757456 104088093
203390467 19198
882641522 293121704
948713869 5611
777421629 4273
795960719 10
630922276 7005
769384518 40
921989949 813330179
803215325 680901395
970937227 330
501726598 690215380
295677443 465166462
534122858 3174
979780640 91
444794663 31578
882786622 834273890
97778683 5035
125239155 90
570899758 20246
587475006 342099545
31759987 7816
392178525 821896712
57065534 33
432648070 27424
67878155 12812
555363769 17
19467507 25
483546132 30239
386331505 12629
944597203 483866544
216435867 315435886
802206227 15
906976614 19575
407999739 19
199306783 8911
309423482 8272
551491769 412045699
450403524 77
84175464 28223
295570171 22
470151996 19294
776052585 89
334131714 25691
16381883 409185995
305499249 8
242081283 55
356956315 984322717
640203113 636265485
428576783 58
977463465 56
283727884 335839104
779746426 484931271
521352150 33
564313200 33
245376854 70
207286778 33
204022994 4931
70982855 727387070
905295373 849147965
261295508 6
700027371 23062352
339623509 21926
875864269 284402256
764513095 58
857806152 14
983758850 2
909258399 43
860954819 242451180
643204128 465089158
465767254 13
784233896 211
712965641 28
161875507 56
14751460 1
661457974 460746406
637891981 938541588
644937453 520594511
756178457 951325961
920576628 29
103931736 32765
689697360 8215
73072105 992345498
813255814 13092
610519115 953456942
674135069 28015
16151668 5712
73066079 12039
394730232 606461558
413983959 607221146
301701701 454163320
668384528 8025
47816831 125440719
497892641 20498
501499645 321190230
945509945 685350149
227198228 50866250
289410393 111446998
31681511 3385
727157741 29035
674515403 562623575
539442950 5
890517927 35
840735506 886703408
656159833 28069
945942147 10
60862898 98
31440688 16178
116336622 85579432
123915698 140970183
652725196 90
850863213 23978
700477708 31149
168861058 29052
522487761 392253164
354775811 638526478
412135036 47
791858748 827305236
900670725 12483
394334325 10
424016871 483903399
377416087 72
430809104 17
169765704 748360699
777634285 26995
637983381 6891
33924404 589456210
556862457 369374956
856253593 95
838557016 9384
438707197 3
891444319 290003585
792929320 10
522909349 31030
89456822 9305
33350612 16784
894111467 32572
996323315 58
475348215 15
187220192 928526757
569724038 12672
418334176 28834
123510842 103
591568508 160896654
566482257 9410
301751357 630570637
994720347 8
727016237 59405477
295711726 668437568
561213685 58
278991337 25257
724251262 19452
560121935 321699173
787656081 17315
717730275 137493432
280082078 175140728
581883387 26233
159781285 27448
17990514 63
130039593 148873902
619082228 27214
121847412 31255
907145144 6
919919414 77
243528922 445778519
179071763 26275490
760186855 6
190113790 31638
132091898 14095
613920130 13038
157211326 22881
495858439 98
91230522 844977584
716759684 25
951858402 464
88350871 438576274
78891760 20050
237772013 10
396169466 602618115
389282557 28176
901318639 465522341
224099178 318404732
270920431 76
515719010 89
691236933 7
292375427 43
551722273 58
293532067 16
948044277 229797114
787427993 19424
889693921 2044
621211217 803440642
565313772 866394555
951101963 20181
545816365 127494498
262008498 44344772
678039612 13
624576981 558584685
58913525 69
563598469 2134
370974846 763929691
403328836 667002690
61459978 30
351827769 896028698
949398164 318686897
773034860 831277593
980985843 401159192
822972393 77
744757973 40
250932526 716509227
894073680 16
48797628 13970
350204073 382960689
965780014 32
665600418 319619691
899123767 462601304
650128234 980535748
782369558 991602104
992652538 27
776961293 23
882368533 20
780878626 34
728052273 6397
431872855 20331
301929769 43
730490362 7184
560300515 59
47924445 102
551173225 570
179010849 32367
985176373 349989700
604087854 866994121
61942051 154511368
153757315 30898
679925369 526003571
323790022 273998624
933235699 630537
805930995 297347925
549479003 108
919852717 839716435
103323888 26829
449789190 147
13427191 7
699177772 32482
730186932 539494145
142856655 868098988
52610674 172
128569572 492395201
66162090 24352
621439048 765501726
345527862 4229
584897423 730201979
242130658 15922
707224508 70
470964400 659551587
486507873 9
748885864 605548972
506687598 30792
930054204 12615
133671846 21387
718198933 87
608642504 59
340338722 12048
933463012 133
925010585 29215
970893301 18813
233881656 25191
91849605 628814794
679658341 53
646560702 963735842
856196203 98939940
375677809 3
340180578 132
770324564 23560
122426273 156
139754107 646605367
522333337 265819167
326471312 5877
395863173 42
543848354 216928078
503667857 21792
519264802 484023840
745604005 14445
910155982 39
390789730 19227
888787073 333816466
4799853 2777
912902332 26
344923668 22002
902678900 104965274
42697457 5
641320702 41
565715253 48
908493749 28
305070298 30891
773307227 28087
158760839 8483
379460595 48
248795277 1550
169197055 27621
955231769 48
682725354 16597
229705120 787554706
173173203 34
561552167 41
157689473 23641
132674936 49
29777212 277
367369668 176
536905062 34
736659212 449865624
403798011 17
950175439 37
105038345 15503
981600355 37
788422600 157237457
165259117 896514746
620795376 391758797
498254512 549937985
125223072 13297
356938853 930395239
851007399 23
229556342 593199430
929754598 6772
894080177 23649
292065835 29605
154222840 11765
847705059 25
551355738 97
413415335 19215
306139212 32497
936448961 268622007
472819436 333365485
43613682 25127
2747872 45146125
259476517 501544740
948680094 73
394137602 4574
163340392 18591
980318782 24205
837866075 19668
244150912 13989
217862768 894128841
263126247 560804247
715631954 42
467557949 84
429902933 4
47668700 44
165068683 976711300
335176639 140
759523574 380409373
848885638 598408262
404261461 27575
934356827 31290
709609162 57
976090000 22
490999584 38410502
742678280 15549
823457276 5
497459415 725577546
825050237 2211
899751899 53434694
994077397 31841
300006306 46
372421670 17
857061106 32518
39162066 23478
983079909 17516
515955018 2
202829531 22996
763189888 30130
181714856 88
215873272 23367
999343308 996899593
443438087 2
967479630 838120258
770475632 28834
109247529 61
713944862 20908
784446877 863040379
786779733 35
105221341 795781876
53937327 869508610
974160599 9830
231143260 7135
229581339 788116189
214217749 721059626
973965530 25724
609533251 28
969385023 99
260552911 25
715345692 3936
119428484 23324
448888372 12
602644313 628223489
205716642 123
913781781 900950541
645841733 7156
570383358 29074
610047276 27812
255644623 76
461432091 28210
786853833 10
705983082 28
364355838 438805903
269748484 80
114530825 6364
629872965 364960991
847614357 124
804633290 15
313292049 709829054
667900165 865294252
932564111 39
179071314 341473425
198623786 54
375730238 866035279
697076318 23420
651174187 17
586336568 3492
794575666 32
544289563 483423550
357007385 12
173216956 18072
101248183 12803
470862180 4966
277666268 30
314598619 108809955
114927816 6
655693261 27
113706607 673917228
543014250 12975
703897399 2
523672152 20
702492812 151339383
432594440 3095
172663957 115701279
749099685 12
194654741 612111058
257880597 954469525
506404380 66857216
458287196 328803070
228307322 56
393898628 22674
685765729 133
466442762 959235974
41188069 5597
438324771 49185022
256934875 4
781893056 16498
867016996 22
511219118 142
875036792 26
125973055 516
152169846 26
395310377 85
339730199 270480566
313077533 8206
393232728 82
552335083 55
875445533 78
356919772 82
1013716 129
725294109 13686
663165998 15
273318188 20808
739005902 9690
429815976 591300570
578725746 48
399502454 10183
337687310 310094480
450574906 53
3397436 707405166
86974345 989027445
884633003 31644
168372172 1
85920807 25377
576273333 728460112
360211388 14
860263101 2198
463266087 46
511954323 904851378
774743945 28
66232976 66
358578245 397875816
431401337 13
53687423 701490264
479723424 26737
23236460 294143534
346960371 55660069
734200617 90
492902352 275
960452622 13
551518299 338709630
595861833 734690503
865484735 65
856709298 204
320133802 29694
90044251 740596330
530454716 920494698
693384138 578516250
126062577 24570
816344427 157
836242366 11
360123481 19573
633944307 499075609
256232819 12
91657598 646228739
766972700 6
551283076 2
230692389 9
596414597 12110
553506178 12369
607557845 8876
329948844 36
647148057 64
684511241 53
88245306 7218
312311080 71
504535801 836180197
999964255 24517
170275247 372431896
791750862 31
891584667 532544578
813382567 22
945224698 20115
922249690 160
175830263 47
677586723 720325717
772173759 393396736
314371378 1408
193800683 24898
936232927 158
731125714 47
785485436 12196
659030543 491087735
151249329 537157188
150001849 30
203629564 11960
353441821 887966019
770099723 12
650808633 147157164
216977144 124837003
738236129 27498
229699636 23742
46884983 4
850897153 48
705703183 21269
902454666 21
89760489 5190
61864562 20291
76659942 3529
152415111 23077
803957413 1067
312672065 140
482281063 52
493554030 24
948055687 83
94649491 32021
572548663 3901
11578850 19607
399767726 442645122
368213283 520277228
736882871 2
243416312 25620
55218199 141
69282754 23727
978177876 526356905
229389312 14209
490148011 428879133
865638466 313153155
873314190 54605087
763388908 33
132476048 663
611120694 23
744697903 22513
563947738 132
351609871 21735
257122668 503223680
374209487 144
555105857 3
189516009 18966
973175218 5309
165885634 600759501
580288314 2
678939960 89691586
33697331 616842051
304294939 10654
861029732 152
85610978 707501832
517270846 59
180518445 555691014
349967327 14431
313176586 20
377210976 160905796
984662059 21
914620366 10
417935150 4
163596774 26184
108316349 14759
974092382 6
118607728 21609
422618547 3196
271697843 39
403956265 268452160
508628328 7346
510824994 32668
983525612 834494073
306249414 215
232657829 6
636527114 746029431
537372283 12437
659354263 481838949
500217989 32273
986135799 23885
254022723 3226
719611980 17
402705274 727031477
613500174 16982
648234690 192608747
371796202 890292882
424824132 31341
838650760 107
128652712 590743209
704800121 65
983268666 941
235185479 359286554
131357624 20832
721290412 29633
526535394 208378710
592476495 16278
124065224 10
82570779 958630337
667371372 110
430561227 30823
302855852 9915
10411326 1166
728678880 29733
198464543 611474208
172922455 742447569
682487126 7
158970229 31137
380075651 311911837
827677916 496373778
705593692 77
87798175 68
355262336 34
765561820 15071
879412846 47
73573077 7195
448951465 18
632212394 20670
781184822 77
717767549 5248
479842397 100
875505076 29889
537402623 69
755834708 1
819357300 207888489
670337333 36
386280752 5
964416454 1241
371833627 117492165
668737156 17
2163290 768478761
361838611 551471795
222335890 356375424
599643502 112
960402929 3
511968584 674131762
72719229 809972353
221532291 10427
966114232 951770681
922665027 15
384017225 264978263
503850880 648100983
61962020 3
627249817 72564728
985488277 646275841
930108281 24833
454012623 616643183
444794545 6798
867681311 4191
821545157 448254718
387497076 772834499
102987801 13
459549395 21905
541227187 262596491
366888034 540472405
641988408 15465
5860230 56
745080572 4941
734592360 14235
418987523 144846396
256380179 373042719
938348833 189785342
664861898 15000
863328977 35
818734648 348199340
671100661 49
852117657 3
754058590 140
591579089 24172
377287649 10974
713265084 8
921144625 261151264
996337355 4
99836099 18
462602223 26034
327482794 6067
647632896 132592653
318526447 926231032
77000727 108826239
832632779 9
146792817 17
261035427 89
512786152 13886
250211642 226
145654942 730899171
720932497 17
882428094 80
74615702 97488732
531990055 942513782
139680558 26
591350083 607002532
75952205 411107335
217714619 397328077
107642508 25136
380602705 24535
714713465 20983
678844801 10249
608085655 28553
244825310 2
283971655 984769617
15217393 45
5270199 39
486328856 13642
425955577 22908
135854877 745506703
30288508 919378076
17844726 204500007
19635792 384557093
431538709 496127362
541214228 27127
180656810 138722837
873352144 4734
685777949 112
52974642 799893919
451931032 352410588
66722823 160831464
477769883 95399475
694194489 796158239
527663878 115
243450550 730873773
507483709 345370986
322460296 17
590758120 134832971
616585061 28086
81194673 25
742490561 165687952
397295456 964339128
335988696 40
302188885 11849
11856742 23901
888681772 10583
650446552 57
176541281 9430
849591839 61
268021970 74
970872972 12
497120049 12
612862394 869858272
632575250 24378
303699519 83
984968948 91
310595502 16712
800935856 17
776786290 118
652901529 97
159390438 90
393865128 9
729803977 459403300
649376282 20671
974688344 541418477
975690754 11693
583332025 16
297759877 661725024
933380577 21677
810659345 743906341
178883577 202
503025775 91
339386630 344949828
950941327 662890409
873419893 24
356076151 132
145603168 650023836
803519666 50
74712942 42
556475227 15
613861494 10434024
487820205 12
252512870 766987543
703946159 70
638083840 24306
894344257 401295875
91552972 44
228173017 107
177060728 718172903
775776040 26056
729019737 10140
982570912 862868802
138258402 377977818
684362573 45
14356623 30443
391244009 635789093
140723464 59173951
446551592 27218
764044084 28257
480090396 416235034
602520828 406669382
979769502 622855933
64104180 38
812985735 4234
685001572 535410625
682266054 25718
695288535 806338091
892825865 97
708205135 106
957291594 28631
760659279 620230853
174908221 300917534
789516148 11
281758597 884412189
913905583 16807
624603917 17
597156951 14
30264556 4121
673089965 698250663
861107839 565467539
413722351 26943
992456568 11
879762547 24
593269098 13
583475899 17434
360018576 12
56540400 509552489
448738173 10147674
641161284 34
895333052 12
10185549 20
877300389 600541313
595449469 25
79544980 671286829
203502020 493488952
18762231 14
897966990 608049803
966835298 16679
473158796 402183971
513606498 87
818540799 55007147
204506458 68595022
860679159 29016
543893487 633220141
353229855 23050
88505332 14933
390707850 257542885
747852440 740796486
514242438 23636
455842660 12
875882183 15
832612890 18
905110266 35
975375157 348323383
589502773 428398411
833320166 12
777150583 19317
590672981 37
394992022 19835
990705006 11
652572439 65
505906938 1963
344181560 17
621596611 12901
614756903 270713419
75610367 45
156970631 26168
944155672 331468063
908485223 20323
888767047 56
512737288 629219163
112708228 9569
29810051 7
544445990 536301750
643866238 625740936
266013260 326948010
991479676 10332
141984657 467
205602996 18
226805601 80
355236666 1764
925728310 835132364
841807485 9099
654820912 439903960
207665824 2
529939263 128
235427993 55
767771575 16
797938721 259419654
7545126 376938879
254748911 70
214429734 32453
294200279 85
367281962 15069
180854904 361392879
780351978 12
94122461 1359
277233879 6
711520502 16029
643510367 457748927
400105000 558389452
624569182 617814782
759838342 1
679318673 16062
704786570 15
503274790 12862
261715080 26546
172396778 1
81868217 675327151
266460432 15457
781186145 744471269
846109283 513499556
855834652 6
196972019 4389
490852041 763996563
128378258 834943636
993564348 39
254589718 164632909
795897320 451884994
121807694 13343
990844907 5830
957025121 10628
29890414 26
627932724 2
988990613 447839429
215817876 589228835
236165142 363
523713291 89
962234964 133
737800840 24738
573086158 759960518
94046330 7
349226541 772534536
684386010 11180004
680010691 16364
658614097 177642321
730427557 12670
898040359 24
469773396 23
42333972 67682649
216782245 5
271339616 231482940
597687290 758450126
930614800 26
459492754 28990
256502354 192364081
727343355 118
461866669 4688
783264965 11243930
858258056 18
296061671 263647078
459092523 6
781525424 800525003
782989286 879071751
356896400 610084879
40742943 144154479
99431269 30
447072748 221825862
61165025 29484
267691680 8891
793979160 223533550
388487618 26
807035149 211722224
916429912 27820
728133017 7
302745567 57
413835133 10169
664198380 6
524309645 2605040
93828308 16662
707296326 12021
69810534 519613783
463631707 22
875032755 740479833
623000298 36
968703249 10
948869969 28398
851041367 121
823455188 56
969060987 7
665549747 99
741166220 77
762556927 121106229
692602686 81
78716342 27930
769660826 808425108
664667680 7706
338894353 18562
809232221 9613
804903075 181
457341898 200488362
907399362 1968
885991893 24
467627763 375332690
760773293 45
811114011 7851
129550335 17
469909070 815892484
698032567 119
547138281 227959604
893714956 165920115
705020386 114
934926197 386451941
142745440 893147457
603853960 69
416932467 37
60235574 9948
902309942 729237888
704144247 123
234169217 2750
626383193 6096
755063585 613889913
245106795 3344
27829483 9549
929715662 884694847
458002973 7
334698778 7577
921529872 51
676287727 11123
485095797 7127
944053402 28098730
945692364 5697
695640593 172135269
518380595 901118836
490722993 106579948
988063932 90779199
727570635 458244180
544648472 37353731
824544804 590369947
15389999 17456
739696617 14551
862218288 32691
884124286 23
354596738 34
857044102 61441792
899440523 882267528
126548322 133929887
967599173 147855806
544470216 3
183343972 47
415252487 179
500172330 8386
567345239 194
589426525 8631
548831212 25
159670048 1582
409956919 270029394
534008710 3
796819658 3509
262221336 13434
959027088 39271283
558632000 32717
110355561 796531854
937932841 14
238427133 239859484
679943748 70
78677327 248996529
224434579 28
935784861 420772564
145612685 16683
653095593 10914
279048944 593054560
520037926 629669679
83319926 130299887
261660887 26543
273780140 18057
805076356 21842
183546321 24889
455682026 127
384733433 2
1493795 85
267542060 46
175680314 10782
262717267 7188
308247115 881572110
85443565 128
827624242 26
645819382 3839
629330809 54
898340119 558604872
506147955 108
950111502 68
445096306 18332
421520675 30058
545451212 26369
79874260 119
172282703 11
697033712 16
626635944 247022653
379022560 845613743
984711293 14081
89427344 8832
627506045 41
318462925 24000
616142044 984907049
816787000 434089282
228094357 146229800
997858105 303337152
578316989 147
806445897 9029
652123839 202374045
3240007 66
694697457 28226
672894844 164922048
413509443 6826
169767548 916755995
361892035 58
129813063 7
513776777 20080
773926089 7
201459503 331315457
596110324 6193
965740871 41
674745841 29892
547504515 887477014
559988737 32
672141183 9
464241619 25707
254501183 713121702
17395290 15265
281860953 35333378
323118153 25569
202867868 9865
960039277 144
855206688 25187
767778087 4
272056462 178254591
693119995 960635397
559638765 217
169602462 29
146492347 22424
544358907 960343554
763494076 77
450193445 7985
886797732 31159
519803372 708222191
406390597 263
790416998 30935
214470125 31
827522511 264119085
507857885 84
135185913 24083
718380405 12
114704541 21
892598091 68
569828385 731708417
21108650 645244765
114455089 23707
312899760 648405260
719289319 329916427
144252701 24
275256490 7233
199249610 133
170138628 42
751034712 958626779
783538204 941141933
272075926 6356
458959795 67
60345734 13077
189122085 12
94928929 12
233584911 4314
358389601 410382687
45754050 21584
141295967 17409
872261262 26924
28006982 457156413
11974169 7468
216082427 36
165365553 181960721
318743898 910118028
830914198 73
560645161 16266
927788933 287926886
451332030 29785
812581075 305029232
27573295 101
755540389 652655086
547645252 919
878251812 150278453
654339256 117
256664690 40
397667764 17621
