2000
60 1
1 1
3 3
60 50000
60 60
50000 1
48966 1
3 1
3 2
5 3
1000000000 1
987654321 876543210
1 1
2 1
2 1000000000
3 3
4 2
4 3
4 4
4 82373
5 338841143
10 469795038
15 3920567
15 385467295
35 63
36 63
37 63
38 63
39 63
40 63
41 63
64 96859931
79 25659510
81 7
90 63
91 63
92 63
93 63
94 63
183 327
322 373
322 2636
564 39689
654 746989317
848 46620
873 4383
3472 297492278
7327 4764
10000 1000000000
23623 84733
27076 346164451
32832 73232
44789 1682840
55574 49388
58933 670227306
64281 40524
91374 816110416
247051 954209858
750758 373855410
2393627 1674
2906682 616531489
6114416 133017382
6240730 452262198
7368841 959584
7661137 717023
8647499 95668
10198783 37
22057479 7966
66442405 11860
72884870 611802957
82364646 38
104086214 801456050
148371534 7587706
151403858 302852177
178275374 10
211961529 708865200
291388018 836522883
298984849 807370501
300735188 16
303154838 41
320861287 949502693
360621153 177
368712057 110
370061683 20479689
406486383 712020460
408297065 81205484
410442627 99863879
423728044 680589140
431793980 1900877
439165413 31273839
484800872 817752860
517082547 194971110
545040495 349226636
558427013 2
600229478 14507012
618973530 925332874
623452241 58579054
633916535 2489209
675068807 224155941
692701178 50
697361880 4
712384807 352584036
721501126 551
722210475 704387675
739014523 184176866
759893834 5208
784916702 230290042
811409044 41
818575853 10
820283378 21438417
821005795 306077643
835228347 246071042
845990695 772528466
851433670 750005226
864042774 207433349
917937478 240749374
429865193 119075969
999999995 63
999999996 63
999999997 63
999999998 63
999999999 63
1000000000 63
1000000000 268435454
1000000000 268435455
1000000000 268435456
1000000000 500000005
1000000000 500000006
1000000000 900000000
1000000000 999999997
1000000000 999999998
1000000000 999999999
1000000000 22222
1000000000 1000000000
31321321 24234
1000000000 8374
10000000 1000000
7 3
999999000 100000
1 33
846963148 38
21826447 333797668
980646950 10245
638809486 83701797
959842407 199895136
141135083 19191
100048975 903307009
697004107 25
876216774 19886
767473957 4635
799111849 31039
966442389 788979895
986006869 63
758362405 24433
158668199 37
185182603 20264
730832422 159585167
382992253 96
159063239 28803
623807754 20
375926096 22545
571777889 63
67414342 2
770850239 31
615191363 265290448
19186737 345698939
711536953 60
465401806 74867119
692432234 657156341
235673119 526472025
939218735 19799
246608027 22
799027078 20522
503947519 780660198
347193072 1301
749770414 676519673
238703064 6287
158201429 819655839
956668946 663978977
211570581 665272287
99635876 467876872
968391161 31270
19056897 527036846
322273911 600675700
81368184 163039010
462625158 6881
135239137 980994845
166071170 383315319
344297862 130
111046895 11715
417930212 14566
582273703 18870
724826417 711804852
686499166 17
157199993 958133103
932616998 182818026
609100727 13986
415533674 23203
297567903 63226326
504668324 24
934892413 20075
735298634 245238370
271003946 686
670029683 160046893
12254413 238299961
118867423 3196
879139505 31
523220518 3136
201276208 16628
517687031 9807
631599435 2979
169295021 8
725937882 915929787
238991880 17
1931586 18506
73210067 346999360
587933797 24457
181376319 10024
682348885 15862
771917212 1
336322888 48
611680676 12
565914702 73677496
609932095 18
108424723 14294
455312092 718292772
203087417 378387335
993796090 5906398
775300671 39
876409336 532936276
871073706 22398
384066445 78
978227462 480381346
599581438 23095
578458220 848346647
540924362 85
928184145 241486313
686865468 19913
551778851 11
523972766 13
372373901 637884232
560110156 8322
658178905 700526769
802524239 479757462
796127096 39
412931933 527842646
135637119 846891110
981471287 54
846542512 25493
116733369 165
599956147 65
840550392 3752
676804933 17314
657188600 818920670
876468112 238492748
313295515 932426454
662898463 5729
817577831 477655994
35233233 10074
215375373 24495
816765179 899350784
644001801 2072
777710458 569327793
346087441 744733294
286364081 12876
374482800 898357145
913677962 17923
170565653 1029
894949122 9084
418359840 272654457
773241824 193316566
664411458 27540
424061258 6
909411676 8022842
877205146 50
396513524 659483943
514884526 6669
583694736 14676
604254754 4048
845284817 5991
376570810 11414
504962853 106
616747638 37
951961671 26947
886559550 517211872
118669873 719418297
512434507 10
737910513 5477
833421405 85
933694482 39
61478249 36
590141717 41
769820594 1505
600494542 5543
454753952 944888401
894454735 218858690
789113922 84
216693647 768018653
521185798 866929225
380522130 45
589339857 20856
155702526 25946
671076105 442562444
125880348 17
930705967 12850
467759399 10
893954312 7266
763908247 32
786672344 84486656
175104703 24076
824066938 27
197658136 55
783433491 943618135
605349021 74
399762905 2
791366228 4000
671227153 446858686
67633935 38
375913183 749198806
166006002 28550
709508598 3518
759991536 37
875769084 487221804
718393030 21
959516143 308868834
502435131 13350
231069720 414847364
342518623 76
34238822 28401
887378311 20847
592596947 10099
46920894 647950680
797913044 475915102
290445460 31486
752000459 7093
332858346 558136605
116528417 56
233757783 70
577401942 4216
922916016 2934
224515735 1303
665877614 36
602494886 443866596
448007291 932474155
757085690 219889887
69740890 61867148
715731026 232893043
609153951 5
90998453 21
903100591 31305
745636095 143
228340424 2856
778397404 504297467
237537519 451159048
723017145 53
835558885 184412741
191372280 17
291818636 148153997
202352080 29
271343842 581977267
183432634 718075992
374283466 21
349624352 30
730586515 609100628
722138038 324997774
75328277 98919962
111963907 444426898
460407015 40
563376291 27
187560673 857063733
627512171 116
498102558 137996527
72492594 416740873
14016584 15977
865499041 127
703833600 822523066
450888714 1838
187756793 12498
845832390 509409999
478228944 986769683
350243267 15
813031560 24348
582581692 120419666
966709671 61147449
767425174 32
259387790 94
432078621 13121
553418114 23
969767995 58
302349760 37160901
312296217 634372017
509995768 11762
61457986 57
250688363 16433
455767409 24996
563189706 858019594
217887981 646696620
945386517 583020766
685472737 583133609
364539126 292662600
888149118 18
211013871 10
787810709 803506705
144826495 463411681
912983165 44
368452245 28499
718172539 20507
181751476 50
167031859 880183944
402397105 6236
303769513 231733957
292288344 997323648
448038423 12
370675070 32073
408810873 924192493
173318000 663508251
752514087 954151495
156010181 31
181549590 861127258
127376659 21
79283712 726622762
531090002 110739356
65550315 9293
786760556 13005
525685596 1
185742675 18826
59728919 265956850
721398226 26775
164446204 23
539730414 848250180
108563322 23469
404550468 21354
999087179 778911572
881129608 537190738
210931676 1134
330262057 7374
575671887 27402751
229417989 22234
797330651 1
370661769 10
511462539 279379446
858167751 15445
758693225 29237
806793787 57
632419593 4938
124832257 8
378058009 97
894669205 4496
460039117 21756
509932164 406324504
309302504 19521
100299589 945439647
748303625 684867218
696328448 26814
537838558 383129136
448150658 880261408
694386134 30911
90838118 5275
592895793 53
96345755 4833
557862891 77
74537110 19294
778205527 61
132231817 744288069
562548521 27654
23390641 925593162
863020162 3901
444074473 2982
535922107 14
565028298 178
180253314 52
35860033 71
285410786 27
182043558 25313
390785768 974642134
549776647 15677
428039080 6165
295747008 28577
529122454 12008
582700997 20966
979303796 77
331752239 311
354610875 445753312
288805737 48
244575183 14524
107546520 59
308032504 8852
332760017 12214
548410273 403795085
2514911 39
949171454 60
611430863 2
750290789 23305
610198544 16921
918757392 3
217416073 3869
892195088 52
333996301 19853
112480452 22707
991375476 12
216648808 800564999
811952282 6608
876692387 907356044
830595110 31051
585319347 26607
76284991 24409
92315181 1861
152465922 65
549390786 30311639
95385722 41827819
512206571 7774
23562225 25
996476284 18440
981931723 24559
147658763 15
265198619 19739
939384596 19498
449814457 88
580694513 675973391
220963875 910468824
359410245 36966369
824671634 10983
222301905 11427
109538702 73238828
837551743 26785
165655572 17771
846394449 26
817287958 771681072
540021941 79329189
472780046 81
636892126 17252
855737552 367636314
399519819 814302093
967775488 13461
591691958 698607788
639449654 746947832
1863523 3
450872710 6
988725452 38
481770414 2
814403618 66963906
525760134 13329
579744234 832783822
451820111 839275294
40764391 26
211388058 14925
277428525 107
518126079 8438
878758623 13356
824929627 5
547303579 6
127937411 69045483
942690757 614033804
651921592 45
474756159 173
436373894 14
318370349 14
550795182 24813
84625613 208183257
296246780 18
92265444 170
914750568 307033783
882463442 685738580
247216347 88
930183965 104
987624261 3163
863355431 48
635038909 739327186
874804907 24841773
563806060 206899200
567005411 382043698
827062022 10
37492228 541736470
322939031 805564062
780736718 29113
766534422 4
856294777 310651727
125158047 893854948
522676741 10247
739420763 82214308
777299754 360054990
958967904 16
442397243 55
416450055 89171191
523087189 241280280
352221134 22337
274055435 64
459617327 110
817183194 12283
889596791 1109
727885004 582750806
245754123 12
213742186 29984
86438594 992973001
992299803 50
473755538 25326
790026820 7848
278873476 25323
868148703 442
862649116 576978424
655727449 93
462244631 38
507220006 8
528772356 37
183827453 6705
317682229 7560
72194652 361645507
746570206 145
700918809 90490623
97042763 19
107246388 4260
226352093 564452783
561950307 22
576257505 7312
512857400 10
287003852 28588
260047656 748004875
868948091 31026
730316397 12
153170493 11691
221196827 111
469131715 8054
789589772 29
486567830 28310
977304832 726223
774978870 17
809108271 17538
828318473 339238867
147426333 8072
792498338 25990
810729714 574900927
338093686 17243
79882293 2
45688213 28084
84495451 9957
259705315 9892
542818569 263863790
643184460 100
643882145 165
896842739 20852
965027421 3
152785624 23
276402542 647574858
661616371 20561
109227406 455206092
933813157 125
382814383 26011
924447553 82
402833438 28496
677420035 16442
834492364 20255
892882079 55
634202034 7530
633702471 18327
955780058 949583573
729216587 3
775326652 371569545
226610771 727377213
239377876 31183
313229766 714745384
208772215 28
945685014 23
417823698 7842
299850063 2717
796940914 135
13070804 4165
618070439 13
70629170 20654
892155057 250887582
316469237 33
92126056 202498789
759247638 25639
239551954 31636
405368720 31
705319213 963705175
415970974 160
646206396 23
735190573 822403549
940371915 783235634
608999856 362926038
110223425 15
43710578 131
249045742 2721
157398523 581827127
387005314 52
139540863 21
502350814 21
474537157 23568
466643714 561965339
51814502 662796862
386178239 526196177
324786282 91
99665728 174
707629452 741409679
805262136 25220
319516848 738697541
891298740 56
482754184 24059375
216590153 342885618
502912452 499984001
93811651 7098
23399090 294510698
872671438 15
47739174 11696
468391891 941490410
518158573 7
478739898 220690927
216654540 27
150178798 4391
923521967 767081176
650293659 779700686
305084838 129625520
24187044 5158
794722924 161
867489374 12
472042979 17629
159248646 1
607213210 518676164
53996590 209875909
573216253 67
843671613 74
257996550 18039
74461644 492410553
230027675 22582
223627610 20473
935836456 77
643976686 27595
887993799 472351798
363274856 101
782123838 36
489557173 26904
142827956 731227607
83942203 611403993
540546917 32
823661167 969322788
660249080 591584703
139069060 12172
149303753 489905291
341802870 54011097
423228365 689217909
494942567 6619
550103447 982313539
698830395 138
702586243 25862
254814087 14006
960354192 712521544
781041238 131125924
477101518 6418
818239748 842871159
539265281 1363139
720180808 542625983
977334792 54
84981808 51
934137994 715586005
643617179 61
958518391 452031228
895410414 81
843395454 4
509594343 78
151731551 25754
161719857 22238
910220520 338393761
258310718 35
273041544 813
497824870 11910
565501555 20471
286875394 26503
924650379 629003814
200272196 660487705
366858736 591853137
531212218 22431
714556319 14
22633802 22732
698572896 14
669588404 102
906196818 19
502074429 14664
253348262 2205
108508312 38
334149049 54
652500366 6
134598889 421945825
119374746 14079
328256350 120
977478811 22
980007457 15
343037878 297612527
375801218 68
921452020 937265879
484916814 5145
930670582 10145
2062487 876001909
904695750 32039
241505703 860123766
831734123 34624294
642158333 26717
427426134 943657306
44493925 14
102260418 63
488183168 24151
869887536 693394031
358332785 3
18416318 64
161475022 973342722
544358878 674002356
340761576 777770552
123398837 10962
590343687 17
583315638 18
197300639 180205703
122811074 708201259
325249090 48
655347817 140149362
333813430 25
839387994 917886626
861866139 12236
882421099 21122
229981088 24
654989342 130
18950620 15
197693846 1935
922434182 7978
820470974 14250
190053730 796535521
396498849 69
916571656 79
14985693 637190190
14715114 484804996
946314981 2636
675274372 9221
902294682 212
769957852 45
145897256 29858
582877820 11992
131011609 56
755993857 198600558
834782017 2946
740006111 714235924
424168624 125
643946636 30
440112068 4180
910112262 15
145392293 173
488705963 23959
631694099 19961
106288176 352338190
557713648 559531145
945681454 24
406567345 779370418
875232273 9982
235636179 203737280
384028840 462988340
708785867 240614788
905413951 350704927
442272729 346122295
242835904 23330628
994982900 252463743
455358404 11352
769973687 12353
483429758 6
114592985 173636986
928502475 8634
208229596 165
9104702 151729353
74917393 13817
844853258 88716872
367341267 60
149504290 80848875
437592639 104395700
32533025 5538
958901227 36
355029144 156955176
778468784 9624
236155714 162085884
858446913 40
963660962 27301
574443807 521078509
662461622 133563796
651852081 53
529598682 30
745436459 124844294
918503274 46281442
725899027 1
20206463 8756
846645326 24489
511077690 493547947
565352272 6640
543630826 30177
236893457 84492115
626835814 122051454
709142292 39
645719880 627841221
686593434 583984736
557254598 68
125979896 10
411842803 19578
332846753 176779028
588801900 24544
975764424 1
945698421 74
671811075 338925965
624281866 19
485352399 154
422591614 17143
140376835 610530341
769319862 916954523
192761113 916722809
43984445 11935
747777251 2
360835167 53987359
934161933 31
723652320 15625
748245917 25
630105448 934633249
12557955 227
421551449 1
907738478 12
773569690 1
610205787 39
630477501 216802289
701019281 30283
159346604 815438672
960566134 4608
630882618 27047
93025628 832322680
237340360 53
677442963 137
331430552 288409970
956033603 488953208
777486970 31
349439913 88
194736296 118
772775707 26927
873109275 16
753489055 9221
180827065 306973158
963485561 321
977485790 8820
993218568 17
356978550 117
469726460 31270
193291718 362945529
993751005 35
701499141 498941862
468611185 6373
32542821 27816
338901069 13
955046314 327193516
81268630 14224
998940645 20448
250391864 34912310
621560335 201405278
755450606 28723
408537750 27019
220357830 19
347905276 32198
509852384 1257
896668648 319
990900790 28
988062879 3239
77213576 908526914
773190265 17421504
132515147 8
928275537 18
423049747 944404183
298865385 51
409336337 19957
207304121 72
793495539 18171
967553128 19
717326861 808738448
548266935 467904843
20716695 983292066
520673376 25
275710168 5221
667051286 18608
712649671 424273754
586777849 17762
218289561 24731
752748902 30978
944881307 47421668
117693312 243045722
832466021 26491
966508384 8902491
678707517 878745263
234367410 55
111056761 184828037
916563073 53
732547197 19391
703343220 3
337785634 8725
815648570 792446359
541353450 45
942719287 83
863188078 454421247
146299794 114
674972314 216
765038675 8022
980746929 7990
510204957 4992
128118685 955563577
331167141 25
53710621 305329813
998684648 427685856
328004461 485485674
329365648 1
175280923 450094136
275737058 16927
227857841 50
349651112 129
614398618 14611
984461508 78009112
648544801 29444
267874769 32612
476211123 20612
797759535 30882
638256792 25460
632063752 33
176135484 305738240
894527501 32
513935952 80492323
300177971 945232676
810137198 51
172555070 20970
366625974 8621
489050764 2638
718623120 15566
329474606 80
316310086 10681
784718827 5847
910487079 747715165
562871838 110
900122642 633507928
61010647 80
76114862 26
571726459 497383128
352182341 525086495
434066689 52334626
428517981 756880409
686168572 27714
111799823 19
529570040 15381
224671267 18733
526632786 267276558
80965923 17209
171729759 853726321
906228970 7339
697145533 31753
136488617 12
425497845 22
45936294 191158861
282818591 32331
898808016 817200972
434084706 127880691
315481264 111
793933540 31
984588751 21322
951204718 393050274
131700190 49
666064993 817435951
791544043 21061
436242630 85
51010483 107
492211459 463243093
41463632 28
22770922 82
854180323 20
903036702 335047986
838006033 32131
960176526 20559
504892147 19
921422557 19
262762727 18435
550151019 27019
592437148 853
687371875 13813
366748025 2819
592234068 898255507
145636517 23734
290392746 34
760208899 26438
782348764 16994
894820069 12608
120250333 34
792036653 621065001
164035605 917439087
703889103 10
438307910 14347
197499533 23354
159234292 979461908
130664329 873998590
897627628 689129552
940779897 74963491
649875426 24603
260606741 33
928768408 14358
81521385 30840
640844714 3422
435879457 9060
193604039 49
252083618 600746680
578743201 70
224358961 23
651890682 8637
968499970 54
548943113 974457633
938243986 808136178
166150874 6
698160479 141
891618839 21886
461031361 599367468
868565406 232177504
296870381 316813569
121985527 237306648
368414520 755
298586269 16911
895496432 11
830003130 637087529
561040724 879615708
597549905 302798578
202612402 571762771
147958908 55
807472719 26164
662382929 82
223637649 4265
81695063 701344864
698248345 246533967
932619773 823670586
332445591 451657093
931755311 22742
963470461 171483363
843807893 872603469
172623157 262002308
152216571 428210429
931636252 10
809994004 921400116
796232439 146177057
374505929 9401
19162548 3
733992446 66
343636474 31
122000007 27838
215788534 28256
382144624 1059
799972717 51
869825504 37
456022114 16
773430497 9118
365082686 70
730978807 8651
889136247 23531
133430584 3
451593709 717812855
774701046 1762
914233490 468883788
348482025 63678425
501051700 9000138
342933214 126
773471612 30083
38479789 22793
999694225 16154
110164379 86
389337275 136
418312785 207978579
884692656 349447726
232682205 905201749
760153319 417410432
443073253 747825818
894310254 9885
777154496 31136
193829808 20794
881172961 27
207286822 25
967614707 2
661454590 466888875
472076346 16978
471660426 60
586229759 615027088
60413646 537922855
504492492 292860597
613578770 21858
870558472 7553
167018233 19
881999954 24
550892023 18806
277446733 343703857
697900365 64
844806875 78
755544355 196657735
324480722 401479196
520898531 16085
959072668 440855975
785639369 36
204593907 195120492
265637254 12
994996203 2316
13323 77
396634748 4229
944086931 3
490527746 7643
518068795 162
321230871 14102
35794022 9017
649578908 72745610
835774833 206489691
307252313 8728
357111208 908908088
302072147 792895297
861001706 912584755
474113071 245696303
790233109 640842747
322586436 286135423
36456856 513717066
33526179 970475534
396108071 11173
96520155 84
601047018 37501941
668136447 135
403869911 13
148876170 10195
723299538 34
509795393 25686
289280097 326446115
887746174 112
682103667 20573
775268030 21117
519899253 118
898343346 85789779
860245292 99
647727776 8424
660935886 47
392644910 9330
225289165 7
13583147 22993
532441263 525785491
579871141 33
514820095 2310
12475818 27218
180527034 198092219
93387826 17840
605704278 781840165
110000937 80
14029942 10066
308523140 504076532
180427675 36
399798720 105
503694880 70720326
313018036 23684
365688835 9
296515727 827135367
644287539 11
374245122 4223
678435429 15629
136788775 8
199290262 444036861
293348735 804748453
695383831 6971
53226912 158240927
813666467 7514
711115303 136
640984239 20134
913736541 439230130
312370913 18668
813245383 321312400
478576727 12100
29487168 69
834879490 41
657030655 37
523824129 66616128
836492074 999452189
211449477 14228
648261184 608298281
222020635 10252
154389651 27315
733334731 416600353
278189602 20949
443003670 29896
578391848 1597
799027434 12
412705260 18
315981398 6
59018524 528794648
492847601 26381
715113423 19785
308287244 8
612259094 16809
16412947 59
14470868 148237065
375170148 26
115848131 385653840
499464530 1
59069004 8922
674486199 8334
333347694 21949
799227870 72
295549436 40
152683941 10254
726358816 15843
922881537 127589646
338216325 106
929625770 10389
735033973 427171221
957150738 30920
351478333 3
714439155 420804119
991691269 6
625376363 779
432043037 23266
571440155 43
96667354 14
274320353 110
526727655 84
928471453 27276
335192026 648267466
94702597 47
887987367 64
413125694 12918
23859097 14595
543145068 602804485
624854167 29288
709277113 13907
772987532 76
610097915 83
369118709 40
811301859 72
147787971 64
215901612 20235
994852957 23746
299730412 9531
182841708 37
978670465 7883
302727347 51
876265890 472357806
241807256 931036399
676086513 19491
946864207 311165329
63640579 298534582
458353309 11
693372809 471060290
355969186 5926
707216361 16859
555190926 569636095
50818713 31651
115784828 151248265
852717486 67
494958320 465879239
78776513 563075119
158599126 3716
437354116 15722
507272987 29050
50896998 41
813009005 33
461413127 5457
551560847 109355752
929493381 8
95020778 4010
228832488 19999433
309113811 106223717
261232236 39
834884888 569382031
112877893 660580243
683171921 23
117247208 53
767683279 20290
740799079 1
994502639 38
830728493 586336013
390394344 17093
252707974 178622915
903707722 1
698749581 13280
579578077 407396553
537874402 15
309906963 378
104646255 101
576004223 454152467
359760013 19602
851901176 213637714
501745782 206527418
168260266 28105
713783535 15622
371753660 40
659939872 194829198
423259773 425254384
746924362 77
172761768 8
721284638 8724
542250990 176
681152084 621332206
915790226 13702
858819495 687223143
624477955 108657911
558607550 31557
325055293 41
978906268 3799
88526874 568822189
421536841 14
243443777 589265979
852793896 30002
340804138 40
5388052 374836009
393057946 974987447
720415652 19
257569338 45
801896477 472566346
809304489 682324044
767875543 546311910
243845128 133547485
540277152 855860015
735198344 11
900892216 21864
682547369 16
422769615 32
418307773 15
41822816 56
208023837 391736010
146724703 13
92222476 123
91328337 957281420
947236626 977042919
238072810 108
200073850 124195025
125653954 86
206334446 14806
297976199 129229462
393913542 1411
792744624 974856393
694152497 7
843164300 1081
309079854 193
212940416 548768344
616533788 12
787252609 659511466
949666986 880561544
228391288 6212
89440539 50
1382338 79
463631567 335058183
17872587 8
278616009 29672
924295016 41
310632319 80
337997619 30
743226997 3
995465741 13441
193937957 680258519
339932699 473575659
510778205 882024521
423796360 59
462448354 6
539495308 72
591855034 289211157
283340663 16115434
482129631 29578006
740881717 18404
683427464 60147557
69654937 1317
680660279 8383
70021085 1240
609607750 270503371
177277008 311
715066040 7
954243026 867486178
861023799 29165
505842261 880727526
211372461 293912568
841229718 36
394207275 400003074
376252179 579453403
298802211 996321795
840289326 6239
25686076 10554
643962867 940320002
94256284 10600
704826144 156
286164146 285217737
511198602 60
537475483 2467
940310410 992423620
429374963 14399
935487487 48
861762368 525139494
768422992 185140462
566942029 16828
559330939 19544
618263540 899754109
40149354 757479709
640482396 6208
579357270 14026
823537370 165744638
365505810 791438509
809925632 36
335115597 37
629867211 416629857
706458734 43
198453392 28972
902169152 160244658
901356641 13
154967139 45
185552035 144728366
547871387 18581
626340493 18
778599813 62
636325213 83933492
435671132 981098060
400786798 18405
213039146 826578276
158180701 12133
597526725 351130371
935096004 21188
233281396 16
721898343 20524
572532116 335007957
52089240 24171
373558044 29793
293306927 16
249296040 878156710
890732860 22755
679692180 26
292806434 658185474
643674703 2
191854195 694496531
363176703 14145
900686494 709658627
440659013 27599
235871000 937282948
810863396 55
721139508 635945752
974657997 22
314150575 27710
346793262 694767222
746720374 605572559
92671283 3
944338037 4155
551284789 50
196989661 4596
434390950 10090
494850115 2245
862351039 11645
883107559 13204
577775844 173139026
323639557 749048635
44751910 884
766746166 817059869
750787069 64604878
75060841 26034
709418219 43
380257401 932145362
671776493 19876
264054038 5892
334198146 632185779
446367058 24
895148779 510352399
905464184 812827167
465156438 21
745440420 45
388064718 881408125
877356899 57
247815490 799855165
978840140 35
159215884 6697
856527534 56
764799202 396338310
306475001 16206
169233905 14
770517899 646050623
812002376 929349464
199677936 713894209
293679538 32
919553185 559474139
703390154 18678
965199959 608990058
31468833 62
365166154 243082621
680666326 1
154449482 299603200
530959511 13847
710094679 9954
613644929 29
491184673 747232491
107851144 6021
32028034 6
153224571 24801
806949076 4870
721004803 3254
116057710 944220344
151935051 6685
58827364 31358
392229758 23589
819186482 103
401109973 35692162
858848780 588054712
188235994 103504515
995473725 828484909
578630183 597058912
961459966 322840492
164298268 2
684299552 27
372759450 12
713237414 7
957470168 739689133
407869459 25590
317275645 12
795792794 174
60215655 102450168
516321620 360
942706677 11532
129746435 141
545426211 29260
258801770 24
151562338 20855
263373350 13303
151262533 812863315
413649601 27705
278215549 897688924
415031463 25
160522120 17629
535191678 323
54342284 11924
33508133 4
527966824 633474379
96196174 9752
582046827 92
28827864 2683
961251440 4
340922346 17830
495964659 5856
994986397 830627931
648411066 63
889858401 447825823
957970778 23
10693928 531676197
627263864 3011
204562325 8560
225701940 461802949
303438598 1
813085377 7885
667600189 15617
533902794 976400140
528266699 22370
753725484 4
418268936 8946
386446115 17938
132229183 190866101
615505855 6983
79662975 12
354347918 67
330710052 245
343765998 85
734473720 17344
139040953 2
71348951 29693
964704886 2
173164900 21888
293903163 33
487774553 62
119333953 6605
221078766 127
435068040 884062332
195411999 169888158
224252008 18
403263287 666840648
738042516 75
927404897 23387
24918145 849569261
268408489 29444988
165162951 260892685
788339882 596516716
689665138 189
625204650 717245376
527935809 968752095
281524480 283216678
225799792 992025445
137314846 19
231402769 51
684375992 30593
407457061 548210332
969242624 51
198607386 25966
195688571 161237981
539972805 109
916938802 11262
37229449 7240
504063979 3014
957241219 49
276469030 22722
202158612 92
65791449 11007
253108402 209812981
578711938 10448
684982989 125
840700775 125
979547438 145
41892410 57
90121494 2938
841267435 62
929257415 7204
843334236 70
26374973 10
891278253 9559
40327275 75
920572660 15522
257852036 589022771
653190636 4951
621113487 25
44190376 13
166704212 1
169981288 15
86330682 2
333915253 10
738555725 102
579259294 589782301
866368828 15707
833411405 1
774073362 2
184284630 19
801316005 4
979333783 17341
108505719 32352
334057159 7663
980586176 26672
334669054 2
996391764 14
552310174 29505
199875034 141049593
325329305 11533
432286121 774673033
872943962 98
161149475 27
357980057 253623690
965559463 55
41793114 69
815149549 968220941
819216781 81
842561721 20189
654714439 63
466840534 16618
577675956 613692694
243306593 53689371
457102065 172071918
440845591 1913
188517141 8
510193250 109
896469527 894847711
892530449 16504
745356297 19
659464195 930
42238258 174670277
254055250 471993306
382598864 124936157
911584161 89
814490749 17764
482119157 24087
2607817 26646
859486328 14658744
944957541 11
533143018 92
752415434 25496
700527118 50
907788504 111024339
719400673 348557370
385076756 25290
712929866 257
360668387 4343
973510932 476326016
528801746 78
448338043 22666
805660280 90
28778772 23881
94314740 186
843394269 32
698580297 493698454
925286799 11
671444003 22
52377978 211190090
604868687 61
996864087 41
231105201 25
681066411 8197
323107713 715703579
266816067 481738142
169061319 769051182
118653056 647741202
396349078 15
866828521 28642
498060395 29488
698015776 27457
676885960 4
349828919 151340432
742826705 13116
708194975 125
861101340 10274
298583584 31787
714946503 801905968
192689486 55
431096761 11
583976850 608199913
569031182 31901
954690383 19798
426165665 6001
857424718 8739
891113965 14
818426056 10378
277150719 19488
789909895 2858
333283785 11605
507336975 30061
727461744 242401770
765603628 84
384069462 5914
750469565 2244
311592528 16978
855494132 24059
432807197 314900163
152959261 475460585
82372534 459
876297252 8338
784389305 789460531
517809148 25
977922634 961439231
423442513 63
39103853 59
345063881 70
307610142 9306
678736034 145015583
923412158 28
964196180 31555
479348144 18584
655938230 97
50672666 7
233855997 69
4167887 689664770
605997088 297887043
454153704 666656044
647272593 670855539
345280599 8787
614057976 10975
817036237 388834406
421145547 13192
298070610 905242444
618156488 883737726
323642268 6722
566714404 991476838
745917690 622567468
969241766 371164721
659445338 7363
602117951 28791
149997140 115
521177057 27860
290754299 674868847
355080079 30734
325659405 15
679051288 24912
385690807 212469126
202993093 197
165479159 18407
563678741 26
121804281 119727787
906072089 3985
53451244 7
366791916 307
730274938 8
156050585 481136417
427807097 950661989
290762332 25
966831316 29979
407644995 52
700279812 28566
358628054 576612714
923805720 29419774
534866808 148052159
814620944 6981
615275339 696351674
2600750 13148
399627547 44
888991476 618559487
797305227 19
133762230 331884979
709524159 17
224800532 19447
757160558 28639
97904549 559
907665045 201956111
563217837 14
517730786 16
12304287 47
888737561 498517344
779219076 30629
217095716 16335
980519587 113444159
885851678 220995202
179638256 526805550
746231223 17002
918373628 516513453
565284893 169474982
112342100 135694382
137505835 9
882675791 955871273
710460445 244962855
134438229 26488
752721433 26265
260343111 4295
342245937 44780896
435444653 76
831819556 16215292
750671808 28530
854498118 260017761
191611870 385369820
733323253 25
493702444 998732047
78447542 272784680
774764860 884476010
255410527 395563485
751100867 2746
406085881 108940597
929983532 28811
352972196 25000
543955116 972521623
221141346 29
308619630 50
489646713 27600
131578530 862891875
758996820 8388
294432924 95258657
510683221 26568
280668404 176675811
538398345 22746
538542831 15643
563606756 109
308662771 962989805
377233065 835885555
8117668 170723287
548827428 30504
860299642 15
753188483 34
645695501 19676
606762653 1
724152782 19272
18466584 253307189
540645112 30
389786010 59
411859890 12
308638223 22953
776291366 33
175503492 23
688408988 914375205
296942659 630813822
901173561 85414909
395077817 14542
402378803 88
903462528 88
855138973 34
923301831 136057557
507787093 28346
825046881 24232
40729422 716881874
672713025 61
765817951 28564
889388853 930846603
512096134 6214
271368813 93964086
460104012 627178549
593071796 278
698501510 6031
114977756 353285315
446053637 16535
612061121 754098990
405866642 160594831
792065931 3705
642073016 22466
647730467 24812
466497357 703983894
774167872 1478
490188702 68
256012130 3013
993306699 8
871468770 80
223592675 50
740722746 19687
651166460 8328
266967528 334750945
170288581 36
911187291 41515071
338847419 29971
273539436 30643
67885507 46720710
303747565 9182
650879008 15184
389400618 185
642924605 73
72233967 24
829352821 23097
140478380 876567513
272795720 7775
99956939 93
575201690 945413446
396832291 792714041
384384808 56
653910373 6467
547006869 431119512
