30 300
2 1 18771
3 1 44950
4 3 913
5 4 15378
6 5 18771
7 5 17814
8 3 38451
9 4 15378
10 6 913
11 5 18771
12 10 15378
13 12 9533
14 5 44950
15 1 47656
16 2 913
17 5 913
18 1 17814
19 7 47656
20 2 20371
21 4 18771
22 13 17814
23 1 47656
24 7 17814
25 5 15378
26 2 44950
27 5 17814
28 25 913
29 6 913
30 14 913
22 2 17814
21 30 17814
1 23 913
26 7 47656
18 2 30319
2 25 913
1 22 20371
11 24 9533
12 5 913
11 13 15378
20 9 913
27 17 30319
8 22 38451
14 30 17814
14 4 17814
5 14 38451
14 17 15378
8 23 913
8 16 9533
17 7 18771
28 21 30319
6 9 20371
17 7 30319
3 29 9533
8 12 38451
2 13 15378
26 23 15378
21 24 47656
8 22 44950
25 2 18771
3 25 9533
26 24 18771
15 23 913
20 1 17814
23 25 20371
29 14 17814
9 23 18771
3 27 20371
7 9 47656
11 5 30319
11 27 18771
4 15 38451
4 3 15378
11 19 30319
2 22 913
21 3 18771
19 4 15378
1 29 47656
13 4 44950
24 23 15378
25 4 30319
7 22 30319
12 18 18771
30 5 17814
29 5 47656
23 10 18771
19 13 30319
16 1 44950
17 14 913
1 18 9533
7 10 913
9 16 9533
19 6 17814
15 28 30319
26 27 15378
22 5 47656
9 18 38451
27 13 38451
15 20 17814
26 1 20371
22 2 15378
24 5 44950
14 10 47656
15 1 38451
29 5 47656
16 1 913
9 22 38451
28 5 20371
22 10 38451
15 18 15378
19 10 47656
23 3 30319
13 22 913
4 11 17814
2 27 913
9 22 20371
13 23 9533
27 15 30319
24 3 20371
8 2 20371
17 8 44950
21 9 18771
24 28 44950
9 2 20371
7 10 47656
12 10 15378
27 9 913
19 5 15378
10 17 913
15 7 20371
1 19 30319
28 4 30319
30 11 9533
10 11 30319
3 27 18771
27 23 913
7 16 15378
22 6 913
8 7 30319
22 17 38451
8 2 20371
2 10 30319
8 29 15378
7 1 913
28 25 30319
19 25 20371
27 13 15378
25 12 30319
18 15 44950
17 8 44950
24 11 38451
25 17 20371
25 18 15378
17 11 913
9 30 38451
2 30 913
26 19 15378
30 3 913
29 21 20371
23 19 9533
1 11 38451
1 3 913
9 26 47656
22 16 47656
8 4 17814
21 27 18771
12 20 15378
5 10 9533
30 29 30319
15 4 9533
3 13 913
16 29 44950
23 25 44950
1 7 38451
15 12 9533
25 7 913
13 2 30319
24 4 30319
22 21 15378
1 14 30319
19 16 9533
19 13 47656
14 4 38451
10 11 17814
10 11 15378
23 18 9533
27 10 18771
30 27 913
20 22 47656
24 27 38451
25 15 15378
3 28 18771
10 25 18771
19 29 18771
3 24 30319
5 19 47656
25 14 38451
7 22 9533
16 2 17814
26 19 38451
4 17 47656
24 11 44950
23 5 20371
23 12 44950
21 30 913
14 12 47656
1 7 38451
4 9 9533
20 27 17814
12 16 9533
10 24 17814
6 27 9533
10 1 20371
30 3 18771
13 26 38451
8 2 38451
22 6 30319
11 14 913
9 19 9533
17 24 47656
21 7 30319
18 13 20371
6 19 17814
6 21 15378
14 12 30319
3 17 20371
29 6 38451
21 2 38451
9 22 30319
27 10 47656
10 11 18771
8 16 20371
24 15 44950
26 13 20371
17 16 913
18 1 47656
7 21 17814
11 12 44950
17 26 20371
12 5 47656
15 2 30319
23 25 20371
26 1 17814
6 10 17814
21 12 9533
1 17 44950
14 24 913
7 4 9533
14 17 47656
29 3 38451
28 26 38451
12 15 18771
5 13 38451
18 18 47656
18 13 38451
19 29 913
25 6 18771
8 14 18771
13 27 9533
28 28 38451
8 10 30319
9 26 18771
25 24 20371
19 17 38451
21 29 47656
6 21 44950
25 26 17814
22 3 38451
26 11 38451
2 28 18771
13 29 913
27 21 18771
25 22 15378
24 28 44950
7 7 9533
9 30 18771
11 21 18771
13 13 30319
1 27 18771
7 18 15378
9 17 18771
11 29 17814
27 26 9533
24 29 913
16 20 17814
19 1 47656
8 19 913
2 25 18771
23 13 15378
17 15 9533
24 4 30319
30 7 18771
7 17 20371
4 19 913
26 6 18771
21 16 38451
30 17 18771
22 13 38451
8 18 30319
25 17 9533
1 1 20371
