100 300
2 1 20219
3 2 7157
4 2 38930
5 2 13863
6 1 7902
7 4 22680
8 3 47763
9 3 1304
10 4 40369
11 7 35658
12 3 43551
13 5 29155
14 11 31112
15 10 25156
16 7 20089
17 8 21263
18 4 26473
19 14 47763
20 1 10634
21 4 13752
22 13 7157
23 20 35117
24 14 30215
25 8 22680
26 17 44380
27 5 36877
28 1 34052
29 27 19317
30 9 29914
31 26 29914
32 21 48476
33 20 43551
34 18 14042
35 21 20089
36 30 19317
37 9 19948
38 29 3935
39 38 36877
40 18 19948
41 13 46906
42 34 29864
43 31 45863
44 17 29864
45 26 44176
46 14 40369
47 31 12130
48 17 20219
49 24 29914
50 6 29914
51 30 44176
52 42 10634
53 36 47763
54 29 21129
55 7 35658
56 9 20219
57 18 45863
58 51 14042
59 15 9765
60 34 14042
61 39 42062
62 56 3935
63 17 32271
64 53 29914
65 30 21263
66 49 29864
67 40 42820
68 29 21263
69 33 38930
70 67 32271
71 65 42820
72 57 31112
73 17 14042
74 69 22644
75 24 47763
76 29 26
77 73 21263
78 77 46906
79 66 32576
80 25 38930
81 54 18781
82 57 9765
83 76 20089
84 43 7157
85 47 42820
86 64 20219
87 35 22680
88 11 45863
89 58 47763
90 24 33737
91 82 12130
92 85 29155
93 32 36877
94 51 18781
95 88 3935
96 52 18781
97 68 26473
98 84 20089
99 77 42062
100 75 31112
89 83 47763
81 80 32271
2 27 42062
58 32 38930
29 38 47629
67 29 34052
75 31 1304
82 4 43551
76 60 47629
10 44 43551
88 12 29155
96 88 36877
6 24 21953
13 52 25156
37 4 19948
60 60 29914
16 44 20089
85 31 13863
71 51 43551
64 43 43551
84 13 40369
89 61 7902
87 85 10634
21 95 19317
50 53 35658
12 86 42820
52 46 21953
86 74 32576
79 54 44380
40 74 40048
100 88 31112
19 39 47629
68 23 19948
1 3 34052
52 60 42062
52 17 7902
33 99 35658
53 17 42062
30 55 47763
98 69 19948
97 97 19317
21 38 48476
54 39 21953
76 75 13752
25 91 42062
83 71 38930
24 87 30215
54 96 43551
73 27 34052
14 66 38930
9 81 26473
63 91 30215
98 6 32576
56 19 40048
49 93 29864
82 100 23486
92 44 42820
14 89 7902
89 28 42062
76 66 33737
95 90 23502
70 55 30215
35 74 42062
46 11 23486
6 20 12130
76 61 47763
74 12 19317
65 20 36877
16 46 29155
2 2 18781
53 73 18781
35 34 32576
65 87 33737
84 99 9765
29 16 19317
53 11 19948
84 48 29914
73 43 26
63 32 23502
86 87 31112
8 79 25156
17 86 42820
43 55 29864
91 21 30215
53 63 35117
70 29 33737
52 62 29155
40 76 3935
23 61 3935
56 17 12130
100 88 47629
97 11 9765
44 50 30215
79 40 23486
18 41 38930
95 9 31112
74 76 25156
21 70 18781
24 17 25156
57 91 13863
8 82 26473
75 17 44380
70 67 13752
47 55 44380
55 66 31112
55 72 9765
67 37 40048
11 64 47763
80 73 29864
24 14 32576
71 6 43551
43 17 22680
22 61 18781
72 95 21953
91 70 19948
24 68 20089
30 9 29864
34 64 1304
9 13 22680
75 47 35117
83 52 1304
5 4 45863
1 94 38930
69 48 9765
45 65 14042
42 93 7902
12 8 9765
76 89 14042
87 29 26473
54 83 21263
12 32 21263
32 6 45863
18 42 43551
84 54 36877
68 46 19948
64 72 25156
35 42 3935
95 89 3935
96 93 13752
53 84 45863
63 82 18781
86 43 29914
25 92 19948
18 93 43551
27 17 12130
30 97 22680
70 23 26
14 48 43551
77 6 45863
97 54 22680
40 77 25156
86 100 44380
37 69 7902
78 99 18781
19 9 46906
66 35 14042
23 31 22680
40 62 14042
89 96 20219
88 80 45863
65 62 29155
91 12 7902
44 41 23502
90 95 35117
40 54 36877
32 99 44380
94 39 29864
87 5 46906
77 13 9765
76 85 22644
86 51 44380
45 75 20089
57 14 26
17 82 22644
24 27 12130
30 72 26
76 80 43551
49 48 21129
61 32 9765
25 24 18781
89 58 47763
41 5 1304
55 14 7902
72 21 13752
51 89 21263
41 86 19948
98 46 19317
63 62 10634
38 46 1304
38 6 18781
59 81 21953
3 35 48476
78 56 45863
66 17 33737
50 1 13863
29 77 46906
46 87 25156
42 66 7157
49 22 46906
26 47 38930
65 1 42820
