17792
29574
47662
16125
11056
1477
18545
5113
12355
47922
7909
7847
6052
11762
5812
26899
3175
39433
27154
5135
12256
43534
30323
23481
26386
47537
16317
15119
7082
4403
578
6851
30171
1572
11734
26836
50047
38369
37578
25261
825
45843
15299
27537
2460
5553
10496
23957
8425
5388
20550
3188
38270
1037
13227
16942
29476
30185
521
10365
4380
50274
4749
34982
10106
20048
42254
1027
35427
55174
7390
29202
12956
41982
55539
19173
354
22722
540
7910
20993
15896
1273
28857
14132
41590
4239
46885
109
5787
28743
6106
13224
5037
24083
12791
6310
47381
11741
24835
48121
2822
27161
18400
10147
8131
5830
2636
14491
9922
27209
35015
10170
33564
24128
35167
955
23008
6357
23963
9379
10508
53945
9926
14141
47564
20228
48851
21802
14516
7533
34611
14008
17330
25591
19996
20458
27521
34546
37760
2190
3060
49806
58171
40508
11876
27177
3829
21745
14368
13624
15506
13257
9392
38477
8737
7528
46965
13195
25021
24245
40315
33437
6721
36182
19371
2658
7401
31312
32744
20188
26138
3565
993
994
34591
48032
351
33877
10202
2911
19679
5128
39209
48529
46566
6095
4685
36123
23827
34192
16487
54984
36536
43849
26233
28981
14707
8978
19441
21833
35499
8154
38140
41120
1389
9340
34263
1956
25149
643
28804
50978
56477
17500
7316
11930
3966
4266
11202
19850
19369
2421
10163
52362
42181
1799
5730
51806
53092
26418
42112
11344
1183
40502
19470
15187
22479
3300
13216
33376
29768
15435
22737
26092
2320
56773
21004
37796
24108
30097
50017
34010
2005
17972
28869
18623
43532
15033
45286
3853
22901
15244
13192
18261
36356
30658
22253
16249
43496
36511
14995
6146
43281
35309
487
27135
7445
25968
43044
17374
20043
24122
7910
6195
27715
7467
10275
20860
41480
15131
20067
31305
37573
27967
29950
20405
3440
14685
23982
56867
13528
20078
6549
28468
9069
56762
46677
7910
4035
50
8675
18430
21849
10895
51946
3618
6829
4520
28545
34164
44180
22248
11484
35518
589
5410
43853
46785
15476
2745
45272
8671
22034
33892
10061
33479
46929
38002
27369
10458
16790
10981
32145
13883
729
23786
55001
3257
23952
17032
37052
8888
470
4425
10442
56160
34475
21969
50175
33861
1971
24267
3558
37622
804
20017
18342
5456
15747
8788
5374
15940
52149
22544
29765
17049
39037
16176
59031
25724
4599
50734
5275
20839
2559
21650
15593
45055
6456
63804
7520
4797
24656
38615
4286
5993
15792
17892
19147
26973
23001
32044
14255
30106
32238
2868
24373
23951
25472
26135
19543
60761
25781
17079
26877
17084
2154
16918
26138
27454
29689
15117
5938
29102
40254
21324
47682
29358
21475
42507
4610
50908
61704
1932
5682
56794
2999
40759
45663
4327
37836
4698
22232
7541
28712
5065
31788
37086
6014
12251
10176
26213
3779
27285
45038
13552
25799
41172
32967
33421
37093
40289
4019
27623
18696
44974
1855
32145
15488
18441
18099
6274
4593
18328
23590
16583
11327
32033
2318
42475
31170
46454
11052
51040
5337
4001
23029
10060
18288
32587
18472
38368
28600
10485
17985
12359
19754
33771
5592
5468
33322
55054
34531
40179
13230
53222
13147
42249
6381
40938
51678
4707
9112
797
30888
25514
16080
47757
12973
5152
1900
32960
7380
16567
39453
14947
38372
16091
7991
35087
18680
20677
18
9460
20826
41703
21626
8762
51844
14367
8874
32235
18112
1089
1574
25714
32496
9640
8236
3546
29432
29107
28713
31858
8940
38089
43152
42666
30888
34314
19404
9307
35880
6934
29805
32296
42678
26008
36098
2555
57255
14239
7434
22084
893
44174
32956
8121
29347
10924
16225
8810
15322
10852
11411
6210
10163
9966
5265
27738
11236
4129
1924
4348
2929
32824
4145
33162
9898
29910
28152
43082
20058
6477
45684
56652
18831
10675
8834
11836
26149
45333
33982
6784
37605
6733
27267
40600
17316
25922
1659
27406
7282
13059
12518
23136
47169
29767
1916
2876
2611
8624
10477
52998
5219
14871
26443
254
36062
32234
12840
7054
61753
39858
30076
33432
18599
23248
33974
23238
30283
21799
4006
39243
51261
4396
295
27028
4692
7723
13738
5010
9169
52684
28532
42195
12651
32267
9246
6626
1585
8460
33738
17392
28746
2153
15641
3125
3
29787
39039
11826
5385
10438
38463
34483
2481
56943
6168
14088
11705
7306
32751
5824
16321
6682
3664
16378
35087
1325
60446
19399
38290
4480
56633
21006
29389
2483
23478
41357
40978
16404
231
46315
7476
6395
43172
28548
8768
19817
12529
14247
19050
15217
8548
11532
4165
17345
10817
9371
53809
9783
29933
55429
2885
14859
6448
7046
12172
13742
49041
33017
17024
30230
8924
44409
2262
15902
33199
193
2638
31750
22328
15438
3185
992
19979
4662
26537
3977
10719
9768
15204
6651
52253
22739
24963
380
8377
2369
54673
23121
41454
28428
14735
8810
4999
35605
10750
51157
5446
25279
54300
23259
7426
41645
37450
45236
28105
973
18201
18885
30373
28363
13434
21181
3511
25155
4409
10380
19308
28855
25695
23235
19942
30994
7107
28308
28369
42491
18439
53976
18453
10318
39622
38184
13316
41372
20541
36982
22132
14361
22333
17682
32599
33614
60130
39356
29251
30441
16286
41707
21987
30995
2064
50383
5922
33477
19945
1360
10488
61607
7841
1016
1535
762
6587
53342
28348
29601
40365
4648
639
25359
3092
24921
23634
3476
15884
20800
49217
34672
40749
53539
8240
16011
61032
1960
30420
9964
160
13538
17830
5577
35197
42780
28036
1227
19062
11658
9614
8502
2518
32239
29745
37688
10677
1823
10604
35416
6100
4126
32912
35463
6952
20521
14712
43021
19578
7922
14364
11842
60465
36478
15971
16830
7723
33442
21380
29651
10311
37487
5319
14863
408
53575
28955
8766
42758
37113
38446
58868
24007
57486
18963
31314
20234
29394
16401
1521
28541
26018
21440
28164
11379
21573
56148
29588
15696
60343
48213
23846
21939
6696
986
12689
42415
25781
25401
17025
18653
39837
6926
59501
59160
39436
26480
7039
11386
11709
55991
14182
47451
1353
6625
14062
27769
1377
14795
29866
659
48006
33065
23166
30811
34898
8717
52259
2996
28039
24016
4186
29959
26324
10460
17252
24639
32279
47232
19912
23572
6826
7415
37531
5409
1196
31249
51655
40449
11018
45757
644
4213
33725
36103
7197
27896
6852
50580
6257
51377
22238
40343
16227
60635
29750
7079
37587
19270
24486
11425
39395
8153
56452
38202
20413
16489
15245
11199
24481
48867
48847
10546
35478
10777
3918
28952
1084
31385
8941
2323
40481
1986
36318
14747
26737
23707
48963
2257
23020
41893
20266
1831
43024
14197
9960
46721
25161
20567
28565
434
1375
4305
13227
11811
23202
41849
26809
8722
4937
28116
31286
34336
6011
15845
476
19912
3411
16087
44526
23011
26317
19397
13382
298
6081
2994
26125
5479
1283
46841
37876
1603
10145
8043
14240
45803
20753
42158
30144
12755
38601
15831
28279
29639
3446
52929
19871
27607
14872
6119
1312
39232
13732
825
19586
13452
18963
23464
36866
9578
23250
25844
40737
8512
27747
36383
3417
4924
28810
10137
30810
35974
43265
58555
25476
1365
2437
47689
18315
11457
26934
13900
15541
679
4882
32689
30260
25988
8855
27538
17476
13162
1034
41254
34354
46668
9323
8089
5564
41110
55246
455
13071
2796
41200
15026
42545
10696
14072
4426
34111
33217
13645
20158
16246
8804
6410
23215
264
18639
9228
13154
5229
9345
766
22731
41332
10157
5606
18765
364
47476
4608
18294
11911
48626
19148
36190
5969
52919
25091
39486
23196
13614
12358
24741
49966
21880
24566
24922
13128
42987
11235
601
3448
42238
17512
3563
7555
17729
19210
26789
1115
30379
31208
1494
6988
20715
34406
61812
7433
10297
25706
34705
9710
31852
1732
8074
48956
9461
12517
20984
24468
3772
23900
34997
14059
52052
42935
27285
3793
5134
24279
2943
43034
8617
38272
53389
37646
984
2049
15656
26036
23789
182
4650
34090
20433
10871
31703
2369
61173
124
42475
15966
18161
11546
56224
5392
3553
40517
39748
21869
18824
9992
33162
6225
39364
9422
40183
28938
29486
3025
22001
6273
2969
54881
25215
36910
27470
20376
5500
18866
46236
18417
19851
5810
10764
5366
39307
815
9387
36167
28218
44739
9830
27792
4589
50417
55703
22889
24381
31009
36881
17432
2325
23315
11078
6686
17055
40966
43970
19114
1367
13873
34556
32741
16726
18672
6761
11482
23988
19818
9517
2816
21328
56620
15345
41432
16119
34792
359
2061
35305
53892
26178
28324
4672
5604
2903
960
51732
18630
43843
6833
29915
1268
34438
56579
19239
3386
15719
24805
2617
37746
41456
22048
10599
9198
20413
16862
21385
21836
2204
29579
13353
30313
34529
4480
10357
49465
17897
11162
8772
37768
17784
11063
5860
49544
12421
55933
6308
16119
33781
42005
32869
31358
5817
61258
43233
27494
5793
24051
2665
48377
44391
34791
11519
4813
41682
292
46566
31417
44698
27008
17383
25268
8947
4641
25882
29964
32671
12568
48797
56129
494
32799
18888
5615
2444
7616
28010
28090
8297
14063
8642
21242
58532
36743
9737
36276
10476
14759
5376
41768
22860
39282
27938
9721
6357
14651
45186
9147
1470
18433
26846
6723
24944
28771
18227
45732
41741
2431
37773
30953
35351
34436
23237
18110
30945
51891
7049
21839
44655
45909
25091
35843
11759
5911
12132
21308
26946
189
2362
27839
5931
10480
14656
9187
26398
52479
51497
3492
12841
31885
2649
16254
1949
21814
37885
30001
3208
33492
9134
31130
20411
9278
10898
26352
15205
1283
53077
53393
45338
9355
26253
26721
10338
36467
14278
7287
27122
38806
10784
2887
42394
6115
40758
34655
22543
6879
7279
9789
4736
51100
11351
29981
40772
35988
21103
1942
11414
21985
14709
19465
26019
16474
52602
5699
9865
10735
16792
36440
31679
8413
19112
45568
16525
60089
36349
24653
11758
61997
23991
4944
12507
19324
47579
6580
19992
618
9911
24586
25754
35323
41429
24864
150
37717
4067
27014
3036
24618
40480
12238
9285
2204
34692
26141
44915
22764
49556
15450
10113
3418
11930
8881
8060
3468
42044
6091
9715
20955
3022
8887
36591
32965
19364
3723
34478
19320
22554
9030
12990
21274
44861
3419
43110
33887
1388
25478
2443
32865
24748
3532
22707
41960
19099
839
5778
39642
12658
5835
2405
45448
4950
8934
21276
41004
1813
52945
22911
5449
18237
5885
17211
14204
3212
23956
1388
31538
26939
33185
30844
36599
7612
56357
47997
16623
35527
37017
3033
19276
21938
52629
12271
2428
3766
22380
47595
3876
10993
3326
27815
26594
36123
59282
19775
6547
47301
223
6570
275
16103
44500
52317
28198
11704
4855
1730
43898
16791
51375
26778
58887
8169
35437
9226
39195
24588
36394
23941
28274
33207
40588
60357
13391
8342
7228
15921
26626
6704
37314
18616
18656
63682
8826
26155
6781
2245
28921
12334
18059
22843
19080
19695
23584
8362
37342
17995
4772
32601
6885
1991
15682
35772
10522
23958
2257
36934
20237
41935
11413
27313
30446
15391
29919
5998
376
27884
13378
23340
49167
9703
26944
21002
6492
6977
43056
24555
33645
30343
11874
28989
28171
3793
17335
38140
25094
4231
28152
16266
48779
1008
32631
16079
21560
30708
17541
11708
15377
1135
11803
34576
968
2252
31019
3736
37619
2614
13534
24276
36220
13023
39509
14226
45917
9217
52851
4960
35011
21323
4949
59591
4781
253
12693
14963
21877
8315
51433
49440
9598
41777
43691
7782
7642
49142
27281
35629
5805
7404
4992
17009
17707
14315
53481
31655
17506
11089
12751
14562
62558
22054
14828
47053
15011
23075
2555
18558
33768
8468
4474
29725
2238
29390
17070
5465
10622
49893
49117
2917
6408
25981
55808
13293
25174
36109
16189
28748
31044
7140
15889
22362
16247
5763
15041
41644
34433
6672
33570
43677
7139
4771
21951
3791
11458
28892
25435
9589
25448
5792
42435
13107
56370
37234
7384
6407
9835
15146
2170
13289
4109
29941
10524
11779
12309
33937
10954
9431
19011
41692
13689
46851
16342
1089
11242
28923
19280
3698
41666
1362
30084
25349
33514
21672
1631
41986
10231
53087
56731
5177
6643
42751
41088
41224
4659
6268
1577
54882
18948
15340
11301
13558
7808
16467
50068
7742
17574
50809
1599
46219
14919
18219
12477
11547
48867
6634
28007
17589
9003
18749
31155
35284
3368
21765
6090
29920
34684
14829
1745
2106
717
8255
51074
53419
6297
16279
19105
48283
27902
34679
34040
56379
40086
38665
20390
25468
2435
5879
38180
25100
19975
31542
28611
19929
27191
1344
31171
41009
56866
14340
9190
46920
5757
36657
55878
17373
15610
28303
51010
3706
1318
1416
7325
1475
3196
15967
1860
25014
11123
47125
1665
35961
1645
11296
20622
25979
19565
48295
22803
10411
7939
21715
38616
14443
29947
154
16430
6696
34697
4366
6141
37122
23733
1631
1908
55173
10958
13715
24420
11740
39984
27639
5112
11268
13459
21984
19857
13945
18084
16806
30690
14182
30576
31000
8874
32558
33877
18189
28197
35529
41111
38845
52180
32603
12599
51110
34094
37406
38818
2678
18695
34956
22541
39400
17555
10809
32539
26556
306
37169
8117
1717
11800
45940
43814
16150
20697
12018
1279
36268
44378
18236
617
27065
648
28911
18393
15183
24704
2305
13684
28410
32446
13110
42067
1200
16564
17905
12754
12426
36119
7054
7561
2220
3863
42507
31215
9154
41940
14559
25105
51863
7769
18016
31499
3354
9335
34681
16313
29469
10532
16278
14165
55224
35561
4091
8308
8331
9830
11964
6956
22723
27634
44313
24804
18438
8826
2063
38378
23017
10419
18740
5877
3371
8531
21733
42954
35863
5709
55528
3349
8637
9740
48701
22035
675
19861
12965
29419
62391
42932
8807
50484
44272
53793
17971
37824
48105
4225
8256
5041
46277
29962
43808
53693
4900
30953
36111
17665
27423
54863
16091
37240
27738
62951
5319
52853
20389
11518
18199
17206
37615
30974
29547
20462
36664
33695
39242
15276
12447
15792
30807
20833
15050
38380
45436
15086
8052
40784
2161
32692
8279
15251
48863
597
23564
37126
7684
34523
18022
22949
41844
29450
1371
19890
30438
24521
7780
346
5571
40505
25088
50329
30395
38948
329
3028
38484
7096
31972
53694
13310
17571
11516
33927
31000
21500
17060
15006
29095
12423
39417
8640
27469
25907
13694
10089
26411
27545
11848
32298
10461
18374
9842
35466
19750
22595
7876
41153
11150
40618
10209
636
43193
13558
42332
6227
9532
2937
6167
19037
13721
16425
36263
5128
14453
6788
54427
3237
24172
19214
8530
8989
40459
3960
56900
31259
5199
13954
33408
21314
22919
101
39664
6565
7010
24223
22607
51357
38991
1446
1659
52838
20703
41722
21877
30166
29868
33548
10961
8763
40071
5583
6885
14048
2568
19003
29124
359
4406
16704
1173
18398
16828
35262
2852
10613
44044
429
31409
31497
56731
34913
8420
13427
1291
35601
2371
38240
2905
53354
46959
7840
362
39503
5918
13767
37016
27614
28267
36614
13527
2993
8067
976
35944
49406
9433
12774
4676
16887
40557
24825
1174
6616
45840
23802
12929
20079
7247
33626
17609
52817
42053
28492
30426
7559
1609
1410
18968
10371
8933
31957
25921
10634
18061
853
10887
50119
29772
4195
39439
17101
47631
7233
11651
34593
3470
33962
21257
34325
22588
22401
26648
20089
52568
26573
20827
17809
3734
12693
21954
18507
9222
48081
45782
221
21814
57103
16850
18066
14183
12397
13215
29816
17736
6413
10526
9881
44081
38062
10820
8265
44334
3424
17072
7663
5172
30958
11138
4795
21535
5410
12786
11553
45
20145
15841
31627
40320
29340
46295
52898
4171
5431
28742
59724
13837
3655
22240
2096
17637
12990
7700
28866
10087
1097
15822
9656
721
16232
588
8997
32028
43014
18729
537
3058
13873
5189
3312
12489
17987
1402
6103
13866
31758
15041
23798
28160
19260
4403
21740
15108
29076
15319
43754
33310
33054
31743
9145
3073
5921
7013
32984
7559
13466
2684
35116
31411
20612
11175
37238
11596
5707
37151
36974
2706
10773
34080
1782
34515
53886
342
14691
43669
38545
35201
26296
3466
19756
38322
2466
9567
26811
11320
17958
21203
4892
15729
33902
20935
25652
36278
35326
24435
9270
49169
50118
14828
23580
53810
51040
34716
24512
14048
22116
52633
21400
13459
39882
13100
21761
6651
45591
20304
28991
30621
7370
2940
8195
20069
15455
59075
31339
33615
43542
360
60137
18314
52034
21979
17776
45637
2588
11754
20897
16317
8028
49007
19202
3008
45139
34306
10516
11077
2538
12046
48445
13747
2102
18174
15846
9079
20304
6231
9312
15294
23627
27381
16501
8577
11234
10128
5076
4240
22043
2588
3730
40917
32996
17288
28731
19694
12919
50
9753
38769
5137
13349
40475
7372
41510
13414
41229
59063
34037
4741
6220
11406
42773
30483
1016
63981
386
3970
29576
12789
36988
413
7795
9453
34624
36219
13738
46371
46993
18874
36465
46851
2315
36463
337
20770
36912
7657
10222
16475
5454
44527
32766
7208
47998
30735
40835
3890
21444
18639
3973
46290
30389
30241
20394
41647
4676
2030
2065
32742
20798
6976
18162
45759
2371
35264
11443
10949
44495
7275
2757
6500
43670
44889
21331
39737
13760
14768
31168
13450
6002
22143
36441
38872
39581
29914
16248
33927
21865
36157
41404
33853
21112
1230
4982
43992
426
8336
42239
48120
46449
13587
5494
24186
14034
41772
49954
12188
30190
5352
34546
3262
53352
4803
32394
28917
9467
26595
33206
56089
20601
10935
35764
8329
21542
361
24643
3111
26714
10366
3588
3136
21009
1039
34496
5252
17975
16370
10680
62391
52352
32688
15223
6439
6609
7663
1440
8298
24403
15701
8296
1208
9969
321
10472
33421
8776
24471
2447
57622
18465
25543
42995
44795
50523
36392
60814
28353
48523
36707
7879
11940
49375
31734
56104
6682
30952
45086
22533
30072
58718
45114
35318
14874
17179
27552
19974
35344
4226
2359
13951
15719
46513
61329
9418
37854
17263
16795
25788
10327
4214
41385
15582
7413
2106
14746
18992
19332
1614
21917
26933
39320
9763
21109
28218
7537
30128
32476
25943
21349
34919
19282
22120
14546
21522
10594
39288
27265
4239
42265
37697
19366
3972
5240
8215
19152
50175
33559
35893
1500
20492
19100
9102
13066
3585
9279
27090
16185
2303
54850
35337
3389
8171
45461
31476
20628
17670
9224
18803
20342
40142
39444
30200
24452
12644
12945
8424
17236
25269
22631
25939
44449
13047
27747
4745
481
5251
41359
8844
5182
4773
1653
38832
32046
23417
47394
1426
39257
2068
24982
19361
4135
15043
35455
6629
43495
10820
1740
21439
3866
17173
34429
41543
34863
3654
2442
15889
50487
13361
7214
2038
13068
48317
12968
8544
10849
35980
11
13020
25058
2657
40274
16248
20893
6929
5480
10076
37100
29818
19027
32608
36895
42469
27809
19869
8639
23422
923
8276
2652
5944
15951
15740
12784
16094
25871
3341
34558
29517
10165
5889
11684
45917
22853
46131
32572
13789
32837
3459
21012
31814
4775
10325
4768
19027
21708
47418
5241
1155
60609
438
17114
15613
12485
37288
13280
38349
38684
4400
6815
3711
17174
11959
627
27141
10048
21737
48537
11229
363
13222
6180
7759
6983
165
5388
28422
10602
14500
31255
4854
3485
12839
7473
46830
5395
8732
3602
14250
37531
8765
11805
13506
28696
39787
31474
27702
29368
7489
26947
42143
23884
52830
4480
14081
35094
12292
25489
17703
14487
22489
35986
38882
34105
14027
35466
24400
20426
7613
22120
42437
6337
2788
55533
45665
10042
811
8361
8777
18164
17857
39846
9041
6970
6916
4976
45214
47999
17257
21295
28741
27655
18204
3043
13267
6155
8297
13050
33806
28760
8931
20694
8537
23193
5908
5628
36412
46355
25812
13797
30473
8764
4009
3015
3372
12302
18188
3547
12843
1866
2375
5906
35835
4939
3894
45007
19693
17075
10051
30519
18992
24301
19877
54237
4386
33755
14322
8699
4103
18161
45607
11162
2275
18661
16340
22284
10348
23873
12165
26792
35881
31409
20107
38309
19518
57420
14292
27476
22696
39111
30823
25471
26864
14058
53271
24569
10286
44791
12614
33643
30063
18561
16197
40550
39262
14144
11650
58105
34852
2369
11322
17906
27443
760
35693
179
21236
21985
15451
20597
37924
32372
44073
4631
22822
2814
16751
22066
11355
27049
11363
23802
32564
51783
36233
51834
3222
32720
21169
8962
1938
4363
5203
22252
21780
2769
2684
5703
11695
3133
12586
35696
5609
13924
38111
52142
8400
45851
26202
6705
26004
13111
7363
62124
32175
8061
23563
8172
42091
13748
23754
11166
34614
4062
11506
21622
10837
12416
2917
21525
7986
3371
43473
57969
29538
24858
50945
1655
20135
26596
47012
12015
56284
3640
27806
7582
41942
45539
26792
4170
12880
18818
1825
2817
38438
6459
3101
7280
18162
33969
22717
18899
32944
31345
2142
23033
15036
42107
3364
20930
176
16306
16363
34122
9116
49951
32125
2673
40796
16559
2844
6063
32217
21451
37515
11578
40817
14367
20757
5539
44105
16719
5376
7707
29114
7429
35204
28878
8767
47923
6927
34878
38729
36551
14716
27384
25912
44102
7719
5644
46614
32396
25741
26975
11422
13214
23029
33534
10529
21939
24393
5268
43475
16693
15858
14980
51712
32398
54568
19145
38986
18571
22376
12437
32853
9148
30395
9590
9146
825
16784
20319
6140
13041
11556
36177
36146
3606
4975
36035
12639
20404
14865
7904
36437
38653
27202
44375
33646
1362
38312
57739
41492
23491
55906
25611
57002
32476
49014
28475
43141
16659
16695
3790
32946
24765
42629
24148
13383
30028
14791
37304
8639
22155
12395
7997
15681
32015
26372
37048
3055
18705
46841
37362
8728
22539
17680
8052
39269
2711
29031
33519
31267
38903
6186
31489
50730
1772
6873
25345
27038
4542
806
14897
36845
42691
44760
12168
46313
19871
16482
3905
24464
47335
5804
34395
49953
35545
28769
23377
3056
8629
53480
56641
31469
50
6362
7598
12636
5676
43148
47809
2602
40217
51424
45539
28575
44996
9323
27403
44068
5251
47570
51537
26450
65276
30593
2644
29719
33975
6911
5126
26165
18786
18025
23940
23144
28771
1794
2658
38853
43582
20643
33594
18233
44384
7070
3574
8669
55750
37240
6163
35739
1032
10738
7983
9501
48837
693
19681
6534
42636
30520
1907
6928
31204
3224
39858
15736
8485
29741
11358
3151
52928
25332
7007
29214
17406
24226
708
10731
5840
34181
21730
13998
16759
20472
34012
45380
33546
2502
7346
19523
16218
31941
3091
21262
24559
20719
41704
11049
2317
21851
6860
14567
3563
20540
7627
58432
3298
62529
19241
5521
28433
33408
35665
15765
35190
11484
54806
26305
51165
5117
132
35567
240
3627
20024
12144
23018
1736
12960
15793
14038
30595
3673
26299
5393
40422
49744
25356
27516
462
26952
35769
32778
13883
27903
41406
32377
5360
35537
36276
17966
1307
17063
9912
3365
16176
8185
17806
38587
8426
20562
17611
31365
874
12728
4663
30680
9395
27032
36814
11082
2576
47274
36419
3283
33161
23099
35326
813
50231
5709
3505
3398
23216
56174
58467
27240
22741
18558
10741
6729
18111
21064
7598
21018
32415
30114
49540
7861
615
22934
30796
32320
9781
9719
21685
30942
1613
16632
43748
33427
33568
35806
21013
11112
55001
780
8846
52983
26572
28491
26010
18450
25840
38065
22035
937
45759
4038
17966
17603
55065
37357
41059
32792
12377
17300
47653
37617
36793
14179
59300
8380
38673
14065
31901
25477
23051
1909
8319
563
890
1063
27109
8186
35347
18260
11163
25213
13074
46554
6329
19814
11182
4514
16036
32012
29493
30747
13832
9087
29178
23235
12685
5597
27174
37831
38341
20661
3798
5551
9335
14321
32065
25010
15652
8530
12052
16874
5983
14619
41563
47602
31067
29729
1458
9127
5837
18390
128
30804
26200
38914
5113
27996
39381
32501
8274
46202
8287
3995
4369
9903
15376
44899
15494
33338
26905
12617
29714
9707
16091
12019
30951
43002
11213
9084
20758
29865
22252
37616
12572
59459
2256
10345
20594
24078
8919
14275
32497
37887
5853
1732
24720
14805
18508
31585
20015
42743
10436
26723
30421
17290
43446
11451
11036
11160
749
13283
5288
2845
29643
19360
31401
42837
24534
14079
12490
3389
24635
19856
10327
20705
45206
14727
19942
12736
6621
28514
29091
61152
13322
25772
39851
24796
12066
29749
1262
43846
4624
12356
33719
6589
664
16976
1162
4722
16158
36862
57995
51685
10948
5573
14379
1309
37483
5306
9561
5476
3628
14156
10875
46903
2686
58369
51915
33016
39997
56725
28213
938
26594
50386
8004
42548
15485
18540
35624
23117
5154
12502
17762
8651
21554
36416
17380
4189
8288
33569
10011
4897
35290
10811
27495
39439
15932
47122
33461
5796
9870
31264
31143
165
18888
2055
15299
352
3315
38370
3671
53005
35343
24426
17214
37766
10343
20187
29222
25610
28073
4635
40523
35600
16693
6501
40864
30327
30171
40527
4829
24638
9095
58517
14777
24594
8832
11118
165
7569
544
1426
5803
4874
37207
3756
18748
16870
34742
4901
26829
48969
16479
16723
40677
24870
30320
23840
8778
31122
5170
19990
589
25872
5324
33170
31800
838
3853
50504
17436
29854
20072
37726
49509
2187
33533
31916
34782
12543
14491
11878
12499
20220
42992
49978
49281
29063
18946
5245
16280
11048
18209
10526
13163
13551
11096
31577
16737
25556
33632
23054
21940
7705
29670
25904
1940
45338
17281
12685
35769
36272
26718
3999
5386
7915
45163
24654
39268
28233
12003
3005
7484
57122
25145
28074
8945
39455
36300
4124
18005
8629
42647
23711
16121
34862
32238
2556
6807
813
11250
32240
28976
10818
3456
4657
25462
43048
55874
8453
29589
12039
22371
17930
44127
22738
6459
46752
37001
27043
9575
4450
10192
32098
11394
18701
14795
13788
8361
7158
14023
22818
40970
22672
15541
6365
26156
40685
7298
49193
11870
2956
7294
45576
52707
31779
14569
9164
14877
14785
1399
13784
26985
28228
20341
36042
1010
32630
12741
11107
21115
17584
12664
35066
51778
26708
37790
103
3426
14303
12658
29848
4945
53389
9756
17687
4465
36383
13020
51643
13665
14685
41129
40086
23645
31123
55713
26159
30176
1563
33941
39770
48879
4447
34093
20809
9100
2888
19201
386
32771
22568
27102
10208
544
51264
29193
16973
31927
51867
10114
5533
25415
9613
55253
28198
42837
38935
26492
25441
25592
29480
49376
5468
43754
17416
13844
4374
13756
35906
7512
12422
1938
19767
5326
8010
8110
18813
8775
20998
11949
19683
28552
44597
17190
26354
36668
19719
14864
1873
12521
15829
38592
30817
24016
21713
770
11444
8092
4666
21890
32061
64344
2895
7668
17289
31118
33996
7723
52797
17404
13003
8575
31473
10493
51781
17441
15656
38369
14806
11469
2776
45223
30178
8513
21959
12618
2389
48555
54382
24865
12343
14986
34624
34486
11544
27148
8295
1496
40958
35117
9535
26861
28955
10029
32603
28591
6592
2933
35537
27656
7052
7711
12153
39289
42823
9017
40052
4008
19797
26220
50790
16136
10568
24316
15089
17466
7441
40218
14982
10730
4289
1287
34801
910
30137
10552
19782
992
33164
7740
27310
28079
27164
12441
4290
4219
1171
34145
29266
43390
20015
20392
9781
46462
21513
15810
14406
9681
18836
46382
51393
26002
11178
9547
13747
53484
13244
12984
33527
55396
12615
43589
16513
13481
9305
18776
51189
30458
39768
39846
4210
2603
24716
13295
2462
2429
26971
6631
39481
3024
2186
6892
52706
25643
12723
31293
42222
13770
9010
32572
22307
88
24082
29298
35930
58675
19530
37255
22881
29051
20783
3850
10075
1720
8224
6796
3194
30058
4930
15577
35534
10599
46161
21819
16609
16416
11928
48380
44183
448
21419
30457
10278
14122
14028
541
5921
29068
2508
27438
15899
10683
29335
32779
31055
23403
27462
17275
23866
29374
13364
18945
23615
38311
22419
24902
16455
7087
5396
31188
29233
45147
23452
10323
6121
15648
48902
22974
23623
36624
48664
49033
35564
1040
4132
21648
16154
2334
27122
21665
17434
9639
36697
7483
181
61716
17218
27018
48167
34978
716
13380
28468
28699
13906
25374
20673
53629
26672
27079
3045
11426
3643
64465
4217
12457
9252
22553
45593
44625
8506
9289
32667
11199
38414
45225
48114
73
37854
49173
22264
39790
5165
39390
33481
54127
13113
15615
7045
2641
33105
25565
45381
1760
25052
29566
19059
25635
57771
5922
15749
26206
35316
21333
33200
1316
19938
14815
11704
17607
25991
15025
7908
6897
5928
519
38199
2537
8462
1403
16483
29789
23012
5913
30683
35764
40878
25612
38993
48674
18881
41217
28575
21969
1935
57351
3322
44017
1151
12136
14462
15943
4653
5309
5152
30089
44532
6521
43117
7434
31145
19284
28889
13400
26432
17475
11044
22898
34157
1257
8316
24467
50525
47251
56342
6871
10101
23965
21547
22318
68
11104
19051
53527
61453
2685
42369
11211
4541
12407
3238
36700
34905
44109
35708
33723
27165
3080
13546
3306
45933
5302
30428
34161
8722
17618
28039
20062
9422
14768
26456
14248
22491
5792
21539
6324
15692
3957
31207
15236
33862
3531
38050
8911
22234
2556
34910
16179
40724
4003
36478
756
21599
21838
34227
7005
12347
7145
14572
10519
873
36894
193
25591
28826
5448
542
26391
52929
16312
34698
20860
25361
6300
49403
20976
56
6312
20479
11081
4707
2958
2492
19710
28486
12358
10443
38291
28894
13496
3440
12434
39711
28581
23122
13710
38533
49298
25715
3188
5113
22991
19278
47681
55929
37864
1017
30617
31837
48028
11710
8483
16351
19879
9447
2782
18126
13520
10490
22208
13241
6124
34277
46872
40362
15046
7070
1759
1449
3174
1080
18137
2135
1171
2180
39578
45481
3724
34641
7657
9996
51189
1354
30228
6580
13624
2888
7890
3599
31422
55496
3429
8033
2939
18132
41998
32611
30874
5697
38943
27420
53404
22165
1579
2725
22027
53416
55078
37355
23618
9668
31355
16312
14735
3847
3242
22588
43479
39403
38850
21247
6359
31196
23617
33937
8732
15706
61880
21956
13182
29434
307
18105
37807
42247
33479
15813
37019
51751
35491
3044
37757
41212
36815
10579
11539
569
47711
40438
55599
49194
6395
29100
27281
38408
10002
3161
11962
13390
16240
28560
13986
1695
10390
14495
8333
28468
4867
45308
9207
47450
16994
33431
3318
26702
38938
30881
8771
9521
33004
28282
15517
14555
29397
4843
15361
35277
43239
43397
27908
26360
2857
28890
2676
13315
20951
16460
11387
3579
19212
39849
11178
9251
27502
16969
18675
36244
4760
3273
12949
24798
15346
7708
19529
26145
911
26564
41707
5163
4179
12457
31932
3944
3336
47158
14637
43774
38543
4885
13631
49504
16299
4130
36832
9965
33724
19428
10449
4771
23906
14530
14543
43247
32097
11785
14996
24009
13938
28143
10608
6874
59705
31494
11245
13636
15131
31855
4700
27857
9414
46796
16777
26699
17906
44897
25142
7115
46094
38388
7930
5400
47675
2657
6674
9828
7010
3401
29997
36053
20589
38338
45179
6619
35555
8549
16239
22095
49358
8806
15964
13680
10164
22693
7011
30397
32851
12811
30033
23786
10635
6384
20199
12110
39267
15939
52778
44490
10232
22961
7876
7325
40840
14972
7241
40916
24163
41485
9823
18470
10676
14583
60305
12519
31033
23248
33994
19838
10378
12581
11322
49253
11298
56471
1767
40758
4831
39926
3716
9461
23298
36046
33317
34266
3332
34439
1817
7809
6747
53820
16341
15571
49930
24005
38276
3647
24983
21430
53630
9178
24863
22586
12040
202
17404
29393
6251
39721
30486
4203
3029
47934
22609
2639
58004
49325
32049
5111
6282
12061
22401
22663
5615
33465
20022
2313
2580
43302
46390
1281
9926
24008
48629
7456
29026
59311
35576
28328
28711
58521
12148
6877
52768
41264
26826
29258
4457
42178
8228
20142
8795
52573
3632
271
7652
5245
23481
2289
47040
813
15609
10186
14312
7529
35405
16481
38470
619
45415
17250
44966
3194
3999
7023
18810
54819
59147
25022
17473
31171
203
44806
3820
44821
36213
53044
4340
12940
51339
21018
1997
35720
15470
348
3152
20333
5651
26881
57485
21836
12011
2954
19946
16543
51354
36960
8845
24962
23266
5049
23485
20100
7908
18747
5055
41311
5753
212
52879
18813
40008
6942
52474
21493
30629
9489
10728
13427
39252
5080
33485
50408
34887
53049
41881
63306
12868
44348
24366
21597
4502
30757
24537
62298
28263
7435
6677
6334
21070
16928
29699
39998
27138
3607
22787
28241
7980
7606
34197
2804
4675
13331
12321
4628
14228
32141
19626
10707
19538
9743
13628
34792
17404
10924
24024
8740
36810
15467
15922
33786
43797
18297
1481
4445
22541
7146
35738
37764
6304
1963
11345
9945
10558
11101
22843
102
33003
27990
10409
13632
16789
7936
42755
6095
4405
16749
14134
39283
20561
11168
45378
23884
30838
1507
36661
6237
40625
59745
12857
4139
32980
6597
26227
3915
54795
36466
56118
36323
21103
22101
47905
21552
1370
1699
35323
27874
27845
16904
11720
9000
4574
46565
6241
3436
37767
435
1240
9464
13119
22288
14537
26312
31044
46084
36527
13493
44582
16895
47022
13615
7986
31165
12294
2010
5083
34924
21264
18208
20559
36851
17726
21248
37943
1657
17980
41463
11109
40743
257
34794
12866
12242
47843
13997
24808
24514
23931
23684
11521
4246
32736
13944
15439
3603
1804
34832
24330
35171
9412
2271
12753
4573
17602
39304
26424
35897
39368
10015
2755
3252
3000
47813
2836
2945
21610
17517
11250
20491
8171
4739
15233
38288
36875
38611
15860
24627
36798
5320
36367
36372
54273
52120
3206
54006
13212
7464
9812
3030
6932
7314
8009
27417
2334
17061
15880
462
13402
21900
14654
40630
8971
10641
3069
30800
27917
29172
13188
8545
27
8677
8490
43542
2828
3570
43264
23781
952
15642
44181
12799
41280
7896
35815
21302
9367
11919
8370
15454
53703
10539
33379
27640
24635
10535
2217
12418
42396
14566
24305
27685
21337
46294
10562
9343
20820
21891
795
5326
20932
49467
27834
25082
20684
29014
13262
11905
40608
353
11039
6905
4211
11114
35395
13195
9775
20204
20748
33285
26262
27367
1559
22698
16737
9619
14501
16397
12156
12874
2736
23555
33517
25004
41990
31275
5709
1432
19161
7451
38181
42445
20099
24325
4793
28089
41860
6098
15163
13622
1615
14284
6881
46066
2666
11600
3960
42658
10395
38694
33072
23539
6038
14821
57238
9023
9892
11950
46803
21423
10335
29932
4736
46341
26865
18727
40624
5123
25413
41657
29773
31426
5294
39271
12104
25927
15189
9695
31402
41227
6643
26999
41218
7266
6289
57806
16867
21402
12174
14253
28377
16211
1296
52621
1362
42247
62307
53733
19425
18613
37237
29268
51697
5541
26989
23688
27253
5517
30888
2974
23214
3305
13713
6179
11688
1682
627
11094
13011
25067
24089
4253
22883
3328
3721
14777
3200
13911
23758
23724
34883
22287
46466
3653
7209
8629
30153
21823
19436
4050
25277
1062
41629
31543
38464
42596
21027
4514
31775
41121
10604
29615
55793
10145
5168
6965
8748
14171
9416
26300
22891
17366
1628
12538
24907
5495
15956
17062
18144
5005
8404
4192
20796
18440
17180
2970
50650
2300
45253
14760
15499
23882
11273
31693
133
22867
12663
908
13429
5623
40760
31755
18985
23772
753
11295
13842
804
30580
46747
3208
19401
14009
32986
6514
36251
2530
1432
21194
14678
16354
15264
12427
4891
38577
3304
46505
8336
8645
29158
5921
23243
23643
24579
4453
2514
33018
22081
37729
9863
22462
39559
1932
38116
12564
51084
8799
40470
2409
3727
1118
20433
9165
52888
11641
27111
9945
7634
19583
29191
13455
29805
2923
35027
5279
42156
11223
11672
12946
16049
31905
9275
52852
42196
18918
26258
32466
35983
22848
27355
10363
5146
27563
6595
16840
28658
20431
15947
52181
2211
1605
18177
11898
14160
16297
10150
39931
836
1250
4714
28959
9133
41640
9950
61972
2187
28823
37188
18716
26169
30204
982
27506
19583
30077
14954
25323
51529
17768
24196
21814
47113
46839
22439
3033
7851
16887
56676
22372
43198
27060
16111
11028
33904
29053
14845
14732
40703
36552
5447
15348
29564
14904
7354
9802
1610
14033
21023
43066
36660
7212
19390
13269
7802
30773
13405
47276
7347
38118
26947
19418
34080
9981
30165
15598
8267
25513
9900
35157
40404
12911
8430
30716
22454
26923
20490
20141
17684
54549
21285
663
37242
54738
11298
6886
58781
16265
5669
31160
14923
14283
5445
12693
5541
36379
4958
9759
1269
33967
49105
45547
230
5492
1282
21976
22002
22005
48482
5102
46566
15032
9938
15743
43070
16009
28620
15984
17652
4253
12304
6455
3912
35930
18609
59666
41180
24615
2823
13883
28595
36564
33856
7783
45534
12383
29468
32927
43873
8785
16622
22835
21516
29346
19050
53285
26318
14338
956
16912
6643
26765
40508
42312
20508
46742
34350
3647
43064
14785
12132
21953
11131
12363
3754
7419
10268
25238
6225
7823
23387
1082
46461
26281
27237
22618
44866
21874
1758
8173
39641
29200
29381
1780
28470
32796
44092
50660
18699
49964
35865
6644
17028
3971
27480
29160
17695
47124
3548
12464
5186
824
33271
55281
32272
35701
15908
8065
25113
38812
27766
45737
40095
17168
29684
47342
37223
3221
2357
4612
46829
17871
10563
11101
17827
6858
6339
10272
18692
43386
22095
4218
20918
5315
26176
3385
26105
20236
13199
38483
21528
1011
32232
20067
35045
27440
6987
42875
27802
25660
8773
5235
29446
56987
24976
11194
40092
11323
4505
18879
3500
9130
2880
44396
22014
27577
16115
7986
22692
19340
8219
2017
4388
10070
34238
11592
3051
8342
9803
11327
187
31766
26508
38979
25321
3356
46093
42158
17490
6658
163
20559
33653
18278
18342
1445
10
35954
21810
2997
3251
9541
34443
53372
5841
3126
38938
3022
9440
9103
34623
11893
9581
24119
44926
61799
15745
9705
43486
30364
1640
16231
56890
36290
2560
6952
8949
4362
9802
3145
17139
52884
1848
18442
8300
28268
14008
13377
23086
47186
11060
7302
36468
35995
8877
25736
53860
5299
13287
8402
39043
2161
37676
10230
42918
32657
6551
8394
38736
20549
24013
44894
40789
36622
50517
37584
64767
33303
7658
31128
3636
42407
917
5237
5972
30087
17139
33894
23080
27587
24034
21308
3682
27679
42481
35917
27847
17435
28775
52570
41168
13358
15386
30251
10744
41239
26433
39668
15089
29946
41791
44532
2840
36567
23160
15247
22037
972
20845
28628
10765
26400
54063
48909
22134
42433
28552
61491
39411
36427
20692
410
7895
5637
30562
18239
2273
2723
31632
42400
28809
48998
21659
36839
26018
10996
20668
10586
21430
30512
29341
5691
44094
46893
4857
33668
40245
29266
3905
87
4191
22229
3638
47304
24526
11202
1604
32577
14749
39168
3345
2580
40302
2780
19700
10107
10610
537
3236
42737
47490
4006
20730
22501
36993
33988
29420
26070
21234
17578
50265
11078
50390
31440
2575
6561
40855
28672
17450
43821
49128
33817
15763
15377
4644
62006
277
37077
16474
18189
4336
46688
12059
25280
1159
9409
18585
22158
10465
15828
16158
30232
11106
1072
10774
19438
11486
13217
12926
3962
39784
7590
28462
10050
17289
32496
22123
20348
2906
34641
46888
25355
41829
31945
33874
1842
14336
53233
49321
29836
1990
2996
18566
24384
3349
33301
21673
10039
11200
24669
19777
7058
41431
8346
9684
2477
2571
16089
32409
16631
28782
16877
41734
14288
22484
19552
9040
936
14830
11915
20736
4772
13131
22722
35869
2377
6234
3046
27073
35723
6271
36797
3324
22505
22980
20887
2780
57177
20434
42525
688
17218
16353
49001
3784
1207
3286
37100
36250
19326
29385
7245
23119
41045
23197
8667
5355
13742
2578
34898
6479
34938
19498
4057
24563
238
31080
23228
11909
9800
9436
10138
19937
3981
25654
6454
8744
7644
18215
7562
11139
28274
20623
32794
1682
13779
5593
3847
28502
46477
56889
124
7742
43860
3029
8219
14125
8843
7817
1668
13659
56309
51179
30265
13790
14864
59110
16375
57400
44864
6218
17274
16590
24816
39736
21256
10881
3715
48018
44717
36993
24254
23100
1078
1800
22173
47586
9124
35571
18466
50672
25462
1860
42487
5836
47306
2839
19776
13056
816
10980
3276
5471
13313
4778
11492
23292
17715
29465
12429
53892
15869
7608
13300
11885
47739
7265
35221
5337
5452
48218
32411
41009
28998
18747
27014
2962
32080
13098
10587
9103
11107
38384
51910
27589
12692
20678
3434
16386
10020
8227
5087
26831
38908
7871
5238
4670
7188
39080
31726
19911
17506
25098
45984
7599
19853
20118
47363
32487
27601
36839
26905
7057
18932
27303
24134
4042
263
15379
19958
37937
24512
33040
41552
12662
797
61713
5871
20961
26369
15621
12978
43918
21358
50603
25336
28566
16497
51869
22331
20869
4159
1800
40792
18208
42617
5170
475
36426
16554
23485
27307
26413
11859
4964
28549
18748
25515
43458
20867
8143
3114
17878
23002
25979
23436
42981
17412
10491
13570
43315
15755
14330
59257
822
4499
11949
27945
40228
2466
22954
11265
1546
24552
46284
21318
39422
22748
28441
30759
18310
34573
1852
37701
22934
24977
33129
22078
13698
4636
20257
11141
113
56975
30110
63
46050
15798
31395
15206
58745
4480
14678
30318
10559
32225
35219
9279
45273
41017
10545
41703
51577
18305
10876
35693
30603
40930
5190
29624
6139
1617
12273
19102
30344
8236
14907
39320
4623
10042
4250
17307
12426
45157
27052
5153
33909
1002
7194
39259
23783
14038
3394
18175
60433
23484
63575
23727
34902
768
42221
22162
17322
36080
2872
32016
35331
29230
4332
37684
28111
26051
33317
19639
52930
22665
45255
24090
28648
6089
18479
36386
5852
36326
14681
24368
22187
18650
39526
36666
35187
22803
4420
30806
3851
11832
10971
20320
16721
8307
24767
26987
21652
27235
35126
52709
33394
48616
13057
1370
7067
9658
21131
7990
28984
4647
17901
32627
16524
6640
18345
14722
23690
32132
6623
24824
5525
18237
2043
38389
7269
51272
14985
36576
28325
39015
5771
21982
6514
36881
13725
53394
37919
5220
58967
42105
7241
6421
11367
20670
23419
31794
23727
9617
37979
41770
23298
34526
11430
31776
9842
16761
37710
20273
12767
32985
29092
41555
5990
21898
20129
36187
10318
3710
18827
52887
22936
11840
17615
12213
54804
29154
15765
5394
16885
13762
17439
30661
25506
1550
13543
57121
43010
49212
52690
16054
41561
7255
30407
8865
26872
10351
6170
2068
12729
21801
28278
21244
3480
7844
10669
2529
12398
3507
6127
2735
18234
28728
43294
55887
16125
17142
28128
21427
33265
10470
3449
31703
35549
9040
21899
14085
4779
23313
29501
23594
25150
38299
7928
39383
17874
50158
9906
13625
2811
9720
13512
15536
26892
35612
8007
6319
44044
13799
6551
16283
19889
7840
13783
15219
40909
55775
23069
8000
10630
4385
3342
41979
12098
33559
14581
23332
56226
40991
34031
31080
20398
15726
49871
41471
22452
13705
6522
59226
19130
13651
32013
17589
1887
17417
17070
34727
7838
25078
17325
31312
49102
13867
50846
8051
4425
16775
45069
24019
6241
21273
15797
1417
15821
598
23010
2098
44512
45343
36825
49348
38087
22961
29370
13656
26254
44159
44299
11905
21193
25626
4986
11972
8119
45475
27369
10900
53075
17277
19289
13450
40077
8417
14659
3306
2894
18270
6566
29425
8374
278
40041
28351
3464
21737
15067
3417
470
7284
10132
4235
4488
37487
4770
37209
6577
7721
8034
23493
9324
39933
28040
4995
7696
20903
27286
13555
25043
37408
37265
28498
31697
38246
7994
1840
2833
19133
20318
8306
4343
19564
6945
32734
25226
29440
29895
6638
34850
47189
45378
26193
11605
58110
29457
366
12860
30311
23705
10118
28668
4994
3780
36797
45417
24631
50569
2066
4333
57695
35983
38195
57966
49397
4677
45949
29061
2981
10198
781
17967
13679
30737
23173
534
8575
62806
36517
4572
7295
30832
26148
34808
4479
31606
12545
2913
2892
33634
27859
4394
18246
34879
14166
10374
28378
32099
24013
5725
2151
27415
58676
2572
4952
15715
45463
25835
7768
4469
27000
28872
28832
28271
35419
40166
43421
32428
35238
22917
19954
9649
24013
24044
23844
20705
27307
14497
11026
644
27954
31148
31335
13450
28724
35150
28056
28469
8289
16765
2052
35045
30132
27
36110
4883
49281
31261
21835
12282
47703
13738
39740
33259
10719
3591
23100
30572
6263
34783
20998
15275
30019
5554
41121
3755
3388
10911
21660
6792
30538
12040
13081
33036
37718
18412
15277
343
36383
15616
35247
5794
13928
11410
46452
32624
41089
51192
23186
18397
31363
38208
4451
10532
36669
5911
10331
40529
1146
7076
14405
40601
52315
33949
39316
63790
34552
39399
41180
35608
22619
44578
30052
31484
17752
2443
4860
7417
14995
16848
20844
13769
47148
20824
10654
2399
1684
36071
6676
26199
17108
31342
34360
20206
8128
20954
14889
34382
43866
32852
1248
9340
42491
27840
23932
42173
36056
24758
5435
50664
51721
13175
406
32439
11911
6968
9720
32354
15755
32458
21122
7160
52580
37944
34824
39140
1100
14225
9212
22596
22228
18657
42725
38414
11496
29689
11076
21458
37829
11734
7900
39803
27127
34148
23904
6826
666
2234
1831
33713
15017
15569
5506
10936
40368
15241
10853
18053
18208
20917
24733
6902
16390
9649
4168
8518
4443
23550
32210
28159
17422
20616
6613
47718
203
2721
30440
23497
39099
24635
1831
11682
38539
46440
29262
34987
9157
10679
15792
10240
12539
46194
33523
20519
28975
10729
21617
23106
21395
23980
22755
9013
13577
42658
37372
23000
33938
14860
834
45959
16506
2820
43279
49587
43727
16190
7356
27371
60757
7670
33826
14914
28191
15302
18431
41320
497
10321
11479
17551
24251
42310
5404
44781
952
24418
51295
10739
52007
8747
29290
8341
6181
6572
5773
3989
17220
1587
8502
8184
42076
1087
4379
11977
6573
12065
28165
7335
13061
59896
5330
21692
31122
28869
11813
20575
5425
49048
9614
1376
6376
2053
49344
44564
23488
9193
14987
30017
43178
4374
1017
25127
3955
36551
438
39635
18281
10010
17634
5020
24609
36450
17878
24925
916
40016
21179
18041
906
41939
36131
7941
27328
45762
15792
35656
30776
25711
35538
14031
7241
13132
19635
39614
21591
13232
15288
16245
30501
14797
47411
13647
25127
29169
55537
13299
13077
6104
19732
2172
10100
32255
17061
2522
31997
8371
7842
18290
11050
10269
17769
12672
8984
21369
10423
7089
16822
30171
45514
1147
39128
15815
18984
22309
28369
31061
39822
20319
25869
5041
27797
56435
6537
22152
21814
12680
7139
50321
46969
3781
2484
13649
26690
4511
33397
37808
11860
41115
29235
7014
5848
16317
18389
36621
2427
5765
31289
58203
21044
1903
58039
43843
26808
21529
30442
8787
7846
4449
5752
26036
2903
10551
2559
13271
6763
25501
14838
14371
25358
8878
4571
22747
18166
49448
26078
21778
38238
13997
111
11984
7538
25063
15367
8299
46580
42866
32657
32708
10154
37464
50260
13595
27563
16076
59814
13649
20493
38722
30369
5322
19502
21758
25944
864
19292
18217
49736
46846
11363
9560
21795
14060
17049
9873
53416
37300
23849
13702
19741
41358
27922
32841
7437
34028
17479
23819
47057
7483
32789
13995
18886
19319
51200
17589
1539
52274
19598
23103
7427
19362
58019
26072
15827
5095
13127
6127
39064
1303
39603
3317
616
3665
39865
3564
7007
27517
43397
27531
8670
11954
1618
27204
10183
23232
6957
20711
482
35569
14088
3834
29892
56044
14859
1682
10117
16856
20509
20458
4861
2537
30608
3859
34782
39490
263
10922
6196
7714
11849
4940
20073
23785
8390
4617
15067
39417
10634
33035
19578
34571
31882
4254
8447
18634
2575
36849
35238
48025
3739
16921
10413
21174
47404
8697
31097
25203
15489
56215
27751
33530
13948
25897
45186
4753
942
24533
49737
10487
5475
45622
8841
34809
1533
36697
13057
22105
48860
53629
2119
3051
8059
50296
29315
28091
36274
14539
43291
7320
26142
12136
41846
8281
34900
13998
20254
6337
15145
29493
3651
25306
51526
38425
10552
9298
27000
38414
5653
22969
6173
26316
16065
56421
35843
769
23036
4611
16
11586
665
2621
44184
3120
55056
14302
39662
25708
48140
53234
40340
14428
13459
6360
8938
7753
13941
42296
7660
27253
23149
34629
48110
23649
43437
10084
39688
27367
2124
8964
40275
12171
7226
33257
20455
25268
19985
3350
17849
11136
14548
44887
25574
24695
59315
8231
11603
35329
44421
8301
11579
28167
26189
33339
12455
4564
16627
32045
21776
39963
35097
21564
21196
26549
46812
25724
43044
36006
5778
12241
5279
26666
60638
36052
17594
7233
20968
2607
23649
58580
7753
5562
22888
10073
2692
62782
36556
14643
10919
14435
8203
53114
41703
33715
22895
10579
3624
884
9670
35975
12481
16526
22623
3837
19705
23271
15814
6763
57227
30377
18293
14965
16627
53097
3746
50488
1230
788
14293
33352
5953
7614
52630
2419
11417
31303
877
22086
49778
5293
20315
13960
7615
15353
8059
26660
25788
15198
16861
13566
23562
2138
63261
29264
19997
9553
44425
5927
60012
8125
19372
18168
12116
45659
16743
47839
11723
23979
6532
43750
5887
50398
8092
58774
44985
43485
17829
2973
9121
19829
8435
2031
18308
44497
23421
15926
44534
27094
17104
6521
28307
56872
37003
15680
15408
10078
13871
4181
8682
5136
18613
41881
16315
191
45837
8886
4635
23486
39163
22958
43722
42233
38750
33418
18693
30673
17131
10159
21724
7481
18163
8930
9829
41098
16037
8672
38972
13280
9480
35616
37178
39407
14072
5692
40899
12081
29497
8297
24671
50628
8823
32654
14121
29883
21905
36115
37945
28834
13619
7529
22171
5317
14213
31167
28538
7556
21985
17366
10110
42277
25053
711
2294
1522
22701
7466
17567
42131
37967
13149
10766
1987
46633
15533
23439
55488
19266
38995
10475
1188
2100
36898
47730
195
25299
14157
18154
41170
7100
25463
16044
21235
19097
46142
7945
12009
5049
38756
44964
22838
5155
9514
19856
14710
24795
5130
39150
2120
51719
26582
34928
43631
15677
17423
4171
55828
38992
34172
24230
10961
13592
11711
12152
4407
2866
4567
30445
22917
5035
26040
4438
20006
24663
6416
12150
4794
16629
819
48035
5479
8193
15555
2918
58303
40640
12958
18390
1872
36086
8885
16967
10900
3285
1187
11112
8718
3960
30895
20780
2099
12904
4453
26559
22370
57753
11338
1376
19369
14578
62271
10422
15609
36175
34711
24790
3812
25285
13193
33380
4873
3077
3103
6887
320
16312
6984
20222
46897
33872
13075
49420
6465
16597
5548
8507
30698
26424
51801
24051
23946
7824
6738
1801
39182
39503
20223
8428
13833
21372
23376
24814
46713
17226
989
40376
5645
28340
12101
36712
8351
16224
24829
28883
10895
23160
24144
22965
17522
34544
11863
6476
8661
19190
32707
32236
38889
8738
431
15154
11251
19752
31744
12913
3530
12716
38680
47044
41058
29146
45350
38542
51992
10572
35747
1637
16373
13414
8881
14918
38621
19645
22958
3752
13940
7544
34406
15707
31905
43776
1144
20110
41638
14483
32744
37428
4535
30023
39215
17897
31623
5892
21577
23632
25452
10204
17131
7653
50308
541
19759
31794
32795
5510
38022
5961
23659
30640
3793
13823
47522
14944
6215
9738
17227
27554
1873
18772
8311
17144
12715
7502
19285
24687
22416
15149
21173
50035
16847
4419
9643
18432
10352
16031
50279
2542
19908
6553
19567
1456
25750
23749
2507
34719
29604
15133
31123
3232
20819
17096
50674
35356
10502
6528
1142
3548
17151
1911
6891
18447
19360
39728
39093
13880
35245
784
8375
49280
41669
41565
18412
3505
24443
14555
57536
40823
6061
47912
35007
13534
35636
43617
38816
44463
1065
54927
29372
15175
4381
38694
470
2817
10685
37901
39654
1789
9836
29451
8578
3728
3163
26422
7065
13897
17609
7958
4046
8570
10408
38935
1273
5146
8771
18504
7308
32391
36827
3167
7434
1313
18763
5581
4868
1042
7701
20566
21113
5824
37121
26685
6478
5036
27842
14014
60225
1263
16931
35981
3366
2931
11811
38636
20857
52168
17091
2522
28363
161
5798
31739
2502
16999
30837
2980
1640
1243
32287
4371
33125
43050
22172
4612
42113
11531
1435
4817
34754
29883
16198
20858
17642
31857
50518
6261
20305
8409
21728
33695
1134
1778
18638
25520
13010
55833
4977
43071
13720
18795
21594
27437
36284
34986
21378
14481
48020
41604
19652
18214
23599
18865
17864
10485
5479
4580
5745
5747
1262
25967
12891
26085
53906
26413
51603
7555
10871
20347
15150
45561
55570
26602
7114
20610
3026
10811
14741
22366
25978
406
42955
672
18700
47695
18719
59444
18518
22918
9357
8019
13621
43682
30871
14658
23031
21595
42589
37753
31513
4957
38561
3964
80
8522
4066
6332
32409
12603
639
14548
28536
9891
9431
11892
43141
8615
4759
12683
9457
44621
9857
32630
18552
31769
3449
14079
15086
9250
2701
2431
11215
7271
19577
31175
160
41587
27338
3765
45693
61941
10738
2246
27181
9220
35712
19215
1320
45495
23716
22773
19792
17171
7240
31864
56769
7989
32408
28299
14922
20975
21745
12607
1016
29014
2148
18834
10147
3622
6745
4321
2547
38339
6808
42737
9646
55988
15761
17035
29440
32515
13197
49561
9781
10882
4414
30789
13465
11962
10542
14744
34868
24280
34055
25732
30795
30065
17695
33607
5305
1481
14967
1535
14285
4892
34039
2557
28616
28254
29890
49164
28923
13457
32072
10957
42265
21154
38712
20118
26637
16796
17453
23205
15216
22115
8728
17272
3170
1752
33727
11114
26302
1233
21064
34735
35483
27154
9647
32073
1815
23271
4675
21809
19226
18239
37443
20284
17671
24577
26025
682
32682
14220
20614
13344
9604
5820
5315
21960
9450
22608
2875
25219
39931
28408
56405
34648
8258
18772
1565
11561
11217
12022
30290
31315
6012
42489
34961
48029
31132
42455
20915
5839
45802
20442
40359
36436
32789
49736
28218
21602
46997
5480
4076
1880
49917
31053
14260
44213
5269
26910
24147
39066
5811
34903
3738
16904
51321
36749
6110
60012
32506
53705
3392
26051
20351
33587
12506
20459
11070
8908
2052
15256
6067
24078
29605
26375
13670
24229
27443
42996
5950
26325
33536
5430
9253
11200
22385
53039
21104
56796
42602
34991
12164
15539
6362
523
7211
22051
62203
28298
32164
25849
27186
15447
41966
37128
24517
3576
34968
23866
31763
1765
21435
5422
22455
37128
26922
27697
16186
4044
35131
25964
25272
41774
28201
12695
41990
598
8800
8033
42381
63114
5119
12542
803
16930
17900
39344
9647
15097
11634
44218
33495
15318
12015
17741
59330
3255
8679
9455
26975
13900
17859
37476
15715
25877
9120
25912
9525
6932
37429
10835
13731
6365
54800
212
7897
13936
8490
1110
28233
10509
31479
20744
20420
45890
42844
29177
45474
3612
33467
38769
4728
17925
19882
31670
31091
4483
7778
48934
2445
36846
47831
6564
1968
33017
3149
10531
34541
29372
4521
4749
683
47676
10643
8488
12919
24350
10405
2466
2394
4167
14666
2956
28808
22714
23470
30892
1178
31123
22797
38584
14552
22332
40604
41785
22417
21845
5658
27802
9779
23421
33139
18222
7334
42466
62053
41798
19847
11509
10132
23526
6465
3664
44433
16054
7803
7557
17893
20724
51593
34017
7145
35093
30103
47352
3441
17612
14472
19435
37681
48314
9529
35414
45042
23189
14301
16218
2214
57484
20624
14397
637
41594
15863
30084
16250
29443
1518
1527
53658
3541
8738
15399
16314
11097
27401
15092
29435
1830
25000
16032
937
37955
26359
18131
37155
54549
38784
29028
42610
1859
7004
28005
30127
33306
20237
20980
35275
20091
27755
47262
33790
32007
26483
8080
19862
26050
21517
49516
3845
30781
13976
10484
5384
6627
44225
18308
5364
20406
50255
8500
54112
5433
15812
41325
16085
16789
23364
47845
58437
21183
18744
21604
8757
48873
12957
27755
25052
20174
31216
28535
40375
38824
2636
7057
33999
54785
12730
16950
519
14673
25246
25214
25994
1095
35599
26077
44453
27335
31745
40311
32916
51024
16190
58487
18436
25301
30871
5926
12328
57466
41727
39824
9882
37422
32545
20164
45
11309
14244
11620
23513
15886
28346
20007
18760
554
28949
8139
19538
28680
5969
9053
32523
47613
45205
22715
1801
19295
16682
5109
4144
3410
12450
833
10229
25553
3871
51356
10234
6753
21802
10708
30736
46361
7538
50709
10296
52859
3132
26372
1194
18802
16455
38649
57391
32601
34314
6474
11932
13383
8363
25184
7503
17979
17598
39540
7210
21978
3957
1862
28506
7255
44969
54601
32630
14616
21799
21713
16833
47601
42104
7897
27291
8946
32664
32156
17268
15782
10695
16617
34027
10733
27999
41802
1338
721
4457
3635
13313
29589
492
16365
1104
20801
18247
42045
1083
32110
8697
5607
11836
7328
35852
28368
26857
12630
17041
2392
17157
1675
17142
12158
9901
3405
15843
13260
8680
6494
39724
5415
57568
10829
9122
13498
2503
15523
52771
3207
27680
8218
4634
49399
7364
13042
1978
16530
28603
28469
10794
7394
39315
15610
18455
34072
5138
18535
11132
12988
47188
17996
17118
32427
22609
1478
4687
36787
35876
41160
3017
21716
39603
3508
30750
29999
17945
25219
13305
26554
2880
16260
5174
43042
39537
4174
18741
5125
48833
36685
721
195
33362
25790
31388
6460
21440
26689
11393
7578
52184
13312
7459
27384
13241
3608
30541
18225
22956
24514
15237
45135
33555
9541
15240
13956
17098
33435
7302
31648
21037
5541
53418
23722
11312
39181
26278
5491
2798
28724
3575
13308
19605
23082
17537
42221
14103
58438
1184
26295
3946
2847
35072
29955
56063
24737
60850
13953
21806
6858
47171
37953
10236
28901
51333
10225
37791
21696
28679
9829
62216
15184
21650
2224
43764
7003
31767
13502
2972
17933
32449
18691
4520
46573
3459
56755
25594
55364
18678
51880
3026
25034
2094
32103
22021
456
35634
8442
21422
17108
5073
14324
3473
1387
11903
35272
26352
12830
4892
14390
33864
40411
22606
5700
5910
38798
57844
16471
58941
6271
2332
18795
11702
6337
48811
25810
19700
32958
21646
28693
13690
679
28256
54149
19754
6085
16787
18205
42812
51176
3115
42593
16179
25441
10555
5366
47195
13317
16965
7575
43167
11504
17418
16148
24378
22819
20661
9220
2607
8146
22472
18694
47259
17606
29201
35055
2699
14639
3422
24460
8356
51639
2038
64857
25740
24836
37850
45826
8422
7135
35857
1129
44411
7247
7147
23035
30065
28715
5020
18663
16618
43912
29693
1008
25449
27593
27676
16072
13330
14689
1087
26447
6240
10247
10653
14199
9796
14489
9639
14139
28935
27724
22290
24332
43902
36205
23386
15912
28799
22119
30143
44971
21888
18600
14151
46582
22829
11999
46976
9525
13119
24736
11137
29299
22383
31588
23748
56629
2449
11468
20081
44009
12388
11266
35767
38337
22025
13721
43629
3596
41813
27334
10824
13800
1465
9352
19122
2364
14663
5413
63657
9978
51526
27562
4146
32506
56050
24687
403
15704
20991
12318
3997
25279
29229
38808
44527
47878
14961
176
8346
25013
26105
9029
4379
44044
22156
8046
58545
2517
8006
13815
1712
46550
812
6446
27158
31286
5272
9846
40717
24437
23873
27914
6440
737
10760
47938
35496
13634
33566
14177
12136
41420
31116
23968
10859
13177
58058
3371
8253
17064
37543
6930
7403
16528
24140
9248
28695
11477
38031
3472
37609
22161
15125
13834
29328
35335
12002
14958
47648
37988
15511
2440
35601
22405
2876
5125
34604
23129
20283
23955
45836
6265
32173
1141
45
5393
6911
28797
23393
36678
802
18794
19705
34574
43080
10615
19107
2411
22728
31650
204
48239
12538
46368
929
15102
4035
2796
53727
49148
31682
9501
15458
16454
22895
23998
26781
37096
22560
2879
22194
22921
28047
17118
8396
17726
1684
21830
18204
37202
24968
14211
6682
31062
6339
2651
1481
31542
16076
25563
110
43129
25630
15886
18344
3941
34833
14475
40856
8238
12844
31858
41401
191
3176
20050
20156
4138
7395
26953
25904
43632
506
6989
2885
13837
1059
16736
8317
14848
39702
53457
17697
5638
23831
6010
17442
27400
6260
10247
24204
23564
40483
21600
29724
44076
58273
2999
31077
49697
8048
58037
7921
31388
32164
34443
20233
12296
30969
13110
40244
8345
6024
12231
23963
815
18652
8424
4744
41280
37935
62358
40028
55675
15021
38344
8945
27419
19999
22441
47316
28134
3180
57439
4174
34130
3070
4228
20516
8855
15668
2431
2799
9690
32207
18424
53788
45678
4380
36738
8522
45966
11178
337
1235
5151
4607
9320
25014
28170
28734
3975
52075
11079
49522
1467
15546
43166
19419
13533
6022
45383
11958
21422
8673
32043
56370
32016
8179
10432
40275
35490
24357
49202
35852
18919
37953
11049
56639
15469
20842
6008
14689
9071
5478
24565
9938
13386
39839
7488
38140
22751
20398
57482
25159
30880
6570
37640
12640
40281
36768
27218
14200
9068
1542
7871
32871
20516
52326
20236
32861
34742
504
37924
32451
32024
46883
20411
54019
12149
15140
34224
8494
2600
9984
33731
20730
32760
37416
12625
27977
32738
24983
59442
14016
35036
17213
6350
21839
14088
12120
1486
1635
41303
37165
7495
38992
12110
50585
21938
19100
10488
15935
18828
8704
4373
57805
28622
36828
17441
681
19832
29067
18340
11052
10678
18515
8572
29288
37349
47671
33063
20982
42115
49422
10347
20776
30823
3330
47252
6428
26182
22015
33740
19317
5998
25652
16207
23825
6574
20211
48223
469
12186
37097
35922
178
43736
26220
40924
28922
58980
154
14403
43517
23160
9131
11799
44775
15391
5964
52945
53206
61249
1581
22087
30499
1743
32550
24364
4896
7358
2123
35717
7734
10725
21099
426
1469
57114
16869
2343
9681
46207
21287
5300
1625
20582
17265
12927
5852
32251
56335
1758
3348
6013
35752
18380
36966
52704
8048
11893
18867
3707
2858
33195
49727
15706
1004
50997
3064
10799
22066
18443
3186
5530
28893
15840
12495
29805
36706
23083
44657
14922
3786
13208
21818
39673
4639
8975
38606
16695
18441
23669
9017
33364
12717
48810
45236
8189
42467
5170
21829
2815
30025
8919
973
38408
25322
16405
47034
14007
7622
1730
14440
6373
3054
32637
23429
9606
8632
38954
20951
29611
21979
98
20606
1729
43693
5508
849
35071
4071
29295
24334
45460
15827
8607
37173
3483
20030
31066
55525
34932
1176
16541
22487
16108
9244
11770
30820
6933
9972
6473
40562
27472
22557
5427
13321
25190
29413
21090
26697
15288
4412
20484
986
25469
5210
5601
450
7223
54831
35993
29956
34433
22465
9246
47271
16834
20267
3390
23171
22981
36501
17297
11157
7795
11582
13376
31584
12807
29758
25659
5579
29760
15231
13475
33759
1401
19825
19615
49151
6480
3033
47335
5923
18515
31271
31932
48287
1708
16701
44963
24644
39729
48848
31399
8373
8698
39702
8758
43577
19901
19784
33367
19436
22017
3344
25205
4193
11640
2119
18905
56485
7365
35922
34255
173
