862490397
647063819
238233289
392694741
871604666
321324584
180723972
339082222
94907238
461825008
69766091
577293238
52749049
192868307
6710108
253343571
144099766
684909119
3379758
253811352
412434967
201895897
564004128
369206663
113499462
299908329
103578566
413114929
29221556
479072272
272147489
644573841
123910522
865022936
787108189
621210074
674424399
646249704
716772910
400747386
565416080
142967768
450723469
145429185
251901555
588752105
48759848
43594317
926481045
461657089
345339187
368388430
353660248
348411552
303620843
425940870
397090381
219515774
326858909
460215299
440363367
280772214
813751184
690731486
159608863
481241024
927104308
180363529
228290797
169326774
159079092
428802200
60519779
36096853
530818887
340940418
581192813
191414618
308785220
121871931
881152264
595626486
77915795
587801656
132979533
91016412
74347624
628959981
248777260
501102183
495124262
96231600
278579522
166887533
778705411
526529343
119328917
512377956
617280746
80769767
138972945
401854807
565944929
153290422
360827141
150268020
322193465
598478083
290184163
315768695
53203726
173745772
493716227
459799345
216483033
816209231
279306807
91761085
445781767
70480479
821668448
658487001
257259387
660343624
274002501
448580244
49869979
123343135
352197734
220776440
928035375
406446802
205317166
190698830
681342150
102294780
570067623
10459655
676181192
77523851
241642352
687753449
83991039
583717113
936669300
111164477
848570187
158478197
167793228
303450213
14324643
190732115
237169269
346474558
186325060
195336672
219192406
91808220
805801151
75293651
782244385
81186014
780085791
672485275
71494218
163525951
23975581
583334090
216763322
365039148
291596688
640670790
339881141
450344574
435565769
431902649
467142134
76439894
358106645
175464113
649659589
624511589
131328632
238536063
452254684
278993242
302288637
119252641
583102398
31705681
301619957
18050549
336869749
204173244
7201089
106101066
92445718
613715251
488661634
446953776
742910818
158661005
535008830
569744915
174972222
187051730
800701045
799761071
230913037
361903113
619096457
138014708
68225928
187252695
10100156
707676637
243199803
209863317
751081214
47220387
102003055
384659070
504261618
75670239
445205332
398442594
26770561
296310391
825066608
903176567
249538005
641082976
221594675
331142735
699501278
8369405
423423588
529431155
734194743
154467088
245777827
750319533
17684820
388965213
490795554
30798834
552662155
408833742
130955027
323756872
773389812
220291364
104149777
69648516
199874092
36488227
276091960
307046768
480147534
587857386
102774349
530889641
373168528
96496834
452453998
555102542
120671664
445860708
369234399
371077675
381095796
108930927
558659473
186253747
8428347
215322216
395815575
702460212
36900140
409651396
566572743
102246309
311175458
357650019
122361561
59291050
63850783
259250033
226090925
456954146
619620740
282727322
95809740
706466740
480350703
491026668
162871726
232793441
817322126
149141760
58482272
471311463
230572542
332046966
775327500
364070643
247972474
486535041
822267927
641650531
232631858
301641451
89784945
305427259
518312098
98977514
107645085
444293300
129909354
72816992
993257731
370596453
527923774
77781219
29485681
462006104
37711467
477863004
806355763
314392207
399480791
55274496
143674808
406576318
62566099
130033937
444008790
516403878
554948707
289835757
74166283
477141030
584437219
43306753
250476202
593065391
839209337
759833699
272231079
326771662
174889519
183288459
510867779
6903330
255375786
38607386
11364753
138189889
316754656
193815472
185250333
771985682
350158397
39019074
510934322
542275042
636908536
122888753
288907247
141064573
374164243
356196781
671781311
648237966
68719998
227276234
365480514
59104252
509016244
364455286
487041619
165431888
77224740
399201344
495605498
163595420
22506295
75872368
398603692
337011084
225867152
713275718
646408487
633543133
242754257
930409340
327439804
457188691
525243921
726001696
254954409
84129338
652743930
216547464
420228197
446915883
26882146
78262171
891016070
396382472
59914399
992844272
888402627
196341235
277323718
707169709
347982967
894455130
313201950
210354226
649356418
273753459
162425144
159973944
364628202
397193996
164750305
502157741
479485405
848418618
455293646
115963485
184930206
831642929
779845599
84169138
785280310
572673323
91024327
207110785
685042494
929731232
195046057
369027800
147648251
211121247
103258834
925773028
110918889
1051532519
380021123
411712133
476674789
757495966
97943262
137558406
404276139
242055443
25145704
884644370
564886598
131166676
394241384
499943973
855302476
557427434
187739608
153428689
612405821
34020571
91362631
778936624
105300371
719347468
24108897
74192006
321103543
658632303
169332367
796339170
216612854
776974754
64644992
83118743
343541795
147027094
300225245
259208698
366212859
618799968
694795272
95087986
8408623
206059173
306717468
208478523
667853712
134209911
986450024
599538004
590966732
621974530
76184629
424758423
331377659
380295682
22646113
29570875
589969789
20964550
150288787
412665820
730506765
293440832
151357226
228978868
507924803
361066341
291035959
122374256
778753534
17158570
202969292
97767740
202704590
33568377
875619902
299736541
160285014
141794360
356090237
505409205
43051028
262232619
581415259
718514195
675751028
676174473
452044071
563227061
70188315
45792752
868514167
739004307
218192179
65675669
789496032
481176555
193652117
108680818
365256401
355845851
147243607
91874481
203146476
617797318
75193525
296385338
40973211
345825270
544484332
320096334
202938538
79658178
353196323
330245777
130183287
226898559
64302428
28470843
202057723
191317055
554008613
440296360
172567991
373361597
455019428
505260883
731376608
121399640
147554544
637862092
13282732
215431080
110779716
228434684
712961438
702747112
731818414
36094042
548808668
285965773
89994280
297011634
101765058
524684887
79092445
893842406
70514121
1002896737
201910214
73415489
106367776
17633552
519531284
316675705
619989648
181828413
290598989
670140241
244888704
626665955
16618446
140358893
206525856
179826798
374466236
346074966
369309620
276752833
186957746
285912229
765509668
589828845
177817306
506567426
601793077
51564317
336875274
164587003
100942291
68434489
15629031
383806313
194379733
85475696
6508907
145482666
175964319
491361408
287140295
222622956
376017897
58023775
431338718
354032563
336883707
192962212
114762783
669222671
14689940
621011378
685415786
632533384
404872124
759808375
702429744
548656132
265325495
345761889
159207415
692032623
66044421
76311511
307440369
364442920
92978783
92324081
98653406
801551178
270314555
769299995
165449389
564962103
68906705
430230742
176810104
757647391
549430806
20825360
386290736
270164638
143113598
202568605
23451268
65187155
438379698
377019758
14695042
444569247
92762911
386791977
71963858
284436575
264369256
774583546
835367480
19210988
68249354
685011382
132060131
405597498
141410093
360879956
24941759
657973145
406370639
454576510
353332098
110929263
6474226
666343149
703574950
526912479
338601506
84890438
630710251
225041822
9086078
443428041
769605770
80001460
395438609
46848485
941822932
451206554
116479534
214629603
90796980
140526801
720666013
189745587
391528797
331509769
652270438
300707433
539067274
578478768
680509722
195746008
160211083
301329500
713767243
722307336
736350037
564812175
119442665
272162393
361581816
399697212
459580124
290768402
144748331
167025613
434650519
239195344
271885894
379426390
184607838
62783559
605408442
227623352
381475404
294696024
751191903
105302260
468153349
77996555
320219829
435860879
123115828
68922245
37027816
826243414
146652884
143347900
416344422
116404074
82542111
409941860
182828475
595768699
72870871
478759545
154326942
625568338
290256876
534411631
587645334
467540095
644862777
487881830
23229364
131291572
35121255
498959795
155056636
51008222
275987044
18387213
441030519
142307017
678378497
80009405
23901153
628169826
143482621
422281988
134256268
570528670
84311167
760926841
694211447
1003929411
666327932
77515899
96007179
85978812
239824670
159792467
197784403
396024876
28851825
132482431
28946786
638743380
146722660
104872983
77798576
98928584
490625041
689259238
530082648
450163842
225076882
328268558
111972468
258286388
830392085
296199248
611571771
760716913
63440763
205244981
108008606
67430626
185017024
75821971
149744470
136722292
147073740
440952668
549351987
437932266
794989048
471413749
247661425
61621536
611185381
112747385
712993518
531879487
3292279
427604437
159041899
845314748
571083653
72160153
345364219
282222854
259426923
611616931
279277587
111133566
363700435
234627606
156634315
139865918
428636043
429535864
750110076
60761233
534999730
636821979
330919677
166823183
91908219
369854815
606688147
629792955
117548071
393321483
379162056
62654884
387321880
154997285
296914609
123069227
449877852
845622341
106583642
152397246
242484179
615033954
648329076
384966746
865275819
616867168
789491673
128098773
243128763
1881922
371379921
784474970
365951225
536638679
636994171
203708218
209796657
74634913
369328141
306944380
559071533
33601525
650593300
149303216
262713242
421725221
559721046
603525373
681546075
5993955
205492987
142372239
117115465
656028380
372586199
377345167
657563010
453354054
779300651
343271547
469288961
57914946
249679635
253822450
283488935
192646359
320319194
815645801
155683300
177955667
94275862
334657064
410418321
230882804
474754478
458784133
516068971
708293364
701376399
393089725
357562133
179737056
605682597
162253217
351490877
343751789
351949498
181506934
15923192
1919273
446868061
632536879
466180975
515918365
302853649
572080151
575006897
193609404
177978374
149641645
432177213
35557108
94290381
38103543
14991016
8963806
657097608
562653353
349521846
78008212
446151405
814690642
512362484
101187047
870496802
581116778
51452218
552764048
214769890
494083591
437113072
367688697
383351452
537152044
472851643
237750789
72118494
343103888
1054972987
701906180
472498841
391182550
104283956
280802378
497766997
240124170
775223367
643763868
398467116
136429589
400666160
77578601
228188159
571623397
50736325
208995916
14271397
717929733
413401752
598619433
221362801
304164788
121355254
497951126
449739503
281356451
277969270
331925216
705492356
285653795
37789558
391291237
149835432
233209086
136659346
492165797
306865737
239113101
89479666
549568690
89487224
775577138
227884194
240086109
362854215
163822972
408717240
582978474
606487896
129179275
334336375
312171368
304393968
747310729
43449632
279342397
248520050
34157623
582380787
245963640
495450611
105701051
672244890
326636051
273400499
815166773
890781578
632488330
113675915
514616107
69218641
260051381
781326124
603164800
569401922
697492820
265446120
20330185
470399238
391966179
38933166
403128836
10920640
454394532
226542815
623008357
296993800
283611928
517931041
637525849
709003953
488045026
462341590
196736175
2346042
344111013
850558341
80540404
633121279
412706256
636299004
366363508
521593038
20352616
626379942
218845811
474515212
58151528
720609537
401218233
158269113
193578476
43092766
600186453
118801386
196362701
544404267
191462876
539968654
436021459
517311071
398462537
116070269
30060986
9305922
5165631
349477914
165244604
552889817
53132066
344444321
176141317
201095730
686780542
864723663
519327033
228178396
280545533
758718203
488443244
25168933
400287151
459146236
41218052
788932936
386798852
67955152
53542568
360607735
61735517
412316309
738143909
509262445
784884011
724686991
96675523
329594257
384942874
272635665
134165764
337125807
274725741
247677983
703905811
748962141
261565304
693891127
168502700
111072695
88265594
571138533
22132014
135935802
1035117
187147160
660525598
380472600
69896482
352074346
6125269
359807470
141097181
480300311
842671764
494321439
555495908
602525213
377190126
759757818
847940963
419015640
137008442
391079910
14052987
481380465
535500823
544797018
144721520
207400719
758423573
950206247
1042477229
352350397
710897735
248547833
168837497
588798364
137487808
341779595
308552626
901923868
461758065
251586289
749763436
289315341
809843057
103649806
578208699
52527756
135817995
54632396
91974449
401809759
52851580
89018066
655369133
388297081
10382402
48062256
562877574
56840637
624892143
2075523
284836926
88036415
98926959
217620971
701285319
395102162
444107430
127201272
503820900
529689523
358793084
167478385
28222681
549629139
330391432
516167951
101347836
236375306
522140111
519041604
107979156
93900227
371235379
24329394
41490086
38956021
58397727
173547387
507547283
910122958
318813211
600546444
272776667
42448408
333116290
545807797
766051630
367668651
853294170
152172849
148970687
423781362
153597275
700236288
251121382
660255795
610287491
15712174
26906847
138648716
631658621
93143096
307104866
486026286
364264144
572307677
213146331
627664626
328941090
365108226
907416227
526303767
78444453
283611669
454738850
328227065
865288207
174594335
721844619
201313587
370682557
128039992
50486066
55467086
303186518
353743786
235562089
634737247
343522829
134477389
275497621
282470895
719244026
714859185
587131918
504661483
311873824
219206327
368836871
338187530
225024806
142052070
224780625
102076308
814773639
610278080
201931436
74214799
501280252
783330111
122316927
30080781
571250000
245839804
649812509
551765787
43686437
215868389
91366786
690186672
186945210
6101342
211284495
779691844
334416575
56341704
329548651
331792987
145427650
272187379
486933480
459920660
64538703
371234398
673609398
385083157
584632240
481220934
450611323
317648181
416462203
691178471
512150052
76631283
271962857
555277142
245143189
243959692
151053289
215645741
56418616
238979496
37313614
206163551
34224702
580983624
194701114
83750380
672154213
253066473
638070277
118232164
289304447
454444603
115126304
259656021
343973517
253408444
65129343
134583941
759971251
91705576
350861631
161761589
819077421
140720637
296329925
139349130
124084823
781876590
642929354
205828694
595483425
321121712
385849346
166357401
461614970
361775580
688750223
506631882
206005774
797606087
502483571
599291222
43148841
111018302
475254182
58830568
9760022
796084673
737689400
18769220
409783030
387413997
215207241
973970984
53618641
245475316
1440287
632426899
307609523
117742090
90450553
97957265
850280954
644107778
485979949
585749671
233196119
768391182
354527393
418599743
280068276
17654916
803348404
592203221
520052181
258888904
47390165
339581909
190566842
193278061
6267559
113340035
464557648
151855690
106228701
471571071
891387420
49808188
506249316
351059035
411826290
107476913
68663920
111541274
327604210
180504080
43290393
9280173
439042275
334797625
324691092
32462201
597622954
950587242
912317261
315309198
140603488
602772107
702697010
145088630
685826749
420591039
113799682
142368018
930406449
232826987
335750987
506758573
427661572
48941563
528730905
86126242
392921560
423755340
803717513
398818937
760068519
19422648
61815195
10167150
240275066
602677569
778316458
486507403
598548341
470040411
433205212
42636700
187822022
12062582
401918239
160726266
413088319
233666611
469855886
942695499
140318113
113639837
644142194
193254416
697430296
874210775
534147346
383855616
401202189
364849905
330372163
437875270
277458792
771694031
230242500
574666741
292935453
427881215
32665284
619240332
226505521
429059898
906660419
773046444
610802161
22316526
286735906
158606322
653663558
771664224
22757906
332575672
507051213
323286574
124343480
111191713
163408789
469371107
95705937
438590215
410685366
464447866
74079786
204311034
306277161
460595507
9321503
206148276
359800209
338613203
164792480
710411261
13287264
675302649
41564958
575213435
670040862
669993093
240063371
186135257
33540693
568820036
246337689
502316253
828294760
540845550
438129206
151263140
479734451
136091513
118443555
426733291
199053347
213431119
549507591
41542090
187914327
81892879
621424599
615650375
354120306
352452428
86771561
358314701
794521711
125687621
296808518
843189700
74870757
278391677
506392314
365580627
487380888
53739414
30656078
400313096
137955761
342159649
51964574
227815163
43374537
105696872
98123728
144588661
920080466
475141603
925448442
943216474
217459114
471558993
192865113
632175084
144142205
487033566
111986043
668723314
89150329
68628368
215803906
399072123
145178010
884284624
292850646
759418955
3381657
605913662
293255360
263416151
249261493
226486014
80957323
197742717
334798261
150549995
405097246
157087616
273397820
750259561
246357663
35762072
849304412
281226841
819144084
682680581
71416176
69503456
322208160
435353911
369260293
104353542
729746392
402708932
590491905
93852202
40997963
723298123
846235415
539985792
836226678
433728806
639922141
164003360
137690169
737337745
14629316
96623406
153853617
24295390
209259575
59291284
228048325
61749728
66407129
101892339
287079921
133967347
574400240
621294863
139826939
366939916
151535987
241134952
21373672
309301731
332135074
411243795
110542720
662487196
700311846
234427756
597947224
12068540
322538526
520508132
358308628
59845885
60646731
428684522
65552121
154674782
824760700
146406192
348800420
173574428
747116520
231381679
50031963
27603975
564447650
554420425
268393636
751564646
21741441
625450023
40000643
228423854
80153356
717262732
335247054
31811066
9670099
883924416
571301702
59980189
402946275
51252832
608545160
463296691
691627248
21633107
72723877
160006034
197289236
526256213
2263203
218515505
419338118
603825445
129058127
401845557
288106468
659605764
310935512
98320953
755676207
489660751
138033370
372883406
244622821
578062266
845627521
899929503
601521706
280648254
448413121
304616806
483371198
185719246
32381042
73979302
8659327
440970470
444852063
401861115
387865235
142931907
157379920
406472467
759789803
182884763
102161420
80612074
558552661
20413574
257687321
778458133
160406304
773150751
730870183
172645283
139768689
219028812
348120598
432977362
802814941
657999777
165225332
434632164
675804203
276587267
147006440
730387493
343058645
392439113
404886937
408395603
497262331
221114379
448080037
24490052
343162796
407122199
124429256
483456309
878856198
784737099
67519998
630049032
111621136
393822398
200149312
564433561
137523740
53726978
452981631
297973204
384042939
594914414
166051005
90494396
637972932
168933763
17745011
519306045
516817466
570488454
281938711
83455475
24323783
60783664
77896487
155083875
28964971
644169871
734110392
339202066
251743485
168565832
18722669
392293017
436215707
99339070
186370817
115273351
218384409
599112196
69791048
605768659
282413150
153062591
317848462
41258946
628661407
323977741
493321709
400970262
386222665
13653858
455200651
188120239
390890835
332058085
2176299
134026377
209359236
265446539
475447069
467016939
731354848
379317785
820868365
445510618
424585236
181053022
401673021
31528687
151536219
991301672
140368350
370814217
626278282
85480499
748348041
22146973
230568087
495853835
93526496
95277181
289214997
253052378
469373797
196853866
214521508
56101105
39976795
28578798
407768245
94544847
43408077
125584013
51094463
418006212
533469728
29771857
185676158
97480491
737977917
90839066
86944362
655641403
165303838
671708099
209098879
262530514
619918767
820353507
458439233
359846106
336518357
301340498
61531517
504958234
459499918
500505233
353268312
508644116
92828240
567091411
728504565
73041612
179125266
574838534
603781289
11357222
840525680
381440398
242448218
676639922
311994544
220167938
46166548
328589179
505896064
376873213
247872872
172736145
265593511
201799087
5789323
868537757
184632630
721665745
839164609
114549816
311237753
106167533
555322708
11184987
133840533
87203796
245360474
26330524
371270619
516593962
146980197
237389685
593843674
965669550
51971975
278650454
756250400
283357464
217046520
268638990
903276258
333601913
149977353
91700529
729149666
95293377
54799664
12741309
128690650
186633389
179484513
709791831
398660213
191693957
691228290
671293740
531322273
403446517
295418259
56184986
369796035
193993154
137722516
165681428
173663058
539661257
854040768
569595385
697186091
65659962
259306541
806546847
424178490
620621913
83584335
323609189
39802224
107208133
160230531
229742119
472351953
276871443
201324243
304831019
227579930
974303571
365293506
719722858
420998749
746338331
709309107
548049958
407007186
95595826
80932534
178610942
508853803
16005200
345671763
38496159
636968484
119209363
536567925
501120216
113971558
335626513
169184907
117403479
41073879
682658607
370045189
446859846
653355624
421283485
111367964
703976349
192500444
221204208
490684510
298058295
444877799
817210728
124534378
875364910
62867261
102552353
800662558
383209810
409250891
132736902
14801670
302149284
596339065
112233995
993994250
729998313
422982527
189263584
24881794
150235410
15153251
420070299
535246489
343235601
296288519
121040249
283325278
250703186
505312678
457042508
250676067
479618054
16620906
81618999
427319387
23500958
147321593
833269976
444260729
761459774
465204442
126066608
156785338
54145228
444401702
674611293
116875491
211056166
490296862
73435244
543424376
239248791
45700720
581289423
661971871
136381180
203780799
246438374
127413185
96079276
439950128
441226645
226727229
498951052
411303679
349015219
37683548
436576701
56817252
304866187
183530680
15577918
328618320
866419893
543379436
272146633
496010996
77957145
333935329
344958355
529992568
193236224
419320480
941777298
99170993
243307909
882333987
233983110
180568307
297303333
189311587
515000671
906927647
202210469
20503850
146516679
486651511
79552883
45653773
983854753
456826144
705184980
28918408
67740214
488120164
711666629
325882550
260629590
254993100
406119560
563125718
81499187
185807944
42340095
650184516
863973894
524010156
186796553
19435482
327347019
199100426
17711500
256890673
71648090
115086070
803755099
427975063
288794867
174468887
456772596
367942752
293701339
82422472
241669081
371738028
197283883
534298553
375564941
482594916
247226513
72039930
890450784
354142744
664386755
429737344
397426582
378520426
860786922
975110737
469852877
206956164
314444456
127131236
19167248
95102754
41756927
251055936
392223695
64295234
312835971
114709035
40248479
134316760
803256949
75924892
352777088
219117531
257916843
97668899
570057652
141582655
243371439
403872547
328664980
43274146
145448158
482363142
368664317
78617623
148525520
334352963
169407034
258276044
72391964
660195300
36562380
193247569
796013458
152479197
297243716
238983124
746337401
201480106
144966744
47676155
504036946
588719094
191382530
772190562
67562712
228613451
55114107
100860730
281622887
309647210
497967601
521506339
565615252
300108310
31793079
296182255
559807086
419754236
99523260
27061177
367583199
791208411
231367250
210258541
945935629
218921857
481246091
388152157
249983554
735237183
146196928
688397924
197974710
874497055
702916206
387305284
175479601
95778474
371498809
123815885
647842234
175968517
240263461
504639776
790088881
642489082
716022687
440796097
241900966
616265661
272800781
34826318
171666468
40293799
13266119
308433590
109793873
884978602
882162452
181141692
73302989
154139785
111372331
201695202
370792130
89505398
114379078
60313092
306089317
539567955
390367442
149451388
338336010
59540577
65123611
643364846
389478484
250257942
498786136
147991137
756266598
475899239
163123355
29282417
353693722
114028442
462426253
276560741
425714238
36467117
180545158
560088918
126232790
241638661
864176073
196625591
497052992
109808920
927819661
506532670
549692134
368770514
255354037
10967969
5266239
221539125
382559850
87917607
69392444
314057586
364118726
443311336
302732497
463453887
303167903
1682863
549684595
365288264
555996411
76058881
413958701
94300180
43739204
973633694
539729177
493814280
425960482
452820504
255085626
429000855
21945110
50405848
265955027
360546967
297730794
767392
124158238
811507220
153690554
540577478
365044161
728188256
544530378
147710054
8926192
215179172
90080153
224219725
528619878
372140226
809039395
469000813
562577930
240967213
314853173
222169180
451987298
868881398
72862715
18125363
721907272
791751354
139549947
111692077
275212614
520430297
285394910
794658475
214294574
36383481
350954447
493998202
228264448
24552116
336289373
497697895
526671867
500934714
487657173
203195905
40393852
58418392
223046865
355231936
239929812
67988642
264969201
1005037977
15242983
87207499
524923959
7388469
269381096
15505072
676667268
734609986
114829959
437128312
180932777
4008927
158095826
28815125
441684708
454781475
91139294
301341336
424260483
138200898
524319521
738021669
622232652
41377009
863227932
345796785
503614226
80323343
347952495
139397624
414582691
187508128
562637599
318252621
424446089
332093122
524867960
585754323
418327047
104995646
500284243
115270359
230856725
350596984
389899736
220939487
324107444
481732795
444928461
726652872
460819878
12504108
659332752
131976912
681840622
112160455
788523511
30707406
68068565
717838173
136339868
289601215
51484772
133448351
48301557
216496509
287437511
20485812
228551744
826140214
845332170
17906980
195701661
472072359
920705630
11782279
4436410
92584116
339507236
214212740
186455783
407019936
113961689
536427610
255228139
197022276
848748286
803813082
542463527
817825579
214220022
292609116
27829656
205093518
434132530
653051633
634977754
74789896
763393896
323526723
420103179
112320961
838780072
565863510
73716915
104743256
478470395
294518743
281233915
488935988
28025400
240677419
305107965
424382090
175110431
176802472
192755602
976408881
166583256
152890251
26269101
367375423
353717942
418242883
985473276
177431024
765900494
198683512
600219494
410355080
146997126
207869968
272999771
228497482
283908660
133995398
90566584
299282504
385723536
195726515
913030552
947013553
702888028
296805650
196533621
4776826
191266731
592439337
724084475
193299402
422763724
600624696
88325989
661274525
609042966
334110560
35800002
771935632
599575904
41664973
280636257
590772887
313657601
323232120
609347639
364301303
552267026
326603183
414488316
253934270
993089293
62730377
10646955
225567123
197688989
642472206
172740295
720809566
165584824
34547426
193270840
410244138
458635350
146000786
252014733
91120128
343547868
164494513
137818896
200594385
58261271
84900670
332899264
139708851
394250833
149218305
497809567
897437842
480770125
259164484
793592793
160292246
97126971
72370406
628917963
69181584
420524718
711554597
1045490661
131197920
129321965
823942346
94775698
540879528
433165544
212013803
301931965
250364867
35749189
376716665
102886769
464805105
5292212
454000168
689343988
199306851
134084472
550706678
9062895
514821721
1018186302
2240686
285213338
659195321
349544782
141276862
381174924
136433153
640588587
335247952
186051168
157579792
334727254
412762097
58843822
605502175
322469086
655394577
322298530
657405520
533653215
508562587
547394987
251930078
344311849
116611797
940044878
589700470
268017972
211675141
942532675
842978601
242634255
206372867
819428442
589243107
698240265
142557797
69175467
149366502
765036106
100789804
108840421
611180670
572610314
209302652
477905052
232833074
386247432
345758544
135118736
462348851
247346659
518434786
318524821
119317579
192852846
265559836
701010380
221093434
117192509
931353630
791865058
20624427
47104774
74927950
27336182
26059652
428534797
222977884
345358052
627828801
254807338
765075616
337416144
121345886
134830564
240361429
506069507
422321118
310176678
286215932
1012882499
368379565
178198391
986219556
485149889
68657408
937499490
535834007
338406841
48852213
123847009
352820239
561248534
375614936
291616235
319677649
432172214
579819943
695009300
263837458
553807522
8649036
238172143
276581399
846385837
196110112
730199250
28372245
463250546
123187164
777438854
529650172
537315566
292755785
632232739
205611011
741268140
317496997
350660396
22984464
232549380
440275518
626757534
308348859
816264828
4948608
206360330
548192603
229677449
569030980
223135119
460500695
745238115
179467345
810515881
342736699
764684030
531712863
755871734
304145388
641970089
114608241
369674140
591412515
979982808
161540824
334394680
10318762
330733313
557524379
48050947
496555819
48180413
21117311
342899846
504487770
34022338
97512193
176652846
722227234
40270239
534743977
741353663
11599835
115678263
535110234
386902450
929865322
17080561
632654110
661069913
781755382
145993470
648899399
594017245
270634505
209255985
13095454
11339845
71622286
503649433
307462244
656902487
271472567
231902884
107192850
24435186
53664405
877694154
335248891
56112946
39737735
249074044
346191297
205280481
587080444
565359043
366931622
102321925
612161669
842654973
735303260
306501308
764051726
578161875
390826760
141216398
454061410
229135790
113047732
712009254
67504705
893791115
317228624
151470915
142285396
148342881
189342470
549835349
734362679
174924970
172160380
294577434
29685333
64395445
281633935
900841229
147456786
207886853
73240010
82761248
365643825
206576062
702980309
295686250
276108048
427281110
155885627
723148905
568544433
275314685
681722791
230013243
377196809
136180227
307046609
157132987
372999660
441832045
165916345
119291698
394787284
395667078
451142383
947719715
526103931
333740214
2532774
598484300
73883675
144485422
279994385
241969946
357794790
932181449
657684766
149302145
525776268
427067987
189677049
448637046
337807452
609481151
873907409
203061090
959713828
316076891
304182773
719406820
222143983
913187461
745057376
641716448
99021329
208610670
24520622
552026008
323853112
578235518
26984717
315862870
370229844
978428990
198720205
390749423
729472945
336375831
193917408
181981943
418589177
112655580
217837608
143960759
36425075
272969996
49924870
556351052
933317643
557552528
359920021
268313680
419302700
526377778
267258135
370908019
58478226
258410534
259737105
931635496
227944991
743644768
436142029
104165481
114292933
178035959
212127778
32069671
649665288
411707637
48827290
68750146
124664515
370132350
99616671
347747248
306929481
394913768
735950152
137672233
536768191
417420025
466198924
402651390
425280325
27069174
208774686
478529932
365476725
329619768
163406697
381663309
95924379
236091943
587002733
583188680
691985005
986257952
430284667
737220737
464564073
787161200
288015864
72402887
214129519
574158796
123662493
395358598
318284701
152880869
770241825
171529357
556842395
234657950
227576513
363104792
544713039
291575277
172507753
218709240
182754512
33856872
15476548
443513286
279895724
397180827
530553732
40756181
78746721
771409791
784956548
230614591
112211674
224910918
232990741
961205391
476054678
265096652
206114317
207442259
285394198
72485024
620942365
9319057
73419238
268168064
295212985
137855042
658606031
24152320
11144415
744195065
423544470
662210002
216672445
412615433
408644324
758239300
248713890
534702902
175331521
712091275
893388467
92144871
426044856
226520155
100610024
113411108
129691165
162835031
585910496
309582270
47419546
542135916
213375337
127445763
388230792
325949843
305690461
150190627
300876032
146126482
162466736
10500453
630289371
184278400
894283826
667394497
440916783
490729240
110384139
424838407
77848721
482681840
92216919
39746385
570750043
34858733
595634665
684118042
360226910
83458989
97151568
451681209
152147198
517667154
258137430
165349347
83362801
386794616
118439602
602395984
885700838
262431076
218222509
230755773
141227182
978039655
185952219
298410639
24573799
232358600
386218119
839444583
374615227
186756263
573552919
371488096
775431500
588718113
539144862
225219147
618374250
118846251
361439183
257933770
401034774
355859219
304480893
774404184
340858258
546963710
140361807
517514625
458486362
146382981
391853566
43859904
868592436
80403065
437015495
281302161
529598155
153057517
82540504
905264117
144852964
93070456
604552291
115672448
265577264
424584497
729454110
24438769
853146397
356800511
624397383
218473617
59244389
317284471
659661529
39661617
236097561
354883846
694308652
140500798
229320566
141413999
507076445
1038473700
290252943
934329635
419379898
788480920
405966744
200734009
4101201
245410829
680268995
96174142
454736176
458964636
217802171
562756241
211022431
456920042
209353663
76232449
94606049
355427282
203652565
146296993
280703897
566296370
806698832
236498200
297997650
726722599
182074346
371970410
492672237
85811759
639593850
138440555
590415573
169292755
87973126
132280972
374588050
278643281
150822110
235961099
347408154
690496721
852921273
765631487
540707200
201137583
790565306
62547863
92913400
589601767
828257448
440202353
589571754
795976219
847741693
432725690
37504407
65143710
79830743
285211774
926887136
627875782
101965863
56208783
785772568
317997680
662524875
258332036
976519823
39077240
159687966
644871370
735594037
430046066
351603224
229605991
236720032
192964325
103791397
307387246
349337835
113100818
216521950
714227521
381469799
135585236
121234874
235094248
830312190
318568249
200816289
574738813
124626365
29881184
419818883
140921857
486292319
92908203
711450256
385866559
566984997
373390127
115403983
117415499
163187694
118378651
371104835
211086961
190884849
543571551
147255634
320051331
112936028
873746713
532758026
207358907
608916850
538361148
201291710
90688261
160356802
301340267
145870947
354686518
261199526
555481853
863482818
234176124
841439221
6200448
834870086
128527596
716586369
648106123
232513425
43690939
491701755
64868764
353139436
788361150
13077465
368784683
251563663
614712400
81737681
607578814
692989992
633137096
294109273
337549863
443283876
14351743
262617300
117882228
473868877
263643938
185482923
467430265
125065258
185386268
15451963
629810075
144580323
219028984
674401980
341174072
49883188
69254941
353563362
57595226
355841982
859818450
458615327
114957535
192515633
510251138
457048111
236843318
189909273
356286142
81625321
343111595
168846807
882519609
255024746
835958885
243153886
148103492
93222631
485515147
452491853
317170766
578689044
986278563
665831807
93408372
823582397
931391143
1187234
385608981
541092543
735735850
218013865
287414236
248287198
391998670
236817458
477125253
36746450
443875936
553619194
5265581
198285661
461624167
337063422
21493735
983465936
851166880
86979988
292184844
146045982
717824695
34271656
382424058
161843615
380640967
793937928
414513881
332743700
158320819
108894235
761248133
257831529
705553276
174273908
119923921
642153785
103128467
740846883
848017406
394778532
377556488
507955347
526604236
319785680
319645027
90029896
92368500
384256140
161159912
266058261
545100066
497209113
545183795
1012958082
169957300
187031415
32842252
49241006
323837948
121120795
209387014
353234311
201505910
31039811
289249834
133933152
90016866
177207000
451418136
303238996
243732227
296032622
54607916
730694076
470297720
152714730
47438233
113771400
486036366
379875601
346362522
703571676
869102821
886424058
697803861
583161387
616099962
551933257
223331143
512317424
972156608
578247518
245376267
241299166
461124726
216552050
117940444
572356016
454538402
390628602
324292262
56858279
608731546
603969532
303521252
338151545
671509619
160941578
232733488
73328923
394653190
300211370
83309705
409219342
298511204
277115637
818210783
364529452
349245346
290374030
182078064
182228062
658095083
659023483
59213755
667185627
226982966
206307880
475414320
317803239
12717739
71400373
178987182
601793025
331077627
940839482
517913368
71678557
560478046
303641724
228654699
587824118
349574448
126297667
751436054
78794488
892400145
395068996
489496967
924597301
65317866
358138563
417283725
165914339
238321845
650023438
357336219
325086442
127612930
338735917
446876907
196609933
861910086
11964536
573876359
365276728
245307425
895056831
253002601
5545723
322037645
226868192
818173441
286768332
417214359
924067889
428233537
294724182
739904498
464529558
430002874
128269650
535434240
28868955
73838692
344124228
254009283
431867515
7483021
915039196
772805420
22593919
265432315
444459664
533362252
317562922
471693181
186330876
389316699
259178534
90244453
58142671
624241119
92628107
203405451
854605676
714514540
201538231
414971834
110340936
345964659
196105001
562763541
190878511
192641776
297664749
717905735
365453442
578454793
156636655
169509932
394359905
684150790
547534826
39994212
87128837
519930629
50053571
357722971
370177691
307567479
641312579
35764115
267750544
7440316
236127282
401763044
89777167
502324023
461318759
39888681
219138694
397352058
522756728
17088704
374438641
227856286
15628988
461317344
291262181
51835681
678102471
719004798
769600036
34835213
187458923
829794963
455225715
617905806
167714467
171886359
331515464
263314986
315892050
491911605
10214784
610653658
465308257
682861926
118488520
152836471
755656989
181411832
17627837
619938425
837265873
193591840
626463026
267248632
52785552
512653934
27157675
331379280
285100457
86736723
129561646
320488143
100323670
537733775
293090990
547444030
97012161
937920093
622953255
226456227
242934301
185125107
621205171
223581527
375155159
406193297
258587720
149957082
234086690
816872916
479681387
284827547
55371518
605358525
762134871
245374496
562655128
294959892
837782781
640807975
612109528
369106200
1021561907
148474195
388824845
384477576
482227961
410221388
106465641
12770464
26486481
853634424
217567219
717604087
285461697
380141218
350849299
92717711
735742523
101387205
314286827
20304693
521729250
622940218
135642872
694213271
731625373
647432923
505118535
903713604
361473917
162444750
71913119
226868681
214547414
503516428
837731449
119261959
801300938
518178776
311589321
595126077
856274133
298131975
857980217
404161391
426169009
168891090
332178165
503732909
13483347
751595512
630865461
159767974
149047691
624475814
173140609
224871294
840955826
230864765
998155849
517077037
21241717
364736637
126873899
20995396
59653689
227442810
311215302
479857327
353576133
215260022
132963360
208551470
514415062
630785150
597629781
350024657
213399576
451377050
814135941
206137217
620284657
80916596
576469728
760202953
351272380
539748886
386134624
698180900
853320907
21485865
870805092
356453778
106126645
444431973
282960488
456760033
376425916
376215700
255379582
241911728
207196254
22752052
115008035
11338848
922292482
345338377
344937296
473940571
254225034
680024525
219114291
676484624
375608938
19437803
31498760
421049523
619819414
762823202
565693189
339467689
170669820
24126629
494647511
25919149
97133519
823219635
17661085
451375080
190377203
116952984
283295941
413075097
204091236
376181964
674815361
189821103
376202534
158226849
163330030
820233463
4945121
161165291
193511799
198554066
507338955
821719209
136968369
925377510
169034509
511017131
346464452
11205947
268194929
196098093
323616481
154649348
362926076
255309780
321242772
663509163
470169414
438784559
775221027
47564438
471217157
775247808
376900136
681010764
642463108
112355485
719612634
157118545
617586592
267429223
615051258
3066755
10163363
168921024
243403011
298986576
831438892
32997619
8557274
67410738
66703322
107746995
323742044
371871873
7901217
354100986
80143685
388832957
326753351
417148744
96169035
58539438
787007363
631173594
508590278
776322969
290150532
300395137
458535437
60803498
300773517
466438807
410621545
442980899
291525706
336405286
96165163
387687865
405792085
160527417
308944707
71987467
518940416
385422354
748902397
16816744
52845239
579979388
516950739
393878725
430430457
633485417
120684306
487243621
555058519
186614287
602618355
305781539
269437395
738535018
6439533
250147519
919852699
514969047
804655920
697638221
265083761
603764524
119032683
224619579
594740890
127556194
411612150
194892454
98509085
211531386
36772830
30507922
859065985
573844943
295349577
242246639
373161794
88311802
357114495
204528704
250483886
303311640
599235796
229185009
430394685
137261471
543294756
205019425
330069359
178306809
12483461
380303276
286093625
551888584
254651278
383771625
493537563
416732846
149700326
130498936
275806482
32090844
404522990
758411678
392202366
143979614
745794052
51173553
351212678
241719640
473505343
664934259
79400762
790903804
776388257
341034221
327614309
236721500
268040283
221168375
410590922
512859584
692631245
421877548
75353068
337766999
128487319
609132464
612549857
345454245
321961398
81147259
288092868
158315789
699695872
687408242
504073499
302914404
213065713
215087195
343221049
4696699
530074245
593748167
304996527
30612965
187590277
385228615
656856473
464586205
1000236636
521411087
718065873
191252888
287935857
228355627
460179748
237138698
114639425
280833500
347094350
525488274
384359778
22307128
584390917
469591021
860839962
360382398
223371220
214031876
194982875
406216718
38787981
406944579
307193868
195966267
589826734
556346458
413070651
97498406
455167088
275389014
19548819
460646307
277097283
10866665
153348996
369545239
348809185
254661775
23286873
22468722
435386026
913099434
487625769
240855201
634107970
202834473
639857387
203438789
713469595
285757618
372662561
112975185
66165441
392141927
406544629
641250211
95430571
68762602
456277214
115188800
415592340
99846261
278192192
279657651
506777286
213409498
2537377
20412223
11969595
15689299
736372364
242455060
828328839
38941387
497031592
340625207
60665537
381769591
850628356
295838238
812424860
384047453
243338920
702377100
475430130
123298293
428433616
376220383
582111025
160915611
63334301
902188342
179862441
190544524
398626832
173309062
3541617
369685701
119343677
299160869
126471907
294136850
679467706
59379583
835510634
85043452
723574358
326117185
171685587
48947693
353484201
392882867
514776063
72935351
973161137
372320748
239539875
303721723
464889688
178841640
152985198
82404536
408573387
79452487
121640888
317983863
482208576
417223600
111328146
159288137
66200493
883241608
775357418
430109927
23081987
506656555
243678027
64499053
39052698
186782855
429780286
273063611
393073494
488732804
257919451
159535850
60048866
766452785
396981163
518720223
243189539
299285714
620815445
301905783
253495136
59384169
262771700
823191563
218234554
349286708
74882296
57376014
464797466
7040654
206268755
150323554
400442278
30241545
796353681
468628705
91826107
626988089
389490548
109393861
928850726
774580355
136505337
456169187
703168945
156358463
739644114
923148251
228528047
590757109
156258801
131283107
685682443
50434180
832178806
291273865
591941568
363762880
659274539
453456351
109144247
162005074
519440206
82852333
134155020
163887993
423304751
50770761
248175279
62293032
189242697
562445003
144812229
38916115
216262838
420445610
31217659
16724359
474387262
685236438
242963054
570707948
114755739
300578987
376102645
131312508
325030530
426599642
426318731
175527722
640160075
769776309
276740052
393988759
443254789
520017169
514119220
89027916
586408406
155109573
178155384
334866062
1022777730
76472333
598243768
197551516
855387880
235644653
1061480
535153872
372748421
86471961
737702575
585089729
55805820
47622950
187927126
11557208
151269265
315924000
7579747
465260168
184873085
49395972
10789069
675752405
696298615
434511647
654569498
502684758
423752604
51810849
104907216
614667084
161095008
287492879
267300799
776009923
406281685
572755827
9364913
531111586
216282301
16310552
9026174
5655548
351864274
85923498
187425085
404704989
414298614
101502009
141387471
75774960
78481526
23275174
221359017
591217782
432153281
26401480
17585301
149188611
295282428
881166651
481694308
466524320
224634379
383662646
521657705
582724620
871467865
33392175
736069485
460727200
109135236
313400453
124439581
165484558
110010149
521661877
291597183
200755217
603922648
116240096
16025680
203243670
486187983
824044434
518631435
564353724
293850549
10127775
120603236
179875249
212869086
259682426
970206621
343589123
401538172
590425488
372503768
334836187
443799344
242905077
201710293
539768518
433744947
110121078
1004943656
46264390
562600255
175791876
656309415
333743758
56871449
654420092
369487757
538747522
366411747
22024992
32347833
240034553
74252805
31257112
175599806
86372465
441340946
434280624
586723117
296751098
570080769
388102570
75454225
312039954
151969757
220787812
871944631
141371160
57506531
213601096
75570200
698136549
379485722
217083126
246893922
21220316
41160396
140184970
451642098
44949970
505756974
894395350
185076213
271822445
681792195
805944002
650535941
474840616
89791959
401535183
527186434
191305226
318876028
798999568
130595052
649508581
444579089
425010584
61442912
290152834
686548210
243768225
504637168
563678314
465794393
238403509
336941549
717879163
579977611
614250474
10841389
835262002
320651194
55554996
452610217
711023535
339742516
217725767
132652889
813709484
479717953
417755616
175782760
354896149
177101297
155637562
173597085
197524519
559498
532153160
469536949
227244428
7879899
837036840
152886799
9369100
773758713
217133166
199452971
761122764
157881275
331426435
228437776
151946407
384500965
364782049
601706901
197149229
170547677
115530112
602303834
5260291
131805561
770393080
138192852
649634575
227402065
212011496
337807798
53350521
120373593
796958285
259367234
324826887
858572789
153768314
581733113
347386568
922956554
6555884
62254296
199976448
871989508
46719212
474783859
191592075
189473521
336269411
656656000
457381966
545287685
488141504
120455777
772477072
348913133
691008290
1969257
747948951
17773430
238282059
857465143
612788733
123836584
601572991
545030761
97781862
682766741
726498814
794219194
228813385
86279982
269373131
486898923
24022663
445519650
26676723
183301241
267883146
978087510
25235893
538587631
421207741
87938870
343843105
347096546
428894281
776686398
122159096
547901885
418252504
29349853
240926165
528796777
109538222
114620536
150574438
1071110224
26051765
861418325
466358504
207360063
576806014
171314790
443217769
538583705
158772225
378873390
197937223
404315599
722138801
298417686
2875276
752363793
5644030
711277905
803165768
835204617
62700033
396953198
783235868
34323328
272492868
643907959
432661393
428594369
194311439
788429630
27584507
454932043
273911564
85472571
340716554
16019069
371304724
208007019
344707265
27632210
52772427
355869680
103103709
371654051
283638132
357901080
342448745
122551455
760127929
424963077
15738880
904952834
144644836
715670141
2701777
802736427
50492567
245676850
168825521
36912734
130008518
428720316
427381725
684572036
436116537
608332693
487239999
54424936
339235843
420560448
750877842
396560524
642507896
544665414
296542685
254421457
364442973
639218762
420107713
35820012
19573597
89794580
127222936
607383472
112560243
99585108
80782758
85413476
228845386
506125411
425664197
311308640
964721467
341986329
385520854
414559429
293476823
92750116
598778669
352634629
299620937
127592188
472491031
696352261
194463129
69703561
106429943
37085530
87531095
96798016
232254374
833082442
471211526
31822964
688603643
63921175
330614556
65749234
215190462
39850875
196500088
341354386
130997467
232942521
33450076
607634262
187580264
47642015
124503111
15876641
323352808
479227547
195714214
123008941
818009697
4389961
56280369
337692921
400977171
121571139
981169156
769418392
230431790
569752092
18518806
199825489
553742835
263353989
719121674
573283064
924922879
264464089
584740228
341328191
487498611
311620065
403486973
21613477
249596021
215379433
535487506
623471274
791691747
862315049
235783225
133701206
202333958
842463
175819547
390157271
66722433
436908669
837274027
539790622
54293591
500630464
422497913
364340579
410752471
420172606
71885972
65057671
444517530
22976298
813057415
603643774
320755739
568091732
702906231
418056890
391206809
159931646
116103880
639094369
571915553
17780582
79463369
142143284
273985705
699198725
210566431
552899478
549128472
200317078
100467374
620942843
43726254
300388649
201722627
94533829
634126153
530928942
278364557
539370640
423319502
587375193
656225503
959317920
210386399
651277137
578081205
241419681
108315572
208590692
398711599
420345829
166049996
429386546
117983454
90005610
519869122
65645333
2713012
197373769
764051981
303954059
679150677
163439813
164558997
741469841
108032019
228501373
245589630
129676841
66953681
612253710
671500016
465794098
1028184690
64638079
423205271
158297762
104196761
562146343
451261258
69728550
458226674
317670487
725589922
398593013
204159471
317432816
39637647
305458592
535627462
570416532
166071912
56772843
330092374
161032508
234821317
113928608
372847715
146165549
182372710
533144167
184017311
227688763
727333445
568673451
529353059
499691418
118422599
69524745
161205734
1031392381
200085141
236866029
289864420
628323220
144457898
817426276
149666592
801550626
591861758
150474805
825529152
215650720
419902328
91462625
115359553
79563855
49509896
560718465
778812282
462018148
137685878
369408491
56871477
964234951
371152786
317251176
669889679
79185582
38321829
124922841
81017303
547285302
256538775
244890607
592281169
686268038
649902602
671587841
195958220
432006017
113159864
711657004
71026574
202134845
850526738
667538868
407758224
92771529
11314033
43281316
220820439
86324253
84423886
149036825
426950264
417544979
221617023
393838968
52959736
733276067
308200103
157762970
315736796
871058542
292309615
389553088
677589189
48696647
337232049
21453118
83455271
535456392
21180210
53236740
311460190
262877375
358894184
535239067
149555815
872147110
240047977
626245151
928205662
41057910
268947079
448368902
48699174
133733593
885912512
73627503
535100547
222515174
1945068
147093936
439511725
144728972
551988265
176805400
267631647
679922723
764486683
390512197
779603362
86171684
531966313
406239884
610377339
925300246
476898966
144652303
389733150
863074528
428937518
891786587
252529195
447453559
284971868
65028067
389149950
64987210
723979547
99207220
665903014
428440809
25810230
664103362
240244718
400521029
565141251
154710700
196786342
384596506
234707387
32208097
561507336
151763795
459254522
308835839
252398558
87534254
441446136
156283947
382478039
711304634
781950968
7075907
538669498
698709793
881767803
816497658
207930075
123574031
118127255
171157797
317151020
691861593
326816190
351463591
248613119
385329112
447229488
40741547
593883020
378806437
271171323
338206231
329023
664976922
632960148
479857217
166356312
64861354
517813462
194953099
77094531
737117533
347877078
1036953330
274963124
383618414
341413443
688744996
149566850
296506941
343957827
469663458
246349995
24249524
587542452
345407895
32751995
645235898
320322966
29664809
617821354
665376029
827039958
881396784
683882271
320136437
423860501
631749025
274604634
131321261
692623247
670851059
114632678
458046587
197025880
326686803
87606284
786626607
333298788
413488872
80353043
312257700
721921268
193725448
702459368
378199204
31036866
19366346
447837015
12921599
452641902
13002278
80665750
274229446
618141627
454720249
101931753
229977856
189546422
170612099
626085955
146915127
793359818
756522346
383718848
134342575
508274654
379085375
77265233
108983902
673452050
234612397
751449638
713514755
374690032
660008733
328631909
329276809
33143270
597842921
66578943
499014221
17576029
330874055
627235768
833304773
264262662
234820656
399622687
217594645
122979316
108319355
80230952
345696438
638154799
422626953
296814010
259258756
897479228
332691400
438439985
397789057
166765896
184544047
256124404
31785590
200020745
283048756
433417685
247967806
271795775
93379090
18932571
1061758186
41585265
278091331
163910196
217282119
40324632
570594224
213212304
232103205
353300063
144401799
14380661
297357463
343302347
98467032
64781532
446584382
408271015
665862666
242915243
323718835
232237922
471549683
165870044
548240041
32398057
333633315
184521474
194582408
70998683
127429831
95056712
652315868
408788894
573704693
118495898
61823189
44056675
43624328
221425918
57422358
629275915
564528491
230242980
64823382
412980208
195315441
109621158
177728034
56415657
393228494
122972129
118826495
104466611
40327140
863521877
217998857
19447099
789326990
643558298
437477471
571722293
189399855
473198029
102862652
74944764
540452594
459986787
148250693
508073530
165855276
693236755
105984661
106524799
655456438
228357856
952567137
296600491
79006122
717842
591719354
474279491
398885957
404852367
44884391
151633205
457944197
221060159
322310798
661257158
441114250
127940775
684371862
527956087
249564417
936224308
559227778
666468424
540931655
555737862
358103014
77964364
219609739
226294900
500436049
373524137
302960598
30982266
557842497
787565840
238179556
624548697
156105848
127558322
319495135
144194685
3250540
355894768
591293763
939674069
882446533
630956773
1026428037
167803273
456776475
119025339
228819804
144446479
50871098
665305770
462941162
384128575
44328159
162422693
122253357
297324444
176081318
583975315
8717406
58251158
457926626
146197323
43084850
279882489
860225152
182133685
138948220
272893676
30919946
354415526
572729463
587023573
273894957
958640735
52038558
9036236
127725612
344414221
86615943
424779326
155359173
282769935
766370588
194961884
242014546
59756738
708541595
22718730
614797598
33686493
201664225
505367959
167921420
189506726
727628515
506986671
108821851
672312909
321401902
25771437
186986187
326087868
626192170
282374018
123380956
901019882
558560107
268268163
957741287
453150665
700895839
205664202
109680984
39205645
269152685
135437061
149973267
517658973
878135386
310147557
258450552
566636843
640860639
226598367
682937589
19152204
299882085
508901917
82505092
39705570
442562134
419400006
195327147
617029544
111558667
795925328
130195809
125591017
493013608
136570898
264345541
93504333
148406315
247961014
253840584
397354010
499029124
894099505
461774506
214615597
226605310
680817492
532355201
179018577
425963865
59289373
856759464
291188944
236145214
432181573
127034716
404757200
365264992
117545478
557385229
667255311
234007842
396094272
216872923
649060170
62333781
170496440
40634958
119056401
486813356
464904380
755197602
12702474
241639358
134652269
896354887
694434842
47606617
512617217
302251364
711145200
555566485
415140170
102189009
177966642
236192032
599270549
861195955
771726467
18065011
413520452
301754720
19924100
155389240
106083800
390091067
489485188
584497393
688186031
527621309
490379217
22613645
197583829
862080138
597850034
292422502
377912926
765912544
349219463
655498653
2980666
204482134
165784130
91828213
265161976
55591503
437565958
530967999
504919415
581601572
909514578
518513423
170909637
394894033
116074417
189126514
128148630
82464474
202852331
423526764
617682352
217818031
200189943
172665810
281137230
555945232
605382501
124715496
274562899
165855792
616412018
350674725
864956804
194798745
659715532
283917575
106182535
311935697
734873490
499832218
17268337
732951846
329580373
671506522
423752611
92795699
408815157
884244804
132255605
636052010
511231086
9491365
500470839
119404564
527312285
3555407
186313147
321541703
370590176
166075055
510515121
166443408
212126174
398098070
922262000
394707470
71527495
548557205
250276720
269451170
891089489
140804379
126799215
206778642
780388849
3220209
749581241
636281306
950298202
105829628
279550910
110834724
352382084
66281326
632879557
521937119
918788816
239655234
247823948
259229844
436009590
449430923
478455316
659769997
342137291
863483435
149963328
419828150
544974662
46031596
568518098
444677090
285294347
622773074
572953748
448519766
718401778
39676070
374088337
358433213
565409523
152980156
748299301
52205824
238455003
231893855
553501962
485721684
312660666
259114296
278462985
312934922
322278589
19008862
249343957
815924764
290654521
443139761
391247119
116317834
70360206
118707377
304483603
414783651
27021683
805123735
300277610
263575791
106266153
328463777
60016403
256024133
676351472
97642136
763658164
272268636
219213515
133179881
539898830
405905485
133023032
242907288
425990400
175782665
361041268
312275483
427484393
408207507
201209269
527051964
55348366
749395926
261493535
459143148
270385701
517626676
213663530
428466542
546986524
456368306
442270303
251444349
122474781
653349453
63959649
252881853
453546805
225080267
56566905
520793820
34608511
629451016
828611992
420738119
9839832
771258371
294418019
156827654
781257834
391775956
434801235
269364621
320763735
279373678
553091125
472389761
494947411
169273838
95649655
164079157
112985447
136969235
694403934
331097790
224147638
871181678
92864125
532897668
478449602
680168607
340811187
258166099
282148841
626855550
115982478
423691151
86935418
268257125
965579229
518295094
76157151
138825019
695302290
432140461
511596189
534469549
75348620
272899092
600311047
42877143
695506540
194011419
179121015
322212588
350460600
454528141
307355147
65126645
75048927
341553369
382951212
457696959
67336450
117915544
249513126
60505953
146346040
847996122
634975212
29508425
321653847
199891309
116720722
257273542
377303244
91178594
11684040
868924628
1026409325
414143415
9507584
482410351
68871262
212357361
123550215
808339743
111086486
411481641
173585242
354378691
16713272
189736976
58362105
743835873
332785167
523257449
381689730
670830210
267819618
639793371
319136495
523678326
372840969
208904488
34724468
23340158
450036270
91820504
313619378
66092674
34010668
190428189
295658333
110532421
341964542
305287902
350627163
766936186
131081120
42058734
134487572
881807908
593392969
185593966
217800766
166431804
3819048
138468261
250449339
680655442
147964903
174106961
161647674
134187721
279636116
579564525
307886594
173585852
442875808
425540475
557205327
111407139
461334768
49018251
413841215
301181505
81754428
224509614
500467831
697128808
114782698
162984752
423069876
704690467
214969656
142070031
635592337
264386828
152004959
15885074
309079577
146236497
760546737
399429566
305751365
304321407
719104667
733374881
520440975
235113725
703114457
367627245
630158632
435314454
176848686
704852871
927256288
338600784
627253531
639833887
448187541
118587408
460290642
454800468
390952189
657155176
284263168
310060437
194797098
32854413
201788252
369161915
2895182
74076472
18347927
511991958
347416796
347501915
852698354
291177305
98929848
763824582
206127979
13855034
312852131
264982373
114811328
436852042
450939066
694039716
185439092
355159466
110649908
117224538
206064407
521691974
400946318
608347451
371808583
309996917
391083790
923146486
242626951
735833032
532904131
315004520
538915662
93922432
790117431
215513811
48207507
416458042
489611390
864651940
489820758
188863939
318681041
343039942
430577374
143422364
194183538
145855055
338642853
17834544
113449072
579801820
701203245
59273329
1019658161
185482551
209905690
113166207
402530982
488250472
486697067
683111541
160628234
358324179
177109888
87186852
85091808
310758036
153727725
312252828
409553308
235489091
460720314
23942476
530208108
746255241
742490971
338162605
96182731
469747648
26527587
27304105
363605358
703454316
366294857
10032769
392450424
210578237
676719986
444177620
397054573
41036946
591076707
154190187
419811881
76134100
1009069074
327412822
197927542
505138195
495369612
734103060
707769081
479297253
433908818
665197853
76383089
91293673
105569055
190691890
167319808
306849428
669882303
920774732
80677312
149736678
1035268818
194508442
163849501
341666038
759361659
416931025
391846832
39641693
329920320
9153946
960907478
434125786
997472212
644332162
571253332
386621066
222157179
331168107
584400499
43628795
823574976
180164682
397735642
106331278
634071295
330102431
116598635
243063810
379496951
87849822
74650452
223327063
252982915
168004410
512638753
82754068
646508064
267038101
616443777
940271638
127020912
622891895
373884136
57392221
38706014
3902591
200924330
457279964
45835741
128473433
293612661
114592797
514199561
296551814
526886704
118061893
384149003
88602810
41719199
155468290
77693088
615773127
64014186
204689782
41667603
7660558
197749484
463069769
636847992
102601800
222253146
86554408
137889397
73446528
388034882
37284688
368520276
2332996
500120375
766428925
221291854
275818470
229670476
1023235011
368018646
187960802
558779458
362248015
70529022
238021861
55234871
193978067
626725561
180377836
82122658
718725380
60749424
528705384
136887533
217022906
534789054
614735718
47869019
260745777
457155570
140612189
729437242
1003012768
293099916
575546371
55753632
123085211
332147938
531394078
117556732
234491715
434773075
20344129
435219043
441616584
267025134
339199069
432056464
95790458
133804966
773117733
297171898
748611494
266070899
290900835
539664206
448007626
239253121
285802411
636761576
295319009
272716732
32800924
446944982
425979491
370542972
776312454
621350135
589557691
296341649
269967770
197187211
229329300
618388597
266871922
385762857
612744064
428507514
297936108
542803494
150972989
66844532
847567903
524499824
24896998
432808605
254318341
179378308
364658173
158145523
126872285
481186014
66916531
732445836
52454444
550365162
690308260
900181228
589632982
294619118
512065730
105843007
804235913
197634810
432420973
424833973
192143907
270008619
761154442
349608689
30377608
207908705
778406927
189428475
438162369
204913925
178280818
9116370
312377184
696614980
61602063
93687653
494829436
267394147
5826221
264091292
409546209
482478012
368879605
22169685
101660653
437557157
283084283
571059340
72075037
375538698
336757979
102546165
289952282
426217803
187466841
254931224
466078002
104013947
309615752
94949532
57174516
162696370
375654066
798607073
323690893
11062003
398074052
653037487
535249759
749078684
769384476
11054949
587259608
48454907
792483766
346812731
813298768
278252888
132537727
592282944
106882761
845578395
365777438
423827511
984114543
427397964
436326718
471990186
56133590
199123131
71077677
11074115
448488508
386598655
488780681
729643285
747119983
39806634
559657383
418112820
407174802
681133999
743955539
735224730
553195785
363647327
87691941
933879209
55960333
713099910
500450760
545511935
821848512
653756039
544755412
655604908
309423776
255109429
510420246
183177941
484987223
608850562
279049962
566201268
894833679
182138459
483129759
23772542
128965502
49516835
453426737
42098868
693953049
578922251
265720113
615936427
492108548
255652292
123031447
260374679
58918233
447045749
181314644
61876654
818097365
685725258
417105666
100285695
492907353
203057454
289551476
758194608
54567308
468801179
95585994
396392339
160521352
349990974
251602759
426258407
113979171
84405448
402609023
376246772
556083621
677625502
362733974
749382556
259058786
491200375
178844236
210794027
288006098
350386621
220049837
899570513
767016806
932615811
472583883
41189124
56861459
443403966
39067767
3026500
715208681
238485709
222397479
408527513
129448911
77693753
261591434
523006528
618360686
361262903
739312852
256263405
817984207
683092354
110942007
464856479
566124275
550378399
137536057
245185483
204455885
295254290
158648137
717968621
161889035
213813415
129711769
998343348
136471585
293814266
147207167
347896167
185268806
532820281
239536776
696395491
219879239
672687228
373839248
225638826
424811225
524780809
651297832
26593019
95650596
195965627
67466568
346413967
976998685
108293248
390280289
266708991
487754173
83309361
112337920
434236831
252485591
456511040
199437240
25776484
271047930
170011493
663763251
382156851
522323039
9671312
550482065
215348467
261224862
177868813
117124594
398416502
358583899
146888500
350617575
339450318
122827632
176960433
76882209
20969037
84098559
550733095
345543676
503929256
848197131
363017622
75440464
994138512
147334352
156071993
268915418
254663284
103757928
385983082
99716960
218330904
526485383
28066143
247535990
150359342
298371536
594400719
365946425
98038176
181083991
116477823
343170662
267255827
61602911
499656565
439835139
389426408
196398852
164243675
942191207
343165392
202558126
295522859
841687226
365537588
180371233
504875406
474936538
37555143
694615599
122453205
7703609
99265922
392701212
166740300
164938616
248140601
379923374
352465394
245773812
734631614
276724376
226062416
178122711
169518437
164908716
156028008
256279292
295617338
393426
915763403
81799276
807358016
135870429
140579738
296542182
152294088
550072085
52930402
158470755
717582886
193896132
300223658
289081636
39312861
64107992
956415830
196765917
73162648
7864927
99731759
62899045
336420218
402862076
602475500
76843640
6215660
11579958
193126774
281877311
251666533
530469153
702468775
51440235
601016318
454722451
399497179
99287981
194055555
849023386
997873120
484161241
475416635
688855555
60178574
273048193
142109948
225830548
912174658
482796588
577935981
841350019
574029916
63736532
32747756
170444884
732443156
149926887
980753356
718289583
214337483
158392205
870848042
226918003
143045153
654772202
501895096
549029875
108325761
191844650
1043992041
68957998
582561871
651481104
355761122
208545870
95665454
538650629
317510524
402223793
47729992
191325584
81283854
308685270
71946809
640110789
112584196
829900997
470132525
429796538
478777576
554161178
983885788
110942946
343175318
237712415
866887695
302753056
642510992
139937152
132208041
232719938
252333913
235282700
65990866
376907853
760345510
941651019
591176792
139164244
212765926
282888663
648741210
350909506
560626973
68322830
69971044
72152332
307268899
189567865
285345612
49177224
308137010
2780237
221881505
390199079
507355156
182532316
266786377
42599253
179130291
307012197
33290171
737220045
32063620
929905758
348035380
712373667
176589626
290019427
767058211
333651673
223224584
114092466
604824465
9009878
92767311
127880570
44543703
423393356
8510503
79938612
525430878
404262118
1049941617
419664570
149475649
345174481
43370253
186167629
524698563
631237532
429623275
371499781
671878040
302702205
678194466
263461619
638179522
100944525
126551119
131550852
703374033
479825519
298196924
228925314
476316838
52850507
97326871
635600365
197317256
7232355
104327258
56898352
245078168
268909521
32666627
20627928
538806385
71093981
17480347
214789215
9464930
13647236
761183785
192527871
162580663
343432361
668397614
561854401
751396475
332697175
167290634
946658627
349193345
129965657
446802392
650930614
1104586
18802107
27080463
313667544
487406695
818350729
33277103
403902598
46063279
356682702
603707817
22886447
609457021
590521768
572529220
762770903
707275047
262961401
629507981
15542021
501978896
762189263
165551803
122862478
817478185
203884867
36697074
660386061
829966331
577465605
600320315
777638649
396482439
961495460
235348301
730533163
567285547
877121364
508964815
234084022
388145907
121042888
698079124
574674433
384571620
308791214
106646888
934477319
768426826
78255338
391229749
384317818
469893923
49397951
711897261
198407453
594393771
79755139
466309951
214587461
399124682
400619858
211568747
10398619
694316409
738690460
390818993
42813242
237648085
143031514
737589152
145914930
38379636
499548538
546313854
698543088
827579702
438067427
148827921
22430802
50148104
489131762
619085855
232695984
88429664
157962211
13769726
142797430
209575762
156485426
130065946
154861187
774368262
70918611
893430004
18658908
226519406
102338279
317825940
151146154
279450949
503491741
510663831
33273554
535939251
534983428
624769392
770648855
143667527
128418240
73537324
340413803
53267305
167761087
144598906
509244699
685328638
325469785
217531778
179558819
283815962
381792054
22821751
811480585
30193539
233247307
733756339
441382649
267685693
526815320
38752324
363931575
241640774
644548575
5775155
60390623
546891470
237060430
344036293
35803278
132698425
205759540
131691104
442516677
178610131
869461132
415723032
480559409
134229816
803062572
603525106
12137401
207113229
764645875
455136012
279994588
408927728
300751906
831005085
252755764
310400069
521923332
13702476
186958453
31387462
528388163
556795622
3283901
318175764
889137716
363820638
380836453
776479023
24216749
262707998
382096309
787373530
485074372
94754862
519019278
692823498
198555041
374810937
45655803
906711472
117046502
194533073
59344167
916921067
123231011
284626374
778139539
190988774
438421935
345506079
129798717
933916766
547343798
876291903
281576335
430386796
270566174
278332093
193847716
21797928
979111863
382976924
255433951
491757173
149371231
432802466
337118952
249967740
89901327
135645782
42261090
569189350
675307604
177947863
11810283
448151253
266875913
630252040
22467785
494108576
499142781
162833004
525202024
127336828
34830535
77380787
69910560
204769109
91925504
282098249
238418849
84684476
155523504
299465938
796251828
508052767
334847034
951285610
76270088
339948081
455521026
460435756
486235381
5881850
288953654
297557327
161034421
260536691
403468117
121257347
168859318
43850885
12017277
211754435
341029334
418050700
500853257
421801192
433853417
137688652
173136392
84604868
298750629
386945688
212899323
176648045
397131093
26339775
785574376
476519950
64419697
248398966
249988668
153687253
687005009
800145713
574680935
376033403
733250074
49442215
264581224
961332279
11436
104632019
107910367
469102691
421202905
197877534
358701171
184786777
29935098
319288640
507455830
314993249
218044453
124949968
624427586
162520004
176256353
6970281
698548773
734551782
414464699
959042197
119714229
74044581
109657569
831151932
698636338
863148693
708177258
136597584
283917532
4611587
79521178
397330372
105799065
458396583
811470052
805044143
216795590
353396118
28079545
461664240
748851375
433953288
3016702
47207129
353329027
888663049
537399679
628046192
90748798
73286313
626016148
320349294
145275460
547039870
833331978
52694144
44378543
347650069
36039033
668302432
80656029
475719250
180337187
851648769
29851796
511654122
27206617
445364945
87730519
384150780
817789965
141515555
595602600
110262916
671034800
328998927
271208001
111408609
200069117
619871758
149079003
497182853
301928693
43619159
475469113
74727821
42598896
904500279
293013064
735252426
243773463
506313924
318465632
629491396
181260200
490359367
835451048
618104408
62174750
47355271
868853950
44973088
266586899
202906741
623289621
184305321
341731789
132603874
301588122
35776317
464292084
380892375
174965380
443709943
548744126
71783776
951052890
480102073
619905475
490154688
425810444
172250525
182235811
98272664
146810
880059355
11215100
385686633
435565953
51712822
255361735
165325215
38341013
751916856
35059752
173940956
38851742
548253813
57588283
235547218
734302458
943584306
560880853
756493535
13056113
361139591
488263037
241877136
317275743
515348113
588699811
311198073
20999908
211453254
689313757
365848965
233377799
575190246
343505181
351436231
682748053
404968514
57590221
238942655
455249286
105654334
539911806
252062757
768185529
377152608
250139929
34799812
423535326
102248533
705791681
408762152
155582619
797806259
740378113
101368380
838475229
471278844
298761294
601201454
18332644
188132387
311715004
217471307
610698658
269093668
883604413
106625165
46396019
3042324
788252881
684911889
610554287
405561830
708047700
262943120
524775578
119720453
36147145
592639588
1000348965
188749373
334313283
194338484
28392084
132455979
106531903
235254364
424115725
279925783
467128490
149992331
740384362
49136132
274708066
312269142
146462985
294091425
442548581
609011530
257043143
317619480
360435791
344437875
261946541
128883842
50938255
943015388
640480386
566817261
169932024
196477220
134667560
407097120
513807381
195424999
226652487
82519355
530089762
484903107
231711424
468391190
267802834
126362650
798721997
528790952
461161098
760031924
407295303
174282904
274339119
281165967
976698774
228852172
66621180
652352684
743364595
208104478
416566021
895713748
240484439
642936352
238632927
281828283
853979264
318356242
456061306
927787245
145566349
905574501
689442016
757747064
699619200
470136253
159795495
190597071
333069910
543386313
986523
365956889
578919322
329448950
85977612
175871480
117578619
124330179
778017860
284839912
239049963
191045459
901019350
751852643
24750567
636277111
740527004
488739489
325449758
294976128
97148669
122175140
442500972
271353839
63310349
137588239
838118820
161394787
714111501
570157597
533978765
358075752
104267338
668635892
94825466
537989201
580203660
457995804
909768705
861804228
231424846
484695964
51805584
119085599
569625252
125798683
164831573
488637738
160717596
363637281
24514831
386125134
127067362
207573805
597751107
67508685
76440759
618147694
137511555
264137567
728078039
779562266
121986530
726877770
861461456
730568334
230193269
522768631
210385988
498970122
225699486
87038167
252580626
160072784
236644593
239588700
405562879
100264182
638213218
648236434
640353866
131913301
2569609
476901579
220212511
318107600
219125476
676001979
508919474
836481621
869709978
30867301
10759698
459750793
185088943
25034429
451659946
313054062
223999256
822957685
185635969
604566751
58304714
628105529
275781284
57428028
69169205
192375481
559350729
557491800
123933055
425990605
632136541
584949536
377402835
188969713
736457381
457053618
19001591
60716159
478146217
523444817
1008047633
625191157
101958783
817744545
297879232
303216830
291552557
671903697
540151540
322368731
183437426
76307847
313595660
217934451
502002783
642292345
531191901
764600215
11096189
953325907
83836983
37884947
94334601
537047730
98226590
7586279
58148516
592399708
400679776
217764540
477616298
91856965
537002803
615020948
785114548
499868149
183595545
471005672
351365331
129094282
220960075
594991605
362672706
856116681
163029713
429254649
189566282
325434691
463026391
72355262
24303194
158820033
166599784
498817130
218406546
113730122
240190307
249883350
550368229
31410392
736204416
651485826
69015997
239507585
594385582
213762279
606044921
174275605
446470415
393786293
8952956
460263581
618668269
740383143
203629191
104374795
104324983
199322513
53433743
63238877
437674901
386125495
482520671
376356990
88444752
834740194
346442602
133135405
22841875
415388728
492967876
122998937
831704461
188563388
746784676
350585339
171581149
873745130
85667152
559889074
594455946
257144523
10831411
645588380
384000637
45043589
55392205
10674235
1007003168
351195761
89836244
61297175
430360715
101224856
116245659
798144951
288360189
663641219
693352133
170816342
291815076
545957749
491461361
75923470
662957146
416408332
182929622
47804506
301218778
609702681
182516015
371151887
103031869
419781733
228736140
545390283
227592800
611141333
693031783
875901810
325368357
79901637
893695033
719267105
347485026
548158140
717177073
369007534
505134838
555110421
458338367
288848955
903147943
863069339
433292449
389987758
631028782
711084196
39563438
95954504
91996560
192172642
620380522
724425097
419994305
403969693
344440083
89183792
12291813
134130594
127802025
626408079
89382550
219433274
182331473
1000461015
406384516
382940891
5920606
579987585
557593796
32108577
327804665
265990712
356259658
564443144
317642204
635538151
61161301
580019626
616662847
458909342
160739813
207764298
672444113
202644296
308742021
47362103
476381398
343172546
206678843
205882775
204302381
355266340
450605766
44059435
155712241
415223708
108812675
91278155
684572747
274552770
555025405
794397848
396915944
298454692
251204997
296657231
474466193
493097109
333002296
47517126
476738527
291867485
82333204
382763477
344240239
23546838
5944793
657235228
165565782
177205505
478369366
678696940
234934295
568402856
84851467
572221110
422659979
229485456
125843444
55810690
332579368
519729961
84420409
123896006
463567157
380042718
134428285
23402034
161439564
414878895
821549472
420854527
627717750
326223397
370372341
137232060
218878741
667687688
635872668
537466394
320234973
494096777
66608847
506416827
84246852
156598011
749261521
119380464
243347451
962490004
52314403
468874825
16906765
567017891
223496839
518503610
242908179
229293961
272424378
663390903
673439701
205917462
599489743
100427875
240356621
161836843
42994954
188325715
102009819
480971828
147456153
276991020
342386288
25111607
361079771
379552141
326548255
67949156
399545075
342868998
269217384
77193506
81664231
204164800
406897009
594734824
547810731
553210094
629711024
313382387
856805579
210280512
2326015
210249962
891917590
525080437
456095459
523892499
177732209
706434249
865781840
52118106
9031719
129210668
131148728
789909841
358493057
138287154
647024602
828400713
183927316
1031127786
501852728
833515556
75820639
575484729
36567617
391378480
545432081
667677851
77575010
717297677
161920849
219506663
130026884
187136205
442028212
31477278
10696434
57486420
415759928
246210297
29400257
64509152
280160238
34653161
336396059
255920416
410520378
185895685
588700379
782773281
763283823
356835638
126022176
457977422
511420945
61963928
621349790
150811039
106165532
187933388
472119170
280744343
422646332
25128617
480935475
266089262
697876021
248405764
155664432
442612803
61922493
228301435
107967885
9932814
361855852
405009579
813504916
56282538
385027830
379456653
29255655
434618971
66752386
102966954
57680739
132477976
293131617
801645870
946744236
194166319
747742775
238282418
95848270
519628838
474964299
602222415
214048396
16197330
128416344
150274039
806704552
409965308
159818737
13171244
585639296
364341062
411947216
9048913
316104189
461473264
396572545
188604862
1031719879
578226341
355484922
847217318
88106698
225146979
92384183
601152061
196755757
81528094
19669883
236460183
838019860
41953776
413830427
266602773
183432467
19675363
489324576
163204904
814519980
46788005
269065162
222419642
540552871
527192383
237968757
259984827
424985592
199960550
132389852
666548129
65279157
591304107
109896714
27906097
326177247
180274046
309809926
279478396
640179567
116064905
92730874
249314543
516657962
847094384
352223179
374885264
488918773
137162305
470737747
101888608
66500734
807440772
158641318
222953055
488835638
479315704
467080210
306512860
568269063
88375647
232529696
128009867
5169105
217345220
314650821
170198320
793775252
436078781
217933485
681224436
396520162
21444016
99984961
476163916
639499165
175318472
493355222
25833858
545120646
172771617
358372516
44521678
91712506
44129765
54177806
811678554
789341055
666120861
367744184
226449087
695142037
170023879
702091261
634132217
927153357
166867688
247643985
312359287
355182291
535589904
446359789
141400388
396844113
198116385
314142021
89280716
273842300
643149897
277161374
453789339
698134325
206399899
792918055
88980632
378629507
414601567
332557966
382293667
48434523
421978872
491951380
47145338
37870493
21682933
127509258
378511967
505700211
56675210
809098335
369793029
206787424
549426927
524910118
68839198
378385490
621151236
562346892
498571782
724969655
333255985
157992369
83258944
24023980
477173683
575997116
330131336
330353110
5255437
824072597
679582366
633683007
512336655
262302260
271651086
308763510
158587183
579214417
241893029
79248158
44601123
313299467
330459416
151554032
583067463
486240961
739169851
23618603
221121498
65262494
451663828
600802488
1005368934
112174310
77352714
9303262
350308101
411802513
411377654
363644051
106875551
92858808
66414362
277926914
165611113
665850037
68691805
145427144
905952960
539511337
6641529
62991492
347901841
27301542
26585705
711018456
667652546
30791885
8496562
172161
158273799
136591553
926575857
432670454
275114263
600198764
137256555
43207765
381410451
373490365
330468787
269221362
200424870
223856614
601744468
321208461
433589442
377216079
397304504
79862955
332228704
193744010
151833795
723032656
874407753
53742206
373787987
85836704
450358765
9800176
322123518
58378809
258061662
271985065
278093503
240703349
670601486
135624165
771820574
26536558
876952183
360726108
171347995
307417352
103928399
263925385
41883830
121901589
456019309
132762586
584208899
680977722
625995082
474813486
471543825
214173729
257958282
520619575
344554409
438893912
103683450
92094628
31777607
262756581
7858146
284120775
235001999
373358195
261032357
318311777
407508522
68829701
489053140
220127267
634032229
225007141
722472250
231809174
26720093
385664973
55711745
89749593
216542511
723959983
479801545
45075101
102625601
321082110
72406112
48366200
273843062
281281259
150322273
268748142
826998370
658148131
563044915
580054055
435158604
72659393
845270298
211512264
547710939
273772738
241056557
684078649
139879595
416039913
118272905
215225762
367996162
536008840
168187641
109572537
176574214
526843243
196681923
194937948
254549107
811556553
117495171
235542452
143046063
42870378
665251881
406539127
307593519
568627315
848039661
651150215
265743620
192297811
456259212
271025679
758793362
420382308
325473189
706001382
57126597
60216237
4789284
36482164
167014882
322926533
557662315
56893351
93551821
53809066
416269815
789419416
13542024
174956303
316935323
332484238
217309822
190006961
473242068
953120748
107601766
254326195
651724084
825328282
700709322
75741153
625112099
342522676
144200566
433764361
570773682
142256157
349356479
875573353
365211779
111302436
482231796
338700384
873907270
328280271
530013737
651323428
685586244
173355481
355241960
93701929
287830982
145614488
529693652
778207930
201627019
218316740
350556950
289517438
396709309
294394145
384925041
56073379
520586126
354018333
372761433
266312884
86046586
157266302
306356855
390922514
529573059
2991930
254745884
422284719
831635185
169294645
523324393
463466412
816423068
32606841
376950650
380457393
967309860
564431101
180565088
195183729
264242030
431033659
520610583
89493375
308319854
655411998
191940396
716112445
73391927
318482973
578536206
921308718
216685591
554406079
461277100
82186131
837669031
729966552
480043744
231323003
262776367
34478024
531940117
454432674
679938466
445265997
388471557
447326701
256804883
160926798
721093756
347709747
890875515
275382524
680369414
55032382
42667181
96329249
252267077
336044632
614103710
316342286
433392790
96008458
453357304
117810456
10049742
573884151
564554161
162782181
884760802
834436168
304624942
37426266
266510626
522837126
8694410
507463034
237622584
724799508
582095868
136493136
3252585
149380499
557390654
43642235
179580240
523400777
51266077
157808595
534331287
626953816
227333704
1020306520
339359678
151797026
249631054
114952008
266203102
123924183
2261654
856031802
644337213
78981215
893719366
149235376
647648376
379652769
667936326
241858301
132492952
781104114
528108742
81762719
96990636
413714480
382803645
224786505
451823651
568228585
237175066
228872508
865623790
173254325
85467554
990803043
104362781
70616575
389219611
497343017
196823650
75634148
712113281
433807637
1021385755
33035209
417910190
597457307
122060699
242355875
43911668
199327475
205211165
658816178
236602787
80513580
203921379
104407838
278144945
533482511
699983178
22652894
61197443
500429251
378619139
733101455
64207741
126366961
763874606
574032716
121712703
38589318
582643522
375763825
152843726
471558948
154023448
192205509
894618550
1232804
157269084
406887379
144190032
333390952
405792088
72211079
148803598
233269835
575010050
835710699
98792595
517198088
253636023
126331252
767473376
501627500
169792688
105857812
153516248
481538986
245652679
214794866
137302036
295066318
670297785
71254207
413787347
263300330
258991133
579864353
273614354
73848516
272078045
259245612
259997970
219383957
363485474
367994078
527751773
545779645
432936317
798881553
415046825
328873115
898934872
7750483
81918666
22139691
678140412
217238885
745381921
804672712
320036960
137304868
151366457
37736749
24402760
230323107
230750044
327126424
740283377
222750808
45246440
453227200
16842491
882637217
39613295
808008719
403993843
32971501
122878535
555187182
714930820
122337911
350367883
219118856
267971152
18946513
432064741
201131757
885741581
72704652
54567230
31204724
367158557
474084900
534032516
51851416
409269986
170711350
136310120
341310675
115867401
128259827
2403570
700291663
324508728
415407833
505428714
185945001
135248403
579748963
294859989
407180764
313877770
456421493
135211815
183387858
60048917
287639067
387597763
209003979
181327223
822797029
141891862
356195905
540173834
59638484
587840226
360966288
500738056
379348347
30694098
631664506
543076541
98906908
816138560
74652994
345232706
580377087
335756775
46206720
203308394
460182736
40807555
555408998
680463746
615868142
225412262
73559269
227906276
17511168
408066244
180338169
198680240
206648853
217015254
390211203
677020775
940754670
590436271
20469651
229642504
97306531
110880954
15315054
213530215
45812339
222281314
567749319
329156718
328576916
356193169
114804834
647034718
417176093
398013391
54581608
141499532
471158877
118774422
253620925
650308334
110893999
293640389
183602214
330228387
99415159
428751564
140607629
523828780
89821438
457889488
142486116
980692462
812693321
403230774
353633447
187108902
934977856
300470512
629620264
5169120
55483356
764518238
323389933
868340346
721484167
413369941
38421628
720017067
57544589
33602838
260275674
748293666
805941370
536095706
1000595346
55482777
100031900
202813897
253113036
273747930
490768802
448092127
195183084
147539640
140641299
671080625
791179465
288723133
654256487
77961481
245296020
468708971
161873685
207620129
545205880
868742050
567409124
383855182
368866899
58488290
345637604
55553316
312579828
850606236
126743391
203994971
451411863
405519494
20857648
911625718
27578845
207457015
101004500
353909707
299723551
135180073
244512030
492319918
765242043
53043909
372985190
506231456
357983755
119437269
753137086
30149393
630071657
431434028
869282180
463715256
947580339
29590271
163350495
723672046
46622190
867650721
465499931
179617075
70847329
302940792
952422427
745040241
773232537
577133767
919844740
203815181
672075838
639089749
673042702
140315225
134876279
74528607
422776457
412012399
14952148
502209296
73887408
550014546
307316682
878839822
666352495
423993558
342533075
344411137
246011697
715336424
17896448
224134788
221568005
223191982
28238361
714561848
319732202
829598429
133091996
487878497
374971654
325432113
131190918
84490711
536645815
65031954
49530452
46137477
46102409
565314628
626591988
776963968
617887183
317996751
421635173
371204888
481068791
391832410
753572994
44847019
248959841
497856343
53658761
56725218
556541745
1007796321
312524586
220398282
530169102
463884212
705448024
690359248
402727610
166933545
24952897
19814659
434548244
113868867
663330259
163680989
469280727
31742324
15640843
546824818
132843894
327494624
154907201
567362940
99122434
1032211160
294668129
214767233
126510100
536490587
514732132
640026435
400420107
167770230
676672389
223926919
86806259
143118208
165080426
469263339
695916010
267586554
461318228
81745735
556344890
869822046
104460223
263613046
607097736
876895597
358294326
510985768
409380433
62029652
662483983
649993490
386504291
600103051
7603028
388718974
241901078
109421903
199392335
436227270
17924031
130335896
189865022
228910883
578673672
396059849
354235793
223474445
970024036
518819006
669718493
768878301
196159514
441657568
29036243
141201575
380101127
79951455
357510955
344843597
310089698
233577073
49762629
274149613
286998995
721178138
115793912
68006017
455219305
54992693
224116732
28138723
501769413
927945415
985012732
270873494
426098135
674285263
242179105
64858060
98681436
56953314
346049020
72162723
893006536
600521446
541491729
190706628
423103942
675062223
361240412
185911456
399596021
205299882
426287789
488757558
25478838
378288594
825450039
530275586
137776303
188839009
359078163
576665728
1013197826
79687425
89665916
202014152
484787252
59391059
294703124
296937911
176903002
22912866
580037837
476057388
644094198
431770380
337932436
645622475
101204225
339289782
433652193
626408395
847239426
209513077
375116822
809667385
344064625
112439003
37487989
206567948
98584100
122832186
550271521
448730726
229484660
671231882
833970431
19191041
409435150
961288
149679424
248540546
142589562
278737059
59474597
133093780
20686893
242355299
434910181
192990038
558533519
465624036
369623158
144875157
438511848
64286239
714472917
185739230
432775149
525482313
437117586
350627479
312938873
68650856
294069437
226248223
4823117
282702031
147818081
816299239
159810032
616731596
133094933
373175938
761776886
269559148
240670930
157147908
32066356
448062318
160898106
539621274
442395744
294304753
31146199
454311300
310537910
165467367
334247643
30694024
20884701
456417200
80227087
555674668
442039886
404688754
693976463
790078992
535795455
161993232
933615080
527649239
328425329
775401581
613307162
29828639
541998868
78508720
443712963
2181374
514590449
92554779
40428902
148132430
84431120
323937678
868944915
269638724
477682225
82640629
405999982
619445415
99313189
567133837
483647664
88298231
796704793
965693912
95886840
441840670
333781434
145128268
18910899
195433394
409773606
425122298
300970944
614913551
213441436
552385118
981059825
678724356
444485287
308512140
242578811
499027886
956858868
752328968
20757448
284098087
154180605
151567368
249050729
98343446
75946021
212300108
176226033
370651694
685135480
186637332
201416960
167649251
341516830
3653417
60522535
604155942
398315643
29182809
411275437
722617698
656913150
148974799
595045698
127891911
813281565
260689111
281379179
6583953
806352983
63128081
83417694
189671484
253119948
588580872
789657682
28695507
209512132
454482720
271548799
191531669
83135831
109005122
101447675
387429093
739851902
214691530
72390298
604368020
78853962
22990629
595010121
188234437
517253860
269511644
205793089
68729086
712632237
870913130
412199585
32342263
466124093
5848464
302147131
660527877
258854817
454424556
102604507
26723151
554555304
167405836
323055736
100269225
596085206
287137074
385469635
361516833
76249082
109326099
46749121
498280870
271651971
89461597
182524904
350892975
498967350
283958454
216683676
40811936
816766205
656576104
329857832
557010143
72705990
321469390
555949543
343695311
175975850
120144131
653941333
161061397
158097469
744886276
63714737
115251551
26274738
551894299
567855425
551378928
111395179
503734808
326004096
269527121
187728452
749218081
308010068
73006617
626165916
689040010
96379107
549933144
79285802
428520014
905331459
447476811
20422771
641138548
556450785
731861061
416592792
101157356
442635928
212094976
170078135
325324221
276641378
760646581
57454418
44418079
221930664
73598822
169528109
436320272
649732867
62065402
490604635
585311684
126192429
305173238
379632052
49403796
696504482
196580136
122857504
414398
560127353
655970484
295438643
415299490
51043868
485254682
183584555
408388965
216411837
107190068
15924614
648272465
88617101
343312792
196846271
50540349
273265974
812801673
904377594
693546443
206649982
77014742
911685709
251103348
348020800
423820736
217197449
847690334
636590438
947182968
445778049
213188815
236429350
203556390
164606471
463304963
87232193
393069190
242119763
122639852
266672267
753645999
317701553
487259767
391786045
559230727
265627313
75907751
3790017
79301014
148113689
487581907
131508521
1124711
463269557
332278373
256886476
214368395
471387708
8910688
152165607
36968832
275477077
390553424
61920612
435316353
714998512
656354624
27531749
51293821
228720525
725816444
38527934
423180926
101311107
227414083
108181734
127223456
852093462
567491279
627166920
183555846
40601404
621990508
413337802
286757075
79175816
348149997
506624600
389724546
498570154
593428204
630136030
221653257
812248978
761794869
567073823
12399209
894983057
148501302
604061820
596188978
450992690
773540378
436911907
33415700
104477341
210493430
56688956
143328190
796285281
60304387
122587455
61360310
672583899
13990401
159589874
110104276
569288496
202198219
181637353
280173683
488813436
286365425
2711494
152508701
47885991
28194532
632547809
187476291
786202676
323885582
738044890
274818886
901532462
69755154
59714804
423091647
151018697
825520124
725962051
708913664
51719715
936905348
163114404
22323182
832555851
351917526
304185833
69026694
396857725
163195989
266545368
679618612
128481666
151601079
164178037
481628971
500234918
525168263
922476448
832244012
375284633
706696739
374470721
147833238
248020085
122525810
544764113
619856064
12372625
405233242
394991856
621780611
232671814
289617232
279810675
711180609
789009641
127067484
496944858
588511792
238604151
22844844
695138297
495534301
453216339
569027740
204326606
474986177
642253903
268768288
320877760
295556360
358803039
173326826
505275715
809168016
153973438
769623014
299862344
76702202
526655012
187753836
179995887
448787104
155979593
198202122
17839510
745093194
5051652
302796397
744905916
369680930
182865311
879549930
636103210
306396493
255526444
606151099
22482504
51629843
428246390
661181928
424367410
488760954
141979684
142070063
118463438
96640174
257792541
212535752
498161258
148693709
83161304
19984587
297383405
364039777
476547529
438254776
60731237
796030730
73685567
139008726
539004735
212867835
372361907
515656200
475463511
177173271
419972670
61681455
914901273
607572035
114863576
115302054
310016954
926480918
463762064
84571926
572740912
503174477
128906590
181039967
337787249
499643903
279982899
404103603
67851981
312696573
275053907
663815446
732201357
295362609
66862098
98430047
56577829
301175661
94790789
617188027
539259347
378958358
85133660
897052408
187543276
156460679
254306370
649513514
33259874
725797075
170197964
277786468
197984823
202782128
424505427
362765377
214702690
462436735
13532392
40450367
281446996
586533975
596770248
433328011
55907722
234328038
228094504
371082654
496608900
666429629
48385479
374130765
572919132
264311601
717712821
380798617
157250668
764692636
302956307
720384787
345726914
81125790
65600712
599817543
348103662
675322222
629275397
111776146
242664198
689889196
388084848
697593493
892699218
442940275
377075382
689227016
192519081
475413135
27394754
126087042
225186427
635731979
549757566
402376618
284118803
64597515
324008099
1017086580
735185043
434702068
263255848
459804960
736666498
31497858
645638889
73811737
712981933
553364447
944695679
714556035
25239171
56787575
665896015
397195430
342696958
44123490
313711473
235857153
652920176
168901864
517875188
693735449
708132813
126247380
171833686
284462321
471609525
924185880
214484588
820971356
383811624
422192468
380390564
360747959
344664305
245627054
819421291
116645329
622678535
597663758
810941392
364426865
49708679
63507865
27774103
230788495
41781778
964604
26228529
143769352
70263706
743597826
263160477
443089837
85107833
824192184
199160896
380577850
628954467
215758282
353952158
66205893
733149602
292767021
173511405
235788412
40929555
262855284
475900386
64596028
309062303
53031389
104067722
624166047
418487852
145100384
426403405
157213143
109483294
855913594
37523490
563518631
297380045
627582439
89898335
167848481
109168166
299265779
398160389
375857412
775940694
31350102
374794882
594044830
278611113
186109095
26313795
631752598
346942657
865503510
301503256
202135860
468273933
339618556
496831397
171962641
480099897
263871805
307284560
143517352
108417955
180268663
515511568
321712056
105430217
233090418
422924148
545440179
822813072
771196132
727840983
87490514
315455112
119602420
974783575
725370089
102875978
751580588
248510676
389633789
158851215
70945684
457011596
649634693
52790331
113084736
18738256
700876143
883906768
443830928
193452655
272428532
353062065
24526004
23757571
63856470
48663623
508390952
112210344
622792205
611235467
310153647
240478540
281762319
56222612
635913719
62602919
101388957
176100955
501147025
406393026
915785775
152653791
919145060
37671336
547974134
364706737
201375213
180660410
28022744
361268986
615699821
301036684
284457080
128876171
593548133
651490916
241296451
743760424
46457821
265725628
11999748
945617644
261188271
553086660
297339497
629333603
272227692
438886029
448742378
34323468
537906217
164706078
492349173
742968802
121698238
104840029
632655250
87176020
504754903
344121095
621293069
76678273
114126846
6898466
336802350
41188211
165463183
104978459
737582032
39954861
637931527
239287416
677624379
603756193
102524332
353459585
457313679
167704351
324817633
344808388
425108994
365513893
331705723
97406772
171734589
295599792
597403006
271800664
563226023
441976631
32328441
825587795
174894518
46348946
318500213
108526909
178595362
335327434
47491441
396370163
434137451
436157817
520338698
187685819
14102966
209353558
74869559
402991669
733348247
263913919
40816766
131204802
342720069
320371559
768876885
281946184
254986266
625548644
185316345
100569585
333725702
592213790
465888325
52463933
520793734
747899860
906123117
151663584
852542001
1054566204
135963699
464784238
339547966
540093224
553282582
778762827
5350231
787788389
616901216
186817203
292067920
6719138
644164779
50942469
194481083
38674338
14380817
328030880
419058867
529547709
19659305
963081895
341643963
632712200
949105552
299061591
62059079
461063520
292118395
135134640
447414807
476917659
17898320
389961530
363184039
619165052
69927624
6723162
264649280
221839666
457540590
402583746
302746682
877842671
721865583
142768001
123428634
77750705
499148121
60222717
689862746
626962683
173626865
270559139
214297684
284333041
696360540
108889070
914021112
21719761
564502602
391628723
926791625
559023016
67366834
361597494
686728837
312331505
564588321
939156885
287249360
687564998
14130630
372711727
339749968
368828735
33351983
86546831
385849387
184744743
132450032
287185951
542687119
619166622
196412155
283452842
449892738
197175113
260815783
680776094
512541341
13208331
430536322
783351310
195795104
308471846
576126856
1024520402
777785556
537601935
129640774
659661466
71869094
662071484
927708789
503174561
20524785
172163338
219504720
592321244
448253221
171707906
130852488
621982335
336883422
409732990
103753643
256868436
358550301
271562492
357317826
389865295
541736235
652154496
622676987
79463517
813300082
654454502
188878588
3414476
152640181
715791006
150100302
304714333
327017563
297408436
405025080
779932080
824644764
410010448
864682144
436802186
911015848
580766389
359250862
349430232
725222563
337655497
41520558
44221940
449950486
42744588
76008359
99222837
807824309
604815043
527016048
717721736
377895983
245478408
225144346
774915077
518252724
706612695
303417300
36873876
97424639
530582496
975779847
157109048
80249577
306908574
325511698
612504059
2421297
914650620
164067568
590944288
379557823
460818762
564279623
735614739
201122692
96608091
11586975
787962341
468518353
593147983
132722308
195277648
546560029
219459651
842764644
125068903
268183885
514297488
140835321
288293110
575952283
328539848
857385105
18129572
592963738
57331321
269415032
533713659
183048739
75531319
91092560
300993681
470613105
651437486
151327402
101205927
201503600
1974675
677672254
99516996
32392681
269775910
285862739
253613306
399518771
618459644
264607639
245129189
67173385
261241024
168147403
1006719009
595667883
121018954
210494688
251779708
66981540
371741349
316878978
896245455
62942111
65192838
442636880
634438513
602853819
190333214
143210527
863685498
