10245
35248
27702
12575
6014
24768
6622
16595
8872
14298
3886
7669
22733
54480
7746
11977
38523
38693
9980
19053
33156
20233
6525
37073
16293
21681
16481
7287
21959
2567
18020
25877
8877
11003
2719
2191
10691
13326
37487
36516
1262
8283
11656
14201
8528
18836
33637
56768
52030
10409
19249
14861
52726
8016
2850
21511
8711
1722
10882
12102
6117
28306
25388
55972
7522
22338
12721
13368
28623
17758
26834
26102
3748
6164
42471
17148
20303
37305
31893
24383
7586
39454
14898
1546
35110
14909
63412
18329
20096
43756
16902
5373
14139
28203
6298
1025
15195
17444
61156
48818
11619
22589
35983
21794
3093
17126
7171
6377
18468
18843
55231
6534
30650
2090
3568
33842
27692
10714
13391
9573
17284
33575
25848
36059
26766
20550
25002
53321
4176
1853
5490
11003
6467
13008
5798
51078
31807
46939
3987
13326
12899
59448
4340
17187
4571
26973
34988
5421
25348
30669
8440
5189
9752
25192
97
23670
4464
3345
11339
28001
18852
28544
52246
43739
32694
10571
10641
14379
39876
31426
30221
21861
26056
12242
9130
6921
26952
26269
12882
12852
8230
35096
16420
9164
28058
8251
34432
39619
20042
15964
886
22724
6107
49650
13476
1377
36402
15476
29913
78
33709
62558
30633
18730
36298
2600
5092
42380
43185
25390
41628
8361
39250
138
20521
22056
11343
43843
6137
16123
5438
20519
13084
51067
24088
20313
27247
1731
7286
499
15585
23746
3723
29903
18531
9672
31602
19160
39832
29520
45634
13928
24373
15942
45641
11165
6475
4247
57515
7821
1761
323
62028
6095
6739
47870
58971
12473
30355
4397
20575
35839
41558
30654
22016
1892
48401
35384
27718
30108
11899
1044
3886
13003
32814
9205
36237
15640
3259
38926
26547
49348
17057
39850
24867
9448
17538
26250
42600
23796
38607
19831
29483
11606
20883
24353
14207
34250
53268
8095
29181
23250
13484
17184
4697
19812
25328
21235
23450
21982
12236
18288
2087
30064
5289
5958
37888
43877
9445
2806
9160
33403
13145
2842
54604
28143
2433
62753
7156
15793
686
58440
21230
30978
19926
17433
13329
49213
24597
2595
545
15861
7571
4875
6374
1200
15828
41135
42957
5974
21480
5446
45913
18019
38164
25206
4385
28701
11104
9316
4734
19080
33750
40132
1989
20549
13418
32495
8211
12063
2236
21008
44453
15539
6835
3365
20765
25844
12572
19675
38510
9794
11668
11025
9671
8885
29862
17330
58650
30403
1172
204
20375
12736
12667
16945
100
34987
40428
24454
24130
589
39695
23970
17315
23292
54902
14615
29007
23122
25228
6786
7035
7255
23703
28361
43607
17394
5649
7907
12126
18546
21948
47772
37880
12497
1357
2159
10666
2901
61958
44848
33206
18927
35946
39665
19451
2149
12111
42822
34846
8295
991
42278
4270
7233
3530
13926
15055
10840
59454
6235
8386
9568
38740
21557
13737
7478
36236
10484
17793
14791
34148
32748
5959
40029
41376
34242
48483
2126
7376
43387
38820
32547
12
7213
478
10965
2288
8632
659
4817
4201
8954
1711
56618
9081
15493
1495
8445
34747
10126
14567
2047
2542
46696
10654
1105
18277
47470
15376
28620
36479
30132
25538
12527
5791
43044
18139
8304
2507
35726
17380
20140
8941
5948
19497
30801
47314
58351
264
18190
40335
12202
335
15348
3092
4027
2922
3012
39773
2685
56269
2053
25460
4872
15356
44811
19277
35761
27848
15905
34379
51846
40377
38557
32716
18851
7653
719
8333
15340
33454
38729
48777
4948
28265
10064
5162
36830
42837
39787
1197
37161
23392
13918
39761
23599
1184
12446
36859
7315
27193
53387
34760
31305
6392
24838
33951
23265
15939
32011
30724
28324
46697
5013
33241
21472
4280
19036
38343
20083
23096
21432
7231
8683
9436
31556
13031
41294
16787
7452
8789
39250
57260
8440
26766
11289
9901
10617
4270
50625
536
5886
7875
31291
45681
17242
48677
51040
28997
6373
47067
8675
2419
7310
9266
14997
2391
22882
1029
6064
26509
30511
3294
25982
25245
40786
11542
11904
18520
4794
6106
36330
3370
5095
16611
20557
9504
41299
27999
47741
31810
6527
7003
54279
4428
12283
62178
1204
20378
7867
13042
281
54529
14298
32782
2124
24059
30953
1259
27215
13318
39458
13878
2949
6776
15931
10005
14351
2327
925
21394
36327
10505
4890
703
20402
35690
30947
18183
17340
14855
18217
24252
25236
18024
34820
8568
38468
40090
17653
20628
20332
29704
4926
17451
16489
2093
34780
42200
13898
43351
7604
13296
56685
7838
24030
11867
23318
21343
164
38554
32683
34237
14848
1863
15851
4394
26892
22090
13110
52399
20380
11044
28417
26961
5150
40064
25192
46668
10352
17018
22582
9944
19655
39622
42174
7391
15639
7558
26994
2146
37970
25097
7329
47145
24503
7944
8008
29527
5494
13190
193
3066
15885
43348
33548
24189
9320
42113
2066
38461
17208
4566
6953
30895
20786
44264
23792
48475
21526
24363
59183
26556
5977
53887
9231
3855
26935
14364
33222
31669
25991
55966
12755
35171
39650
4363
31334
30629
24056
19629
3438
34032
30197
5536
32165
21593
6493
12264
15863
28907
19238
9784
30879
3402
18057
17118
10556
28171
54882
50539
5746
43371
498
16923
24377
12047
36808
21513
9125
16709
18368
45050
2988
262
41413
4018
3409
22401
17112
50454
4133
9391
51668
9291
6124
16145
9550
40231
4735
23328
34535
62927
1302
332
15288
10690
42274
34227
27605
8100
13885
27490
18
25816
18220
1766
18924
15372
43924
44187
24326
1590
6633
19294
14975
5305
14928
28771
19023
20824
8073
1844
43736
35617
29613
8226
6965
3707
17911
5879
40408
5706
50030
39101
44038
5622
13832
24873
20864
5355
5436
59018
14589
20463
6413
16296
4527
47079
4138
22863
15795
23734
46527
1709
22687
1205
15792
26201
4332
1709
13138
43817
42848
29877
26126
34122
12442
57240
42433
9272
119
23663
4036
27758
18978
1725
3026
20529
56039
44977
40800
58766
18564
42829
9117
49868
55516
8917
26138
7884
30013
9203
9221
4993
6061
25962
22538
27071
7058
21649
22074
29255
13562
43518
26535
21905
46758
1903
18861
49028
8934
1786
20051
17177
5725
3638
12137
28786
23120
13401
19465
16818
9013
33049
8091
27813
10781
2035
18764
46968
11186
7091
51602
13717
26266
16328
22867
23435
54059
3271
15907
54117
3080
33622
10075
7485
25746
3310
4274
24788
48779
14453
2316
1413
18074
46757
8392
5389
51303
51069
8501
14856
6386
5721
24998
34530
3249
19531
21346
22880
18888
20631
20669
15536
9458
19431
19746
12288
3875
14241
8680
24686
2332
901
52373
9972
14644
5849
3592
628
16037
2940
753
25544
46160
12222
3336
12426
5551
22012
32956
25646
15440
18528
7532
18872
35764
13164
32005
8749
4329
7983
1079
9122
40952
13016
52882
20368
50786
24053
2424
40000
13107
483
3118
29491
6651
18659
26703
6730
17206
30840
7286
32337
22183
8495
40035
15052
10864
8709
19578
49730
3208
8921
21877
1853
52223
27214
60102
58126
4528
26856
16227
6520
31028
28198
22626
261
1224
3817
5919
4030
13230
23890
3675
9427
26762
15677
4627
18794
185
1716
7275
50268
5661
31777
15604
16668
18605
4380
22492
41032
63196
7551
42867
30364
7666
23384
12
22856
37905
23035
7691
13830
22639
48118
14981
8646
33074
6609
15747
18411
22493
20196
3295
31985
10668
15307
40459
3394
45197
35273
20154
144
979
30248
42486
49278
11870
29875
17384
37265
40540
3182
3071
2048
11062
40790
6713
4263
29083
8899
34683
1750
4712
14129
26712
17527
5393
41202
31102
26150
36425
6608
36146
26101
37649
3736
20081
8712
25931
9793
58961
11562
27777
27270
22325
18622
33724
24869
15956
39208
18248
3815
10249
14417
54773
50439
17852
11902
42138
33732
457
6680
28412
15608
46794
49122
38823
25288
46618
21745
4523
4166
22659
11276
28440
3246
55459
6501
17104
26353
18436
13455
29242
53901
45013
5390
44360
31022
14605
16335
14209
21882
29536
9051
25442
26283
36880
53846
7738
37320
1819
2505
9214
20624
2304
5520
30912
18452
44531
11978
20395
7729
10819
38602
22647
11842
4773
1405
17744
21135
4392
6686
33358
47014
43654
22644
3375
557
8143
12148
43669
12918
61968
22487
48340
10570
36345
26023
50605
24997
3154
18735
11384
15439
45557
42976
23730
13922
9479
4904
381
14284
8934
12653
558
2244
14350
3887
1274
4366
62836
22993
17508
48626
21528
25762
11880
38663
23961
4710
23041
7340
21528
57310
9399
4981
30753
52436
18861
2498
7028
5758
7106
36994
13940
28813
27144
16505
10127
44615
40270
12037
20464
1827
27698
3440
24128
23998
11944
9202
38400
31546
19671
18953
36717
16748
21762
8496
842
16100
23914
470
31446
12998
7025
34176
37262
26240
16447
30189
26477
38
9582
11962
40774
57201
52277
25488
9640
9774
45112
23314
2383
10642
4164
35309
7283
51453
25667
1640
26466
31338
12567
6652
37937
30242
14358
4077
2417
27393
8126
15399
1004
25273
949
52658
20048
8303
24225
34774
8118
2158
21702
1036
34088
17873
4125
18729
10570
27610
967
18283
21329
25214
46671
32196
49820
45243
12155
39239
2279
32167
24917
1414
8060
16299
17423
14156
15270
35772
3734
31897
25153
47210
50336
14785
16159
21279
16111
34052
6851
8217
12196
10458
32675
17809
31588
54389
54810
7958
32656
1166
15500
47626
21404
4910
21979
38950
2958
6280
50952
6048
1343
39830
16551
22664
20483
4671
22983
16662
16232
4580
25924
7889
1053
16906
53149
41581
45389
2209
21554
22918
34557
822
49359
4143
19751
17958
54622
36137
19239
15732
36568
32419
15792
39862
49906
14636
26842
32546
22445
1903
17392
31910
5413
57400
47707
22184
28010
26293
35737
37311
2914
15061
30605
6383
21658
16611
21350
28080
20693
8543
12763
21706
24
21093
20891
24463
36466
45680
28756
3974
2982
14260
9933
3514
16593
2446
35639
48290
27812
20940
59490
26441
5180
8604
54060
6704
43201
9755
17794
51511
7423
9644
41152
12979
18278
4614
34099
4059
20097
11326
40977
12889
8732
18868
21940
29777
28679
29389
7208
27291
26527
43095
34839
38443
35301
47369
11100
22343
18723
17189
21322
17698
20737
17291
2975
6979
11818
6423
25096
6731
11180
16799
17708
7968
37106
35216
7540
36899
84
22886
15864
8963
5967
232
55878
43841
9874
605
14120
14428
1959
12228
41361
15367
25238
5674
51787
28441
51834
47027
17969
22416
33617
8991
20748
23257
27375
25835
24919
32751
14568
43903
21305
10877
35059
42648
29715
34274
28753
9011
33916
21516
35424
17789
7722
17931
21366
38398
25349
37702
6730
601
34126
40885
296
18441
12066
25189
8033
15562
28735
6659
42073
20554
13131
3850
562
9149
36544
26937
2301
21271
3739
42345
8487
39489
43002
51082
50981
43957
34560
23206
4925
6399
8813
18778
25489
24205
42404
23342
16146
27800
41693
11343
9090
1076
7397
28273
4724
39475
58752
12071
17109
7434
30806
55644
28508
1464
53837
23439
29500
8151
2764
8212
8144
10997
7951
24814
38301
48747
5157
28119
19176
40904
12872
42646
43490
4208
39850
8619
1563
9143
4539
17949
957
37649
35110
14656
8277
15365
17521
26505
28235
2741
1047
3343
31662
32199
13120
10582
1773
21475
8618
12624
24740
17987
2915
29647
8943
39924
15932
17902
29393
18399
1206
28445
10079
9892
2687
13570
42610
10012
46227
20349
13046
5243
19585
34648
14486
24139
3490
28470
13973
15014
25155
10030
3501
17150
13566
53932
10626
53119
26313
47550
5331
7629
46668
20871
5100
57507
20272
7354
17272
48244
33797
42687
2969
15927
34493
20504
38856
30222
31713
33913
6865
52282
45788
46281
21959
30834
435
4901
18354
17586
53117
16131
18629
2287
25741
26169
13914
13373
21038
52412
15077
8559
29035
13084
30441
51506
33580
28615
39184
1820
2720
43380
8988
20156
3898
42699
46308
33581
23890
43043
33330
20085
1996
20466
16870
1709
25336
546
40053
35881
12698
20742
36967
25607
7495
7504
26227
18335
24219
23914
9322
4496
16219
38197
16135
11691
36544
32518
23861
662
5990
53951
18632
25173
1280
15683
55693
34209
7928
20400
14156
4243
10234
41569
30848
8800
3404
855
28087
34830
2508
16926
29008
30847
27573
29404
11243
30062
39048
3270
7403
19082
25423
41755
22058
7052
54566
33498
21093
14026
28339
2424
9678
23700
54784
11035
12918
19951
35305
17998
34723
11446
14140
1941
13462
14405
7879
4601
32940
51471
52178
47182
12899
3174
21013
6320
18117
46423
43249
11051
55847
19361
39998
1662
40353
1889
14480
53953
3094
39624
5455
46473
10728
28166
1179
39533
1418
25297
36902
10646
58053
48312
2424
3137
10778
11391
497
30882
43194
38883
24582
29025
647
50198
17250
1922
59536
5446
16347
8577
23687
10969
23876
2666
4120
18445
2065
818
13803
38483
4950
2412
43262
17187
48980
49082
30233
40798
32012
29592
821
21625
3386
22145
1364
12744
37661
17448
17470
39597
22478
43061
37803
26307
26636
25547
17935
6228
6780
8594
1040
9501
47088
15940
23649
10366
8622
5426
56246
32103
36273
34035
12762
7361
8256
41685
25639
23261
47158
55285
40764
18030
4167
12990
51525
1736
25002
5188
40930
10193
20733
17115
14796
41016
3108
9692
21194
10647
3422
22026
23469
22696
38659
1008
36739
19928
29881
9936
37227
51827
25240
20279
33208
5855
10108
50141
54122
11513
15269
3224
21413
36994
12175
34732
4845
8524
21046
38779
13107
28592
30585
14393
8235
40770
1810
11061
12106
404
36436
11598
26345
21080
29571
15881
14618
7685
3948
20264
14595
47425
56281
35015
441
14140
964
1730
10834
23598
6901
16276
12107
14202
2746
20683
15559
2958
12889
14851
34421
38527
27354
2479
29247
50051
34885
1561
11181
6201
3024
30051
14564
23188
10246
20392
2721
19416
55482
16645
58960
33535
10921
91
39629
36969
16036
16778
37032
3320
1753
5130
17855
25460
23261
16159
55340
13277
12031
12542
44474
27323
25593
18503
4517
20623
13972
17218
2490
17566
5094
28286
18544
42835
47925
13301
18071
21978
14408
29806
6196
23531
47428
24512
29856
45279
1711
8080
8729
31393
36220
51342
37590
13948
3502
6887
28231
43735
3852
7416
5204
48503
6291
8994
44042
61884
1889
33013
25337
653
42308
20896
14210
18674
3676
41952
30840
51583
12693
49761
23111
2401
18971
23017
20749
9315
27168
2521
4955
26579
48965
25338
6983
38068
34047
2738
4853
1661
3202
1703
2430
12380
1252
15550
35561
33334
58474
33952
32390
51162
37802
15736
37059
16814
2063
2164
34451
8402
21565
21378
9718
16591
6448
394
7613
46677
31354
26031
8912
21881
24250
21440
55801
2711
7734
57607
13151
12390
40157
16131
33069
39213
7811
22492
46179
22572
2268
28822
2364
35229
15591
24718
30315
37900
23782
44605
61817
29619
5647
17365
47797
487
45233
375
13874
20577
3941
19757
12145
55229
17475
11357
28651
32794
7266
13061
17925
19373
46801
842
9350
34020
2275
7395
34327
25538
33519
23186
37684
17856
14019
10966
44208
33959
5254
23654
5439
46718
5289
31364
3988
6878
2835
21851
37889
6788
17500
18734
27625
10511
52447
612
6992
261
12564
29644
60123
15849
31327
36320
14025
31254
38120
50893
19026
21911
52622
19908
8646
23215
30131
3739
19907
24171
1049
26696
55559
13559
26040
22718
17737
178
16350
5290
26534
4767
5404
41708
30210
21546
32753
25189
24148
25431
16422
35367
27563
11324
30586
47013
6778
50267
18574
5744
1747
17320
9324
11637
44269
11503
19301
17505
7983
16947
10556
11666
4136
13523
4071
22356
23566
38649
3857
51135
11002
2302
30484
23426
1230
1030
10112
26740
10892
6175
2392
3771
28871
22412
1333
25015
39397
34375
47374
6468
24683
22171
10838
35605
12950
3389
20057
18612
20385
6892
19829
19588
42853
6111
12755
3227
22474
4990
27225
21767
4727
3901
7336
1837
3367
49388
27078
27399
12924
37677
20141
22138
13945
2473
26357
13231
25831
17220
48325
15951
47723
29789
13465
11350
6024
2343
39134
25645
2439
8134
18484
2996
56983
25475
48473
20951
15739
20328
25887
9426
21580
31322
13004
3214
49721
40021
20206
16929
32293
33181
36113
27987
6734
46886
9002
3293
8720
12684
8758
12156
4311
1743
29906
33223
46626
9003
4308
20288
50477
10627
17875
9452
42437
25592
29809
1771
6469
17143
57802
14495
17277
23439
3660
59226
11583
23969
15686
11372
19582
8515
23615
26127
33423
33541
6085
20252
8864
11667
21802
32850
2519
12508
614
2460
4227
15536
3433
5844
52765
16942
7275
8387
21400
30734
53977
36209
3810
7697
12915
41719
14963
30046
10802
834
6063
9206
7356
28077
4736
36575
29150
30286
15360
3258
24772
42564
13753
43777
982
243
24159
11786
21646
55847
44280
10773
40444
22
22373
24357
28396
11277
41073
17784
16594
16302
16395
17562
20929
701
39738
10267
15163
35077
29169
28240
10793
11963
5700
17985
38797
8299
1829
12866
47356
13856
1521
16154
24565
11806
44683
1889
38153
23557
11618
10252
41588
18095
5680
42023
5051
9491
1177
4687
2354
54455
7632
56705
5205
13540
7604
3852
5627
13553
25107
11648
3791
26626
22493
11426
7835
53675
10889
8067
9990
11796
59983
24707
48296
38020
32308
8625
4884
22131
8516
21338
12666
6386
42295
5248
6189
12989
23551
22749
34493
31594
43711
8793
18251
28632
20167
19212
25689
6005
21330
21597
15855
21634
40478
41169
25500
25148
57019
14840
54298
5448
10125
45382
23358
2596
12713
6709
19866
21559
42219
48965
10630
797
25012
58390
54514
51096
13503
26012
10939
22427
45039
8808
6438
17039
3049
11683
11847
26655
24792
38098
4250
29128
14232
48962
50125
11451
20091
39119
1267
12729
25647
9708
44654
1292
8855
47566
2399
37792
26322
5031
10338
5260
59719
40093
57144
10540
37506
19498
35566
8410
22554
18229
13328
19432
16805
47828
4108
21311
2518
36506
15910
32354
59064
35226
42431
50983
7097
18993
41084
40288
12729
5616
56763
34070
36377
34542
41760
19920
44776
2679
38110
5402
48025
37108
61300
15511
2735
7822
10502
7042
13043
9156
16894
26498
62379
26646
40759
1347
41183
6385
10086
28127
46425
6979
12009
5040
26366
2042
31526
3415
16710
701
14475
30093
43441
21594
39437
26888
4257
7000
18513
54060
43713
1120
29078
20040
25539
18123
42749
53109
19609
27357
18259
2157
31300
18662
39846
9565
21553
4507
14818
6958
52777
3628
6528
13451
23515
53015
59013
13155
2856
3265
8831
47224
22769
52849
38613
5692
4934
16575
15840
17944
42294
7016
11304
20385
466
17505
38767
15495
8824
17871
32007
31068
31554
30026
22933
1667
23693
33233
2601
22775
9506
11760
4931
21368
52934
34
40759
16468
10143
15445
3474
37398
4233
22634
3096
48637
10295
3194
17817
18044
52717
26453
23804
4491
1713
41842
7112
25847
35523
54091
30232
47165
4229
58514
23710
39281
46449
62140
8082
18419
6594
26648
4017
30851
24387
22179
24101
22479
19659
9920
39897
58716
8165
18874
24609
35208
23242
3399
2075
6601
36656
1101
16853
9135
5956
24978
19952
41957
20548
13766
20837
46547
28978
5734
46113
46659
13146
40698
22453
5251
4515
7060
5600
8515
5019
11980
13050
29435
6499
48972
27383
21841
42569
39315
8852
41662
50798
10286
19661
1810
42313
31531
22371
17545
9686
11558
8692
41078
14957
41834
16417
18649
19755
43726
35024
14794
21575
9848
21890
16043
21464
7619
30698
12025
5895
22611
25008
26293
18761
37752
6061
1171
49619
1422
21362
27815
31290
3070
10091
27975
43878
20361
9131
38312
21151
31273
38
10466
14405
46476
12244
30028
8331
6930
50511
10843
3122
48163
14561
49428
11044
37174
26612
47120
11277
17207
44021
7666
59457
4588
5442
5006
28741
13491
56650
47734
15049
7040
4686
8283
29931
15264
36735
15223
24129
19076
29431
31472
5437
20543
12449
20929
25315
43716
19765
38161
11991
8063
28928
46567
4348
3765
8121
6905
16755
5365
25362
16104
8711
4075
58172
12083
41
9085
18394
1580
32377
32976
4320
27913
27191
10706
13990
8006
47753
7088
47994
22739
11491
16566
36513
13786
34114
13374
17884
37045
6430
11035
39879
46536
20253
56622
9973
32404
18974
17986
2180
35738
558
45152
34566
52
25318
12950
2403
38823
33450
39786
30093
26955
19483
56194
9576
31577
27514
16606
10738
9727
33115
44881
14176
21094
5430
6011
10978
26450
2489
28147
5213
12325
3570
14703
10080
38971
669
7426
8278
64279
50851
4824
16476
41416
34923
33298
3347
261
46720
23844
6912
53102
7626
6793
57566
1488
34248
38006
633
2633
41898
48198
31506
20749
22569
18065
1151
1475
2159
56676
45779
31579
8551
6874
7178
31448
16214
17927
382
17075
2703
20017
30837
36427
10205
43898
8401
35753
4037
36714
6195
5115
22897
30625
35105
579
55262
2493
23308
4664
44933
61782
37197
21697
55457
5793
27061
27590
22259
31724
46686
1399
5108
44440
2318
121
20011
42095
7129
3375
4946
18372
13249
65217
9968
3149
30256
6441
30707
6621
46010
19583
31216
16277
1272
15832
55898
2735
46485
21023
15418
7916
36669
12566
42567
24631
5722
18833
22776
3230
1229
43841
35780
35556
43529
4031
4575
19857
15721
33898
9880
12616
2309
19927
28459
38399
6129
31044
9398
3995
47319
1723
31489
2952
46464
18934
51461
40953
12475
10512
15693
22756
41512
20945
27446
1589
15199
18133
4270
55135
17911
15012
19433
31662
35012
17524
7817
39250
24964
3432
19477
19849
37774
38892
5444
50541
8034
8400
33029
28082
12133
1184
4436
34877
6731
913
11975
9960
10242
10530
20107
24793
7778
44835
3234
15880
23474
48679
10546
1103
20861
31530
51190
3439
18841
7082
3664
34616
10877
3552
32131
23984
25017
9391
12263
29162
28875
26265
34252
5671
30248
60846
28131
22044
14929
14634
22802
478
15990
2942
11403
36519
13033
6328
4772
58415
30083
9581
38244
4402
38739
30808
4567
16658
24932
45598
15159
14646
54300
2738
34461
51020
11852
31070
23755
22240
4945
42671
15345
25219
9693
49225
24507
1906
22982
11370
24235
58782
26081
20473
41279
23133
4204
48767
30952
38512
29971
18943
56480
1263
27157
12175
5660
11473
7243
11447
52830
11913
14932
47287
7393
26933
12736
11021
5166
2791
12524
27197
15408
44973
19297
26618
1683
36070
2049
40173
8112
33288
19018
3180
34834
8696
7407
5227
7271
30944
33453
20327
21989
31814
16148
43176
8017
5985
28279
317
2982
50300
33569
18986
5624
20068
7965
36060
4081
21746
39089
32926
32853
40206
6234
21807
22378
12926
35632
36085
161
21824
5758
5522
1334
53412
18174
7720
5325
4489
1996
4655
26673
16990
3520
47949
47138
20153
11473
13280
2336
7392
35584
6880
31465
7120
31183
56491
3293
37653
62570
52887
30979
12582
1542
948
34223
35819
26491
21058
26757
39464
46398
15057
35047
24326
13755
42161
48003
47646
6727
30830
39217
11205
15698
55930
12484
12289
4481
7618
9953
1313
43201
36053
36243
108
9517
20504
22193
9869
3566
34534
15652
6648
30185
13537
18672
13540
54819
54125
45673
10598
1340
9009
32594
23714
17730
5792
30899
3345
53702
58218
3710
18892
8716
59493
24705
5666
17310
59596
18112
22725
5960
38013
14725
28212
21758
16639
51815
43241
5467
33583
32090
7120
14487
45013
19881
25652
3321
49759
60357
203
22642
24951
15374
17617
12957
12108
25234
38055
1674
17875
4851
23472
48572
35618
27235
8259
55858
13487
2311
36895
39586
59857
43386
24727
20132
8836
8925
3440
3052
15673
46965
20776
7004
3291
21740
21980
42821
18452
52480
42320
7906
21038
29681
14196
11234
45225
7679
2027
26418
30152
31438
42171
33238
14063
31147
43376
20455
23355
21097
39609
39585
20203
21323
3346
7529
57048
4565
4824
37232
12758
5280
9467
10059
50548
1477
21602
16949
8629
48206
4867
21185
37160
54585
41853
18066
40251
20131
17777
6161
47830
28753
12320
30664
16653
15979
9815
29743
18620
20999
28229
12525
21996
26966
896
14693
29324
35729
55652
2141
46155
5868
8004
47953
2046
19892
11462
37134
10698
14314
19232
22573
9853
10517
4086
25719
34455
37706
6788
32100
3846
26136
12094
25029
13052
6274
43295
24227
1754
11944
17512
21112
36797
27401
10980
29128
6735
34868
10964
8706
29653
10189
15670
27207
5972
40265
20357
23652
46547
4366
15023
27753
7804
2384
1959
39458
11708
26221
19539
7366
13445
46147
6702
2687
30433
26639
22607
16257
7818
21868
6162
27389
23024
21310
3655
37711
58567
2423
23492
12786
37417
53005
10229
10097
12219
882
47805
32522
30725
3702
19793
22600
37118
7963
24482
18707
1654
5009
16612
40065
40062
4529
31036
26739
34449
38070
11274
34321
3514
21621
27742
47140
48864
21822
16840
19699
43534
2361
20793
23834
491
52272
49187
15492
30650
57077
16953
13019
34998
2893
27292
28576
38527
6189
11159
15387
21456
41035
31383
18358
49008
32062
6898
27922
23429
11346
30594
6623
11267
51717
15191
13649
20127
31332
11368
48746
1267
37288
46960
33889
33506
740
37484
6345
19654
17593
12369
40567
10640
33515
16734
30355
29960
12015
20331
25525
40900
50247
33051
40622
2700
43208
34397
6566
5707
30872
12331
30070
5220
17495
15497
50751
11772
5243
16474
40380
1582
6967
6791
17762
3045
2297
5681
11269
25407
5669
12330
24622
28794
4290
16488
16007
24415
9570
8288
6940
4074
18082
1920
42695
19431
48134
31022
38146
3980
15990
38092
11153
10043
40147
803
7076
18986
26928
23563
19944
42459
7698
26940
13818
1353
39704
32247
10463
24187
35942
11864
4129
19612
17827
10147
3843
18587
8487
26565
27480
18692
24643
20421
12834
27579
28723
39808
8453
944
62320
36273
14593
13543
40722
11695
194
8460
26364
2344
45145
2419
5033
252
5408
3343
10666
1504
10984
9949
35393
35167
23506
36197
48816
2890
2732
38730
8149
37979
45456
56496
23341
4075
30685
10292
45414
39041
16584
21477
58376
16596
12888
4855
42825
18762
11844
11960
30492
437
16791
37449
39868
21389
527
38425
6954
4071
28174
35660
34970
31269
10084
11472
3380
33057
18742
13889
29536
2975
14012
33802
8774
16602
8618
39402
150
19875
40533
12424
27028
43547
37360
35802
23416
3804
4334
29333
2744
8818
56389
9082
45124
11256
6986
54901
8579
21401
19310
19564
10849
23056
10958
20989
17389
10342
27337
6826
11280
1612
9975
16768
37283
31668
2373
14666
17020
25589
12148
7358
30961
16474
24525
20738
11658
42540
16874
25398
7846
7955
14836
1834
12037
23257
5184
46860
3697
15391
11410
48402
41103
44257
27911
43750
46884
10558
22481
23562
6984
23971
18746
16114
7679
30877
8412
26556
3953
46136
29409
336
25207
10809
29147
3202
56448
50410
21064
12346
10247
660
40852
24182
31435
9038
25398
12744
19143
32569
6740
2041
4469
14124
29885
21028
21902
62611
13088
8722
3907
2926
32102
37125
23825
3785
9070
21938
10689
45204
2400
9870
6580
15025
21331
23559
25279
48557
12929
3904
961
25038
3283
51735
9763
14297
8056
49040
19325
2856
5109
5894
407
4704
3896
9574
11471
41659
5596
28405
35710
4798
30731
31098
1801
51843
14254
9391
1408
45562
14387
37835
49364
19023
42070
590
14658
7547
9155
42081
5596
30885
44178
29262
9457
56437
41573
1583
61187
36689
21909
15187
42207
37265
10146
11676
452
37530
43701
42845
12882
30312
10138
19293
13558
51102
14011
49415
42832
18224
16538
48960
21395
4544
4575
7912
43691
52879
12499
5128
42074
21329
30749
5719
4693
12010
56957
15845
45909
43669
3498
23566
10789
10306
11221
38709
1606
12417
11480
42167
24444
22017
23534
1839
51298
27284
18551
6073
43331
13391
35879
595
1930
44395
10089
44265
12371
37276
43068
26619
10251
6767
29156
22462
3999
34766
21973
1929
6171
28246
2397
16546
14816
13968
1684
36274
34999
24496
2780
21089
16315
22662
39869
9096
16148
3158
3073
50409
2882
54181
23201
22741
16430
11505
32832
38501
25613
11728
18782
117
21627
11344
22093
17496
11395
8766
28
9687
56397
13338
50551
13487
44426
3009
20188
9758
9026
30938
23443
22896
11031
1259
26606
29999
51086
50002
13044
37012
30946
38904
10844
25675
19607
45668
21570
21243
2888
13176
19204
2826
24456
40103
1545
47418
20233
8543
21148
23048
1858
13424
15568
2837
962
16517
14104
2087
7344
44510
33546
13462
19835
282
8911
4796
18843
15658
31270
11377
283
28787
21751
32173
16184
30869
2465
9488
47978
18187
29208
62548
5919
55270
7701
10444
20192
15338
28783
50665
62815
32588
10904
21090
8641
2857
10684
55586
6912
21749
10415
17836
7615
45472
5776
47123
9107
14035
4223
7481
13493
31179
7858
11231
12176
45780
32248
55497
9084
29369
15037
42756
35183
43945
35635
55986
25717
4769
43927
9254
34935
6094
5265
9080
305
1644
37873
1823
41956
11023
7072
30226
54765
8284
314
3206
1943
37917
1336
13738
32830
14868
36085
16935
18041
13990
15997
17969
12403
16054
47347
18078
26409
10127
4797
33209
6986
42278
11052
51977
16113
36298
28855
7441
3737
52554
12629
45537
5450
10460
25039
9847
9905
1118
18954
2767
25579
1121
49219
51485
14993
403
1016
38612
21597
47546
14104
25020
5313
31283
12419
1163
10794
640
10627
29053
21559
28977
43281
12716
6249
8166
27447
5400
2667
21842
28555
19671
9589
11791
25490
4583
26617
23063
38493
12514
19471
12403
2176
21697
860
54938
5402
1421
29313
61074
10032
6105
34575
32148
7167
53471
6265
32212
17944
25771
5034
25583
45017
55683
19787
32436
10089
14023
10551
42344
725
38103
5054
10016
3955
23967
139
42363
38051
29396
12413
24305
23833
32330
7389
718
48048
130
16753
36672
24396
41487
666
24276
7800
29488
6068
3381
41536
21473
13911
2619
19812
10486
2437
22846
5298
6965
11097
6026
15437
33883
37915
42411
43257
37740
49754
13653
6179
31398
23803
16830
14794
10951
44414
50668
34006
52242
3642
4532
3142
11595
45969
33534
15960
12984
29661
6875
8388
40130
1340
44527
58712
34422
28982
26939
2867
3649
18244
30476
2782
31658
12591
4146
24851
4692
16448
581
32019
14558
4689
1562
33417
4968
23775
44780
2638
45122
55588
18371
25186
10044
16200
1121
21303
39929
11550
8062
90
39996
3769
35622
10742
20972
3600
9894
13205
22563
50595
50680
17994
33024
23229
11865
16661
46254
48969
321
1201
55736
24396
31716
5543
10216
27108
23773
13411
7876
42957
18596
3460
32818
57188
27078
3339
40677
37216
11820
20974
2428
11975
10967
9822
14829
53745
45085
2826
52259
3153
31450
29755
17346
37991
214
43510
4261
22360
40090
28765
22568
4050
38948
30807
40181
20783
20189
16675
11646
9341
23336
7817
29530
8798
37488
26631
17885
28086
20895
49022
50272
23606
49979
37596
24376
27985
13300
20968
4457
5379
41377
10427
17667
15277
29530
54206
47342
26692
15866
54454
16001
6425
4494
48340
29262
34865
5139
34389
4953
42020
10023
21716
31598
27655
31205
12613
22243
12177
7553
30387
19848
24537
30367
1940
11272
35747
2204
24482
44538
35217
25845
19660
14599
48508
39118
15227
8134
19156
2622
13905
9606
13472
42858
33945
28032
28027
25954
31379
53255
5915
61140
4390
22682
7270
3142
6323
41576
2174
9658
14943
26411
23495
50974
25338
49535
41265
8044
1043
6719
13483
25074
22518
17288
32395
7646
28165
30086
18767
26844
11362
20127
1003
35799
3885
44630
54633
41677
5173
8952
22852
2736
41576
41171
48556
44858
62703
48641
34092
15605
36187
53521
8391
17272
9785
16330
445
36238
18217
20953
7445
45415
42045
29587
19071
8703
23620
3698
15270
13973
16036
8352
33795
26450
53541
7671
2882
15630
53863
9470
19585
61247
27728
2973
25144
33237
7562
31304
18456
16864
471
5717
5696
15802
17556
20153
21979
44634
61310
16183
50506
22374
41852
18690
2148
3859
21479
3191
2108
16015
45688
31765
14682
16391
720
21461
24037
38442
8625
24165
15191
18797
31187
26682
36829
3046
3621
3857
19091
5171
8985
21325
3673
3593
26365
49641
45492
37842
1448
34233
47084
30819
11163
33922
1726
52553
1952
25461
3351
26764
19461
45799
39897
45484
8637
41794
19267
28259
9858
50764
39724
35858
11207
20638
11354
49382
13217
34687
14031
26747
19694
25587
4981
50621
6052
27649
19066
7043
12206
7958
11538
18245
48614
42313
19210
2437
22727
19517
8181
14461
39106
43156
829
33233
34204
1556
24985
16852
35430
7141
23551
34357
42487
4618
52204
13913
3187
3839
26216
1906
8983
34177
15986
31176
7941
27943
27569
20035
630
4847
50403
14120
15905
23202
369
11892
18382
8652
6075
6110
7192
13065
54235
26430
14258
6003
28977
24652
23962
4956
35072
30620
7573
13380
21028
46783
55097
4884
12692
56226
12339
21194
16694
21801
38694
22094
32524
32837
6759
14129
3560
57309
36549
22335
6508
24387
5318
7234
50850
34338
15808
8684
4287
44367
25198
24915
15836
31696
31221
23411
17252
30420
19031
10082
34181
9005
4492
42622
684
1507
47449
9086
12430
6526
27398
16074
27415
4415
23455
25239
17479
40299
17511
30866
29268
12714
9882
27680
25165
48009
52770
30585
23548
2861
3831
12561
30183
6573
19733
45500
22698
15109
15291
4318
9898
3114
33081
7118
26397
23184
15091
12108
37335
7326
24863
607
18347
42411
24194
45431
12267
24716
8727
32742
18848
40957
48568
1276
55
45109
3398
54533
43545
41929
13806
7151
40748
42564
8917
33612
40865
30340
10101
13203
20266
2196
2573
29654
35438
42284
7402
15832
3196
38314
34525
21123
7611
53655
19518
15583
33243
2838
29031
15016
16450
14796
46145
24394
15441
48211
9409
31726
2980
28576
9416
13317
26424
7399
29009
35967
5245
46636
6299
27911
4120
24984
2542
36364
12818
12671
23563
13754
30142
1636
36499
3306
1975
9885
38659
22858
23571
16079
9457
3591
29812
10836
39867
33080
2034
25463
10826
5845
42747
7110
1124
2385
11220
48131
48899
45599
46888
59110
8748
44527
15888
2403
9954
27392
48706
17298
4385
27659
15380
36771
38129
2825
35640
42299
11049
15001
27925
15697
45871
23713
23513
40113
42385
24681
23814
6260
49369
40593
27622
8464
8250
19091
7551
10117
22842
62744
31013
16265
625
42741
30291
3566
58347
55675
15792
1522
12704
23524
32143
12641
4717
10149
6338
88
13940
2908
25705
28358
40156
31876
7597
51630
27503
30805
19533
29648
39127
66
23153
6756
6803
30745
5276
16302
62494
22573
9552
35137
2253
6989
34188
46807
34608
28672
54773
27727
16305
17653
20913
17842
15746
23107
28593
26000
21486
46643
153
25060
11032
21760
22207
48383
5684
21772
15949
15167
17759
5898
7435
25623
10281
21278
36239
1951
8164
32275
21247
4366
5099
12948
34277
27262
48192
1270
4614
12820
6485
19078
37104
29019
28050
6563
5619
38363
35195
20355
4783
17560
25738
21801
45638
47869
15906
6498
22980
3527
45276
11872
1911
1858
37306
40754
15647
49057
12135
25999
5279
14055
52207
26911
4702
50541
27039
38159
6529
50257
23116
12218
50925
44286
16320
2108
12501
6671
5516
6561
3631
44818
54841
42677
25803
24863
42119
36234
18895
28150
34743
33814
52061
35984
3282
12043
27693
25444
40022
1289
24460
9907
37525
41661
18600
7019
5787
16984
43730
27808
37382
35131
2801
54004
33503
40064
64559
7450
29170
578
9440
3945
14075
36
695
6780
49798
37439
58363
51763
14739
52577
10784
36940
34953
50841
22683
30463
519
26897
7667
44928
8181
47101
48404
8912
3518
18061
21436
9905
3440
10965
26755
49962
17125
15426
10325
8780
23476
4870
62053
29264
5354
28289
10888
22489
52047
10284
28550
11050
47486
25832
19712
33644
59694
33447
13865
10271
6839
36235
9263
3196
3371
22389
45362
58460
39692
10138
40796
36549
36070
3103
4448
11493
28983
12369
24114
40724
13665
34863
14729
45464
4372
19610
7886
51345
6704
9945
25874
43392
10172
2269
42315
51986
55135
5853
11757
53150
12961
29390
6064
12880
39562
29781
24414
25580
1077
16206
43042
6211
20398
21949
4078
19877
28293
4915
25430
22842
39835
56483
46917
1727
42728
23045
8694
17373
6471
13091
17255
2444
23870
3047
42840
29165
1201
28916
44291
20158
22556
45394
11171
14482
15231
35020
41328
22840
39435
1608
909
5025
30278
13339
43405
4639
5241
43398
62671
43897
44986
21669
3807
17092
25717
39435
17497
33413
7851
48889
48645
5012
19667
8868
35032
6899
27429
27232
957
6493
19744
57841
32403
18206
3720
32791
26506
31117
28171
14563
25541
15889
59835
3918
48190
20925
19049
20447
51243
30092
62619
5172
23003
44486
8729
30606
5434
15221
33200
15812
10519
42576
53867
35769
24476
1588
21852
6096
7484
3352
31579
25244
3649
11687
3133
41225
32494
12526
11980
14575
10398
9357
18746
28660
14473
22966
19010
20555
5830
2140
39685
24239
56792
41547
35627
31686
51043
39180
7474
44422
57372
9044
48650
2437
41636
13115
3656
30090
9660
4384
54907
12279
30309
18914
3377
21225
6712
26855
22303
35949
1360
25914
29705
8082
6544
29304
29746
21927
27356
2083
52254
5676
3641
34036
16537
25510
7700
28609
31636
17461
10555
18637
745
12733
6315
19234
9401
934
39287
57133
24506
21154
32870
27425
11043
19822
25678
26381
31575
9132
18536
17132
9665
56493
38610
5897
8832
31537
7525
6535
8261
25192
16229
1872
7197
14154
25767
31326
996
29142
11677
17061
47481
30869
50249
40882
10080
10655
29100
14763
7722
20320
12663
13826
14252
11846
32436
25033
41846
17957
13867
11003
30055
27315
10470
10327
14541
14325
29151
26626
6013
20032
58221
3718
28382
753
35342
32011
25048
24962
14771
668
37037
2171
33079
18000
59578
23738
5795
3292
44860
33275
14127
20269
48780
12080
15592
30580
925
44281
12917
32366
17659
6211
10603
278
34984
21785
28611
13862
15824
24769
18369
59739
28219
6522
11455
5833
3223
14945
18206
20057
47427
29649
23093
34669
9887
47723
19308
29268
24293
9389
14230
8227
38024
16989
4046
16549
15103
2635
16452
417
27104
42175
500
29645
3654
8403
49008
6185
33964
11378
58517
41397
63813
4368
768
945
42490
6037
10431
7534
19770
20229
31632
216
46768
28039
28860
30504
9636
1195
37537
15750
40862
32507
10529
1883
31363
26217
39714
39500
21859
6132
23561
39867
1568
52900
44037
20281
27544
33104
29617
404
55674
32568
29693
15621
4852
26272
8727
30112
5036
3473
16018
13688
21223
4277
1356
249
2281
1544
18331
46257
19282
22621
52956
11072
17727
2802
626
35910
33661
35884
12044
48258
25819
19890
54628
17234
13291
14559
41999
5041
16979
27056
23741
30852
5334
1750
17417
31914
36515
964
20670
5073
27403
52734
29220
29089
8490
37572
19073
18954
15986
5885
46839
11459
52001
11310
17978
51726
11648
2662
7307
26643
38200
36506
38167
49790
23289
50882
2827
39314
42656
11486
55929
22432
16343
26138
5300
58484
36796
44696
46706
918
43038
13020
3075
10984
5791
21786
20668
3419
28135
27655
22814
4805
17721
5990
26114
14193
1593
42059
29783
5853
53149
7270
8034
19073
11160
26222
22935
30542
5967
15876
19330
7565
457
22004
10703
7176
33054
25309
9862
45748
52167
11212
5514
1859
48141
41226
11520
950
40567
5842
3637
49912
832
42127
6877
2865
50601
32736
6352
28820
12610
16825
19260
34926
9311
49124
24602
19801
27096
27605
43016
32133
25741
19611
5137
29025
14652
6608
45542
13259
8719
33933
47695
5340
9328
13451
10171
8878
22979
10010
28332
11232
19747
13148
5639
30767
30835
5216
10743
25200
17247
24367
7764
28915
21683
16777
41291
3505
8734
25328
14933
49894
47615
38220
20263
6770
230
6498
3581
25305
25024
24718
3369
38151
15094
20553
9267
38802
15547
24526
40662
62611
5090
33098
14944
28046
28893
53103
29632
41169
41
3185
1
7769
7670
5898
15685
31519
5815
7616
13776
5696
13064
3594
24917
5229
19616
37799
5982
23368
55453
24411
39537
5830
15431
5454
10314
18520
3200
6366
8856
19757
26968
43363
24921
12074
21488
10866
37486
35378
15202
3454
44302
7724
26758
19664
27335
49940
10329
4503
15941
30980
28541
50711
8451
51044
2505
5536
13665
42865
43059
43184
1860
3572
35848
1765
30597
33272
48054
5085
18384
21320
36283
11488
17976
7343
8335
17157
8231
13690
19658
19301
37153
62184
27648
22477
12829
34730
15499
43406
9475
29299
13532
13473
23141
49455
46679
52655
3184
60124
12065
30887
1223
17967
19910
41805
414
608
808
22728
42132
8451
5712
772
24168
15626
27854
5279
15718
3614
33912
54
16307
5589
10665
33459
38873
5338
46580
1457
869
8486
5331
16330
1223
1640
10093
13254
48528
14462
41076
6414
28221
7803
10346
51199
14265
13314
23843
20602
29460
15325
46319
495
4690
57184
29094
2994
6432
30408
981
81
4973
26851
17128
3412
14326
18483
31194
17875
7189
281
15554
41140
16534
7112
7916
22963
12651
32802
17349
29273
16050
16583
49393
11111
20777
21450
8036
8334
49528
5751
23732
21722
7498
3518
6690
20606
11635
5552
4732
7811
55541
44521
21379
50371
50515
793
11987
19367
547
3386
9850
38075
13105
4080
23164
10141
9636
8066
13275
41346
42114
13139
19461
40551
46557
10663
7725
33884
14618
10485
53348
31917
14609
13949
581
18256
6608
8443
16267
26073
29026
21168
10050
29631
256
7576
17255
31548
15805
36082
23052
47551
10814
2824
22447
11803
48898
35338
28270
29954
28967
16738
3677
6183
13241
13341
1031
10806
24703
45292
14006
22818
14373
26894
7970
12488
21819
12383
12298
23783
64959
32923
17212
5159
21115
47441
21826
18855
7145
8191
30324
21796
2607
15037
24830
8545
4084
19448
24213
12555
20065
48136
12700
3279
21711
1882
41534
4665
25422
7896
25549
23989
7448
27197
13021
28281
24358
8871
17943
25649
26717
18174
5090
783
22277
18419
24628
7362
24156
47422
33637
4214
39325
20775
17687
32408
21637
22626
48784
4282
31143
16287
58401
50834
3504
5773
34346
26052
34320
15167
2119
40691
8694
59218
6320
10039
24014
17622
415
11695
11117
26239
14380
6170
18115
17389
30986
28656
28090
3781
9056
62217
21811
3238
9703
19421
34858
10879
8551
58463
34228
4631
4140
39661
24110
50086
22128
15194
27431
24133
12133
32303
179
10958
6855
12257
14289
28449
28932
23710
1384
23369
52096
2661
2907
102
19524
9324
11639
34740
10197
26447
2548
38175
28623
17604
20008
30338
47851
31867
2660
16089
29972
33999
20793
21508
34875
12721
14971
34627
21939
184
2819
36417
17013
5246
21713
17480
46633
26137
7529
13889
42420
50911
35405
33948
24972
44524
5405
16777
1718
35515
1251
5359
2529
10388
16278
26108
3594
2638
11515
16943
24137
8238
9468
59911
17949
19828
31307
17938
15031
22597
46591
49793
9538
6766
1544
15842
26069
26870
14855
40554
54606
12769
19418
3677
31617
28578
6495
33065
12033
27954
39364
17353
55669
40240
17336
14219
46532
34367
14399
17663
958
27084
42011
38229
39174
24426
34238
21485
48
15174
26175
13745
53516
22916
2885
24956
3979
5737
28353
29676
17016
6825
8084
11079
442
4822
4115
9526
13799
26396
19163
33139
37742
1341
17083
44449
5402
42843
2602
18664
11680
15262
17380
19004
13260
36279
53184
16247
27889
39598
23541
7421
50243
16522
1464
36833
51319
34649
40858
8294
15421
37022
11896
13426
9208
25448
3029
12202
48098
37886
29692
4441
38645
30868
37797
16931
18104
17136
23371
41911
19869
29554
11039
20972
13531
294
41241
2236
29382
26094
45324
12847
33170
2862
26801
31869
3877
33916
637
15102
18723
45517
42191
13857
20100
32439
40627
3305
33943
19319
10255
20414
3441
15452
39189
5028
15682
28231
49371
20139
19424
17317
3661
18460
1128
5670
8398
21697
13492
7756
1508
38399
55305
19598
13504
33427
11924
29525
7737
9673
10532
20497
36581
34012
10862
5678
10384
26480
29833
9536
24995
28362
67
45001
20556
9511
10972
92
9619
26096
3081
39494
45367
37318
36291
1442
5602
12797
32207
21655
8692
21945
15704
9569
6425
20104
1741
18524
41438
1416
11649
12940
23139
2068
319
48686
43252
10550
19959
12713
1847
30577
40904
44944
9713
37451
25980
36087
29884
11531
14950
9791
38311
29329
17099
17947
55923
34046
25192
20785
49731
7947
9072
12578
3729
888
35310
15573
23745
42455
11541
23887
46783
12588
429
26290
25028
14349
3331
45540
28294
1238
40893
23813
57191
10616
11240
17453
18669
12142
10381
9882
18991
56516
35245
21799
4289
12571
14805
46280
731
18336
9351
7487
25160
43980
6052
3142
51150
5418
25689
22216
14237
2130
4619
5915
20506
18167
3123
16596
23767
23224
53113
20958
7852
16147
10740
22275
36709
2731
29456
7407
1348
8605
34742
6592
28653
15274
38576
14943
13042
29905
60974
5829
10886
16156
34396
2735
28324
5594
30697
55527
15218
20816
15817
43175
19217
25525
4263
12518
38382
26024
30963
41294
21746
424
39944
43670
6887
11561
23514
17809
29538
45332
63213
15750
30072
30784
23214
5985
54128
41507
46510
2716
27753
822
5372
13300
4244
19050
19970
20019
28030
5595
14855
13326
20893
3205
37000
27777
19271
29243
38188
9645
6463
41852
5699
43674
17300
837
26677
17085
4649
19968
19481
18359
29026
29532
17180
10315
4261
30001
8978
729
28368
7221
10024
14128
14278
12998
248
32473
20224
31435
5249
46885
33387
8618
24658
9646
19852
1676
2408
17003
1852
2903
1641
5820
30589
4368
24501
34876
12504
15437
6893
31840
39807
31248
24061
4916
13831
1238
12368
6945
21719
14376
23550
30395
358
31627
2818
48774
48368
25232
24962
42583
31307
44451
25529
336
25731
12219
10953
141
20568
2744
10054
43625
50208
30809
6500
8629
21269
6877
2854
55792
5684
20181
1718
18662
3239
10711
10434
1300
44122
19411
14379
15041
23946
8937
24342
63038
41367
11234
14168
42363
12850
10391
33540
39146
6379
28228
20135
40076
49194
28408
18589
36321
13663
5347
30910
9458
29681
4329
9849
49249
43504
24331
17410
5795
47027
13143
47551
2458
6860
13949
37935
28969
16081
24377
29919
21175
6293
4374
26523
21189
43662
2819
48982
16775
5441
5264
34008
10437
50062
13050
8722
2582
31300
20297
3275
9286
31801
19822
22473
11329
21175
8250
26733
2845
3993
54190
5039
8521
12985
35445
9864
30996
48262
25700
34122
1091
985
14429
23662
35357
29661
52176
43195
3609
34814
22218
31954
15246
25522
7023
1068
26847
24009
23042
4188
1035
40761
3605
3503
35794
30881
9932
23230
21321
16985
5248
2069
1575
357
30643
14366
3681
35830
34938
7379
43028
33386
18676
15631
62920
42031
41302
3534
23605
22537
48745
2685
13777
19102
26846
17277
47276
38371
237
45387
39818
7059
4951
5892
750
51423
28076
19912
49943
48231
29752
14311
1601
36064
20087
48943
32312
9339
4268
50829
38419
11410
10973
31165
30588
24925
37480
3960
14517
39652
5935
33310
31686
7692
37261
17614
27132
20621
61720
30834
21778
54748
1679
13245
19146
61944
4712
16018
5226
44246
4257
17561
26164
13905
16435
10003
11561
25678
21039
30044
12782
13116
14897
13587
22574
45393
4663
10526
5697
3987
32969
4072
8428
37464
47524
5516
34553
44380
5128
12821
600
45208
3366
6187
19838
25376
478
18713
26592
46923
58719
28763
34900
3273
46115
10533
28342
36812
14975
35746
19330
40162
48253
11377
21346
27405
18679
4146
58963
37964
35773
14309
5965
21344
5618
27040
6855
21425
21620
27026
53657
3747
2797
48442
27255
255
15744
6353
3875
1139
20313
35548
11439
25031
17533
22686
11138
53292
4549
553
4182
10870
23485
23118
2679
52644
3204
16286
13778
7185
27823
16499
29759
1159
1089
22318
26536
38182
20450
40326
11062
11834
33689
2870
8582
37984
30018
10916
1879
17104
43138
17686
3088
39318
18229
27383
14861
4606
3598
51591
18575
11894
22815
13042
13670
56
853
3979
56746
10167
12778
18504
30303
31856
30323
13953
2176
19783
6681
28404
24102
5488
3890
1703
31592
46466
24162
13086
21945
51481
19507
22422
12698
2803
19080
31655
24737
15278
1060
15901
32521
12741
4626
27008
19619
18654
581
31303
24764
7594
10563
13335
35475
11749
21067
13312
12706
12828
21045
41811
52296
39864
15120
580
12926
8795
35180
11366
16728
20367
53177
25771
8215
16936
17361
40308
1653
18016
2541
945
24311
1570
35950
52008
21120
44955
4133
35074
8125
35828
22747
48352
35906
34994
6839
52813
27978
1961
6680
54785
4802
41132
29564
17608
9493
1095
10351
2956
20021
25307
1881
23232
41587
31196
18947
26920
4128
23876
4167
38993
48911
29274
52706
11616
56148
12398
35412
29043
29470
3683
15452
34994
19079
23819
33012
6609
38075
35525
6902
697
28053
5493
41707
26030
23827
61021
20503
1589
986
4417
39063
56974
4509
9707
7041
23451
19426
9816
4001
39768
48857
43008
33094
3930
14208
8478
15439
46863
7703
6145
37718
36083
32693
49085
2325
3538
2359
27475
20404
15621
42048
248
8200
10556
20116
1242
13796
9002
46474
10456
8554
14200
61572
51911
28722
3608
27874
26533
7725
14038
4767
8961
11638
959
18056
49494
18138
8471
15962
14831
867
41135
16128
15445
26288
12943
19392
17510
9354
17190
9110
17783
22736
47179
36564
23805
31536
39410
26947
20809
11460
7377
4867
51629
40233
21183
17051
28014
2753
734
10663
29664
30573
16986
28537
26753
40000
17215
7063
26612
30411
62757
27124
7832
626
55970
19636
6345
42958
26710
40807
21575
31617
435
10315
25863
36463
35794
40351
24783
42392
51044
22077
1199
27885
12813
26953
11438
5598
34401
7652
7698
17272
64488
18038
43759
36650
1277
4274
12166
12236
2401
49701
40507
30514
2723
10248
2848
21618
17434
2892
5700
26291
39990
18853
10226
393
25913
18385
3008
25810
25867
46128
15653
14068
25831
29436
8722
4789
62634
31768
28329
28560
16252
17969
10109
9642
6732
15762
44427
35754
29097
25097
45197
26975
11439
31832
18919
50000
25048
4286
24568
6369
21956
27963
17294
3615
5577
31109
11335
37742
14794
27780
1006
42347
3567
7845
12490
17878
38688
43740
34113
19280
50270
23492
19406
55421
31604
30035
3203
17595
26581
8284
4393
13480
934
862
9996
29584
16868
34283
18874
46929
18235
12431
22701
35752
9584
3804
9195
20064
13697
29971
7728
11780
44026
37099
4275
7396
5274
25866
41535
24641
47
29387
4717
16415
766
5021
21006
32444
35582
129
6619
25653
14173
2452
13685
21453
47124
31586
6283
6809
33770
10325
5085
21014
26054
25910
14223
11386
6296
35487
13580
25106
38838
15568
33836
33830
20604
47973
13722
14255
10865
17543
18533
57972
3716
11168
43145
25978
17332
26606
19780
12625
6832
7982
54137
41873
4480
12505
26003
10892
14273
12249
41675
3917
13020
7973
19193
5075
7552
32923
54911
33213
5208
48869
12740
43751
24290
26277
27120
12546
30417
10604
18291
7651
39431
20779
1949
35219
51919
3737
4227
41502
1454
38622
40863
825
14805
9214
11
31696
34970
57645
38562
33322
11830
19317
31178
6963
4133
10737
29380
22433
16106
1303
8903
25709
21486
3281
42177
6947
46930
33969
21285
2842
38934
27918
23371
20308
46083
22003
2185
35127
7823
20473
15492
28257
8553
3704
36734
9771
19561
1477
29758
19513
50628
9847
16159
17672
12953
54382
699
38090
3286
165
32644
562
29567
33759
21546
969
17473
13777
3680
16485
17949
25057
22195
7786
17786
8184
24417
36883
11015
42391
45869
22321
14703
40527
40604
20174
7417
8989
16598
7399
497
14990
15636
25234
9447
17854
2724
5845
52042
1276
29773
51052
7634
3824
55664
11000
13847
39560
9655
32148
26210
22659
5013
11876
52784
40213
22364
4441
5332
6138
31168
1157
6842
11823
47508
5346
14709
3280
20391
8951
7767
50955
24892
34853
11465
1982
28639
27121
22476
25600
9790
31349
44213
12720
16136
52630
40163
49836
26313
32168
12056
21810
51295
23175
60221
28526
35906
2430
16784
29846
43267
27407
4258
5032
10544
10520
17759
19609
25438
43178
6481
41496
21979
5804
16039
20813
24538
15729
17227
23690
47079
10893
21981
3194
9562
16297
40991
22469
22203
924
30954
12894
2522
1288
18091
37644
17517
3890
17444
8098
12020
47515
24901
10846
51506
2123
25745
16941
24910
16454
301
7786
12261
19653
20196
20349
29394
43762
26026
23608
1552
25936
26255
25068
31582
14977
26155
39343
20026
14240
34313
8688
11609
1151
35058
46482
61995
57447
6989
9853
27366
17976
28865
35736
24694
39447
11072
26885
44193
1810
3828
36855
9161
34542
18381
603
60236
33087
32323
9978
7454
6478
2358
41360
22766
29425
1013
55797
1467
22551
31557
9913
45251
50839
25812
32631
15252
727
7247
41889
11717
21875
48200
55901
17188
4707
586
25289
27310
2870
27107
29626
49780
12208
6750
52752
8181
34404
10185
45089
1466
1239
20684
33299
29422
17006
44613
55630
434
416
8061
56249
14307
47662
41990
4945
18405
27487
33139
11055
39149
3369
47215
13934
42890
7207
10480
13630
37083
27111
25684
823
27249
4430
13199
29220
17657
29914
49683
25751
9140
22126
11091
10785
1150
20304
21076
4675
1897
2467
34204
29889
6885
6599
52215
37362
19850
11304
8532
17785
40750
12273
31795
11641
5358
5105
7018
1654
9383
30446
40178
5045
42793
31018
8330
28221
44997
26185
871
1036
40981
3580
51851
25480
53926
6341
20260
25659
49572
11503
31401
9470
28671
41546
15724
1507
49139
42034
25081
15780
2477
30894
3230
46360
28754
22243
13931
8302
24394
39300
7181
36925
10811
14969
27692
2159
15571
3295
13251
29413
9651
20286
37390
5434
58472
15202
63
1065
6931
26897
615
28977
13470
5051
43664
21339
18790
16463
5721
21526
51552
24640
38417
9522
21999
26622
606
137
33606
50501
4641
13931
47834
28020
48843
195
39023
11411
25256
8304
18548
40566
38833
21484
49495
4296
9019
10975
26402
4021
29944
38916
5923
55754
44560
36699
26006
5482
24151
6337
50261
783
30004
32469
23651
9824
14787
36326
13767
41533
21320
6514
33012
35231
36002
1366
16278
1372
19475
24089
2837
35700
15719
16181
7402
3607
13421
61458
17911
16633
47405
4110
11721
28755
16597
7219
37419
6540
21583
39556
34396
16708
11609
40432
21250
35001
9856
45922
8103
47056
35790
4785
16995
40862
27049
13672
27592
14970
35522
4939
54952
30700
28884
19053
13297
22674
7075
35250
39807
43867
55229
8288
8831
43341
2906
23008
4099
40263
30435
52838
12229
3265
9284
3308
19076
43099
42043
52712
29051
3311
17344
26787
1371
12023
1296
56582
10253
13131
29332
23892
37076
12373
30428
35001
1930
33600
28114
2928
13101
12753
54093
17601
18002
34569
19238
23616
11539
5906
16608
15047
17954
7542
41055
20805
15988
12892
25255
13141
14215
4901
11094
4911
51427
14296
25512
13372
15961
49617
41163
22056
22783
334
22134
34393
5896
41675
12043
3771
13694
49642
6238
9518
2783
20864
36035
11795
31908
17061
53857
59755
9742
29210
5570
10735
6556
2310
25355
27927
4451
16372
3856
15187
52566
9149
33789
34911
11692
10974
21487
140
33099
4236
25371
27870
22594
13762
33330
8134
14852
13166
22653
12198
33166
8743
49003
3285
55465
44001
2302
12970
30330
22282
9657
21491
47755
8802
16049
18717
33376
47605
13920
11987
23414
28357
7418
1017
10819
16749
10075
70
1983
81
42306
29692
48300
16292
47597
31841
34199
31561
43757
5101
10863
56060
7491
16901
41601
3569
52072
14396
20893
6109
24813
477
12496
36204
18359
365
52478
30071
27802
31584
42250
98
42031
15699
27250
15251
30351
3272
49446
46027
10450
3101
25744
51756
42316
40051
6503
51092
3899
42952
2511
22040
129
48658
44888
22193
7716
7574
1088
21485
39889
30508
17472
3917
16317
39058
12515
2035
8177
41989
17320
21952
11612
30847
14425
17504
8678
25415
48142
49537
472
2120
9402
39921
11887
16788
40522
20682
19485
1118
38189
26491
32143
21946
29722
7926
15509
640
31461
37605
7828
24050
7407
48628
26841
5572
38391
6656
21625
39449
8745
46735
56886
2905
24309
53860
16589
19960
4264
8681
30934
19907
37574
18442
35926
41162
55360
30526
20970
30590
2834
37401
7329
27590
49131
45688
11092
23626
31460
9484
45912
47573
31087
15253
1216
18477
100
27222
2635
13375
26757
16054
13410
26222
24016
37984
32675
48954
38986
8695
28275
60192
168
25693
17896
3747
13457
5210
20546
10997
4471
29519
2926
35323
11759
453
5268
43660
18106
49719
30423
37361
11700
29680
12927
32180
8359
53631
12268
15778
27199
13608
38538
14252
54702
42146
2949
18304
44929
7391
21117
7741
882
26281
6823
9703
6132
26114
15493
27002
21883
36415
3072
34233
25255
5981
10069
32268
45628
30792
4253
13631
1634
3140
33885
9419
3976
5101
24997
20295
14017
37741
15563
3339
62251
32062
43900
137
44142
12811
628
56625
5664
264
35946
7432
55610
27591
3444
2728
30871
4802
865
49758
49529
16212
9998
35425
13251
27337
37922
5750
2023
50421
38937
11178
25641
9919
8179
33627
42946
9060
12437
25122
32547
43497
35461
4150
14631
33849
11041
2370
21880
16329
26178
26693
45256
30248
24351
18553
20071
3058
51049
44990
53343
2231
8313
13045
22019
48399
36132
3109
4823
11235
34646
11845
5543
27400
21042
37408
32141
49713
20531
10194
52160
3789
3550
12693
3203
36887
5351
33941
10202
19981
19941
26976
24565
16974
5590
26957
34093
35640
26985
48291
14877
36677
28699
4642
12824
759
7732
20219
20151
4032
5746
29357
6316
30661
13205
30538
1147
51
23573
2550
8891
11574
11943
30538
2882
975
45918
55876
14074
2051
31131
53308
12452
18464
12641
12966
6800
25188
17034
63612
32720
6306
22252
29131
46816
25469
25890
32829
1863
17073
8379
3773
11330
16313
28617
18200
2811
40355
23310
16213
11187
34290
28622
29204
57743
2522
41121
2339
3028
3762
24877
45894
16630
17360
28078
1500
8318
42207
38607
29839
19864
22955
22128
6293
15594
55629
50345
42167
35253
16629
28852
3932
39093
9759
28819
37170
29881
8228
34124
38554
3654
31671
4798
2685
27365
25616
7483
12903
6378
18877
55285
3533
38490
16355
14099
3257
25547
185
4489
17151
11756
58237
6342
33846
227
50507
2379
3676
51750
20764
41446
25960
33905
13040
61297
18487
1172
13295
24863
30306
28742
7717
12047
6417
18827
16833
8947
13840
11534
20931
11858
23485
42830
12296
3022
15207
2975
19106
1732
57276
33729
17643
28382
8508
54495
12084
32488
39538
45929
10555
6944
20959
3619
37952
20348
13544
3499
5931
50085
11783
8937
11201
23036
19516
29708
47454
39981
1134
16794
34351
37641
27122
19189
31224
1849
6026
5670
934
19644
17196
5168
27203
25075
25610
35596
17396
6872
31735
1398
22887
23193
39676
46145
43024
1367
56250
6830
30871
1165
31674
5663
18035
37130
7873
23966
14715
49714
30476
24152
26261
45726
2275
7388
75
29055
1059
15138
13662
29210
4058
12207
3941
6397
31318
1339
7607
13527
30855
30945
23529
30428
12193
8925
26781
57527
3385
14038
53868
29202
4992
49002
11189
34106
43636
24226
9586
624
15789
30760
45541
18090
27242
12998
7527
30416
5563
9222
61406
20845
6814
30846
2285
24289
22761
511
486
33544
14315
36872
32001
43066
12517
28253
51515
30186
44657
37268
53130
28942
25299
23066
50846
10596
36430
8751
10469
21812
7800
18244
40040
57560
37771
15168
15255
618
30771
9833
17985
8448
12459
40314
13952
39099
20641
38493
48124
36537
23907
13801
41772
41226
61760
19158
16387
47549
12842
5997
51634
9462
22382
1396
18454
44849
6948
14597
5286
3108
2583
36646
19010
30305
40634
15292
34306
4330
6878
123
15059
13488
16885
13914
26309
21195
18206
28736
21819
28573
24104
15902
1082
29551
9055
18645
45548
11719
35197
30207
13085
4127
7190
4249
20158
14588
2594
8793
53102
6052
15559
13304
99
93
35508
32107
19153
50922
16601
43080
52453
49225
6570
32341
38469
1218
43700
10977
16471
988
8909
25448
15788
7620
27089
8417
13235
52626
23656
7922
44812
7766
7733
13187
26216
1818
37798
1847
50837
24026
21750
3040
24152
21473
29072
11657
18251
27431
22232
16110
56115
4469
49598
16727
5846
5008
15726
28911
1753
24145
4192
33352
489
30782
9718
1446
19831
8257
7751
20985
12388
47095
9750
35472
18554
3344
1541
47687
46889
83
1543
7960
14381
49563
3121
2630
3738
15426
18505
6174
35714
44520
35606
361
9360
30632
19621
19045
19698
15766
564
27302
15628
11672
26327
21952
32604
27478
10632
5748
37295
4733
5722
43818
18945
5869
33072
31495
11737
32946
22254
27498
32267
42675
10382
13070
43203
23177
1000
6987
15998
7155
21742
31967
29615
35172
16160
27964
25675
18791
13839
32206
53757
14889
25172
12912
27691
16160
23986
18556
14467
18483
30519
63877
42237
507
47912
9350
7092
39230
607
19304
26703
60931
16450
28789
15700
21399
7660
10720
52263
11936
34939
13265
59170
10727
22428
12589
36530
14455
3145
17912
9347
30592
1783
12143
17161
43702
17240
37477
1353
13448
10097
51449
17061
38776
15626
2463
19940
6633
3837
46046
32276
48110
22026
9112
952
12879
173
22142
60955
20091
21998
41177
34324
29383
29571
20055
55265
3980
39328
20488
26368
25354
4829
1295
10056
21505
38414
52132
308
42374
8093
9302
2649
48590
39685
34612
35302
22738
20673
23653
11034
1620
8264
7010
19408
38711
37698
12888
17394
48835
20331
4299
5976
35586
19257
49064
28879
58217
10789
44204
38232
17897
30361
46998
26141
30874
3982
46637
10774
40267
22843
6319
27162
10941
44460
46072
27440
9592
1712
10610
24286
36776
27711
21418
34706
39504
17474
53248
39402
20093
7610
4623
11230
44216
5241
13110
30151
27791
23315
3720
13684
25288
56299
23469
18972
7560
410
50582
20062
28269
3071
32059
14757
33802
28549
4481
45890
26053
18052
5588
33743
5569
7613
1041
3405
20734
25407
13952
11176
11794
18040
25414
11294
20840
11011
32730
32962
17127
19160
11473
21987
6834
9190
38851
11273
16893
29781
38652
14573
50804
12103
13748
213
6578
15373
12722
47716
15709
24887
17216
17301
7248
15844
9608
8784
46405
13261
18963
16757
26491
36373
16039
25084
26986
49090
13123
50664
25246
7945
53423
40664
19352
7002
3303
34642
19182
16998
10881
44023
18640
19512
9160
12708
25991
28270
23705
7466
30281
13474
9360
195
16779
55255
2062
26151
43709
16300
5632
20684
13141
52379
41235
14857
40493
38786
24117
15951
4411
27455
21836
29360
5844
62941
8312
616
12300
2964
50530
41742
27120
2058
17787
24385
2322
40143
21307
20696
24180
37766
22198
9029
27812
43372
22363
37804
4114
50596
12804
