61699
28820
4492
26881
23496
42592
3144
11810
18876
1787
24973
38238
7876
6268
21801
20441
4377
16818
28839
31242
98
16335
29415
8571
14335
30181
47924
14086
28069
23159
9918
23501
8702
10948
12136
38412
28025
48819
30171
28776
34446
38645
22780
56562
22946
52532
53284
8231
20837
2645
20044
36427
29844
26214
5446
12152
27278
17009
31564
54144
8744
50885
18249
39572
38001
7801
42005
10705
13453
27733
22052
22335
20112
10100
6695
115
24686
18241
37142
20296
23130
12032
42751
14187
10641
17797
4841
13865
31080
31622
362
5017
3952
36022
11623
3259
12859
7179
513
23840
15536
10570
13435
10808
20069
6684
32918
18701
29631
1833
39817
12918
43745
41754
52371
6204
6929
23899
39234
22192
41032
20337
27138
9163
3676
36861
6986
4855
23417
3380
12299
8470
25615
46011
15027
9130
2316
7560
30595
25026
2352
37404
20366
20902
25732
13603
51941
12466
25781
29474
23847
16010
7259
33271
24338
30198
49782
4725
4395
40631
1779
40978
10671
21286
44704
16647
4168
13397
3462
13302
3966
2389
14509
34949
52093
34739
1877
15301
5091
9769
40681
36174
48771
1897
2658
22260
1662
29129
9235
21045
92
36384
19860
38633
35278
4935
1994
9386
55551
12576
33633
16644
10125
2463
1590
11372
46369
291
17742
4018
11657
34221
21396
7287
21403
20522
46112
10681
18350
12376
39402
35106
9576
44473
13312
33964
18364
63721
36981
3143
9361
40128
31037
12451
276
5474
45231
6285
29182
7286
19130
16203
27920
51309
14406
36142
9454
18921
29225
43116
25088
15217
28426
1909
35530
30809
361
5403
841
51324
30281
7824
23147
19592
32928
62195
4356
39801
43536
10561
8328
22686
1283
23135
25787
36514
10456
27125
33600
38904
16698
17625
11022
30427
31183
20703
25497
15767
41010
7379
4512
4603
19423
21023
12040
20136
46931
23511
45852
23405
48172
9789
30193
27189
39267
35723
1986
2621
36336
33679
15547
15097
5016
2328
20614
13420
6186
13508
7021
32524
27291
31551
6135
1684
41793
10036
45906
38601
9297
17274
3710
22089
59307
20080
11232
41469
4199
25460
22784
54303
30860
12687
32096
28031
16329
928
5170
9505
35231
23338
8846
27522
8836
15603
7973
37501
42707
4864
21695
9878
35662
32083
19193
2922
4490
12896
2580
5977
14973
19138
7165
19693
105
20054
41584
31856
43829
14603
22016
22200
4451
7019
20734
19515
19677
30101
49422
10837
18533
5641
8771
4727
28394
39324
903
31898
11491
12376
38660
10924
37837
5425
21686
27528
36952
41722
7214
10107
5709
11706
7921
703
12111
4975
9424
22089
10567
43381
801
10215
6528
16708
25891
6616
40393
736
20349
24041
8076
30558
55789
22049
40760
2524
57274
10163
23895
22524
23941
2
46528
14470
14567
1967
24883
6077
13241
10790
4667
1246
20088
22653
47136
25242
10317
4332
26053
4925
15019
11673
32593
23849
33137
27895
7769
1351
26334
10684
1378
45440
28423
25901
27860
9651
36221
3366
43742
19176
3851
34997
27783
6359
9304
29578
30070
6997
5137
6881
31292
4921
5033
5219
41360
20315
24031
28757
78
48838
55352
25958
9497
19258
3862
21399
13639
13840
901
8987
61381
12920
4086
29790
33775
28088
20739
3722
10479
50951
4787
10200
56943
23364
19919
4792
20087
1074
38005
46464
16029
35943
8928
25111
23038
4251
9448
15904
55568
28595
35633
44358
7158
44277
14828
14869
14832
5448
10694
15685
52468
33778
32639
14400
25217
60245
61816
6661
7792
7426
17663
37679
11626
29910
104
18518
23723
4447
21123
7533
16810
40379
6787
21663
16647
6950
35213
11909
20111
39471
3929
33444
54283
1017
35205
541
4471
6184
12201
28076
32985
34846
8623
17048
34348
34904
853
10670
19851
41653
7644
19958
46921
32310
7306
46477
24192
19234
54618
13739
3749
7633
13363
14813
32780
20230
3272
635
45035
58703
23446
3117
7488
9422
32664
3327
40343
25996
5845
40666
4670
9001
50424
837
37641
4428
27154
19679
15255
4463
22914
10572
4078
58996
25385
34440
18412
2120
23496
26721
8923
34811
43500
18567
15590
28265
27370
4415
22747
31617
40545
730
229
38412
11978
10627
12213
37217
7812
43506
339
427
11140
25939
26329
19798
39547
8265
13156
14493
7710
53312
29810
36648
27171
43356
40000
20628
2195
16459
5741
2680
10543
23752
18816
47418
11566
2472
1207
21010
14636
10847
16465
1630
6145
60
25057
61291
54481
5199
9286
3172
487
34601
39543
34173
20910
29258
29942
38795
51386
6640
9531
728
10002
20774
44066
9589
15146
26115
16329
11928
2306
48353
7612
10728
37406
12267
1506
25847
24636
17255
46526
15656
8350
25632
53550
7438
6053
22028
40292
11262
23944
17438
22923
35718
23362
8787
34634
4788
5795
54288
5509
30299
23682
7533
6201
40816
35360
30978
53637
55480
24460
39352
900
12886
10744
3732
36038
36223
31278
12986
4094
9755
8695
24538
4592
43
3276
50512
16231
52814
12980
3027
10073
19988
53496
26724
9654
8766
15867
21205
16491
20213
10446
40050
45744
46203
13415
18907
966
11517
27875
8074
19470
34675
40664
14332
34153
16014
20758
5273
19066
14966
20827
42138
3799
17409
9336
24019
46591
12289
19205
15352
6839
28614
13582
44573
3419
3875
6672
16066
38917
14072
14315
8777
11187
18039
40327
36224
6953
15394
50845
27281
34581
12644
6118
16288
7162
20868
4214
59067
22436
8884
62899
10091
36969
10858
20294
6521
20371
19438
5522
10170
16475
5442
107
13878
45169
21851
36181
54283
5271
8038
10340
12657
19626
21496
24261
18841
1181
37641
15942
30439
5207
23860
41097
22121
25214
32897
10980
35472
7820
26251
24245
267
17593
15051
6945
40217
21725
15862
45398
36940
35938
379
44567
2325
24237
42696
52406
41464
1344
12497
30472
35002
33226
55691
15741
33831
28632
29580
32983
3775
31921
34131
11858
39775
5603
32840
43146
44110
5883
33210
8822
60871
50194
7824
25617
48133
39448
23051
46081
8559
4214
6716
27904
16272
11054
23181
20186
27629
41541
40412
16859
10492
2003
62642
13032
8249
6835
39417
11393
42821
2729
77
39299
44295
34119
16146
50098
17700
1350
9675
5699
18292
26943
18335
21286
45946
4538
17273
7847
10904
33096
42381
54695
31003
36328
3879
7950
8063
17754
9979
31806
47081
22285
63
27096
20665
47215
6961
31609
19903
58267
28674
2966
6864
37255
6237
10103
19737
42430
43929
34766
9735
2767
11702
45404
26013
15335
26306
27184
9185
26257
9381
1479
34599
4015
8081
8830
2597
7669
21483
46480
23105
22706
13595
19478
11691
21080
10606
40329
32349
60387
38635
14937
111
14862
38345
12880
30
49109
28613
2466
27050
3238
3060
17536
41977
31927
18226
21430
25813
29435
31191
19644
56550
3175
37868
23040
38808
36178
8941
28969
27094
56014
2609
44233
27282
37887
5502
21292
7556
34032
9990
25492
305
23264
49570
28697
12202
35105
17638
44009
7229
9062
6498
38299
2498
43953
38394
26270
57571
16625
16820
221
55637
35281
12657
2925
24351
6312
22447
30192
5601
21879
38988
8898
29087
1305
6144
49591
4056
29401
21861
2881
10683
4264
9697
12271
29681
3664
28445
14527
25492
17333
5385
25775
17119
11134
44182
4220
11836
40789
26042
35183
17725
60986
8485
1856
22120
12060
18652
4905
18334
1767
25504
11415
21920
27641
17219
17352
4387
18162
25534
7621
1480
12028
5302
25219
8244
8149
469
54110
16881
10509
24291
7086
7695
20404
33705
27932
15210
3213
10252
45547
56181
32026
20449
35225
26813
38035
46496
7212
58853
30413
25697
37129
8263
9105
31638
2014
58717
2160
12037
15668
36465
29969
19987
23839
16474
31269
53213
19577
34203
43837
6589
6950
19715
54181
7249
37613
44368
50635
15313
23676
37891
22155
35062
10188
12160
23510
24523
22802
39550
16262
5045
46999
45511
29175
2370
29388
1337
3498
13892
4968
3706
18323
42389
43105
18862
26133
11895
3879
5683
30714
99
5656
23468
6759
19399
16872
40048
62840
11052
31532
5378
57612
5858
27538
23534
11441
39670
10824
42695
25101
19842
16670
3449
8679
29635
12740
61267
12841
30572
12470
14073
52962
18316
20007
22947
32794
21143
12763
13820
54581
8556
19701
15526
15708
17769
27634
1785
9583
30733
33519
57883
25249
1119
19727
43839
32769
40381
11325
29806
6223
21297
45262
38583
14673
29716
21124
20545
10868
25756
10918
35064
18054
4731
1763
15850
37874
7874
39010
18733
14350
29187
6165
30908
20211
24834
52192
4159
14382
5968
20122
2445
10115
13117
23875
26236
17657
33273
17839
45769
9936
20404
13080
23549
43201
25184
59175
8069
40371
4227
31102
8565
12871
18837
647
3679
4197
33695
30096
52670
4408
8516
20041
19222
23421
5034
43318
34433
11973
15421
35493
524
7108
5249
9841
9222
7273
44063
20205
12164
21836
57614
44251
42210
5990
6026
17137
53766
33529
11125
2269
12463
4030
7689
37310
30808
15100
46033
14531
43447
16399
17527
52652
11920
59627
2044
33962
2482
46137
3127
15977
32019
32183
60415
27673
35369
4
4893
47033
50818
9496
3794
52118
35899
20387
13730
22039
42814
49712
20782
39627
14257
4112
9466
22719
3127
50867
17043
20195
7908
28855
39146
35145
12454
5134
20975
1786
10590
841
26605
5899
3587
20414
23325
6961
7874
7503
60892
29437
544
34788
48402
37976
23850
8904
8131
10976
22986
27057
7555
46089
20459
17619
18294
25659
11184
45135
5137
15419
22807
33573
21494
53105
5351
9795
24595
3347
17707
27156
21702
14649
7522
51360
18779
37889
48241
14788
11770
4649
2826
229
9159
11629
2615
23554
15561
3539
37259
6205
12816
12396
39567
23305
8094
34442
6916
11636
30409
23041
16511
12468
11034
17308
1595
35738
26487
42243
24254
17517
60697
2129
8356
25668
16738
7465
2018
39278
29346
21351
27416
45110
23480
20343
4154
46344
10115
9747
13969
13671
27734
6186
53230
20520
21751
9368
56201
45064
6989
35966
6779
48145
4103
6581
3232
44532
8332
35413
32890
21188
8736
42297
13301
55619
41347
949
7535
4796
30397
11842
37042
6012
11566
6606
2663
41575
10604
1547
27689
4784
18694
39432
9347
51702
31431
26264
17601
6477
12494
42965
5084
2566
7827
560
20419
300
29787
22791
1405
16406
43366
6897
23491
2566
10675
31617
19103
36143
26416
27834
784
38362
7657
39208
19657
40460
11939
27999
27804
36149
1218
11146
3541
19267
5750
2606
28192
39243
40694
15727
29685
24742
23453
13076
24194
38132
11867
16626
17625
41960
11399
6996
36049
45448
8735
35872
24145
38829
39049
42992
12792
18495
18190
44166
23039
506
37279
11128
10647
39342
61859
24306
13667
1080
699
31102
888
6215
5182
53780
17446
31026
1866
9896
59252
14828
48504
8294
35711
7497
26403
5192
357
22888
25221
56753
5674
7526
46660
45750
24022
20225
5157
47390
18142
32604
7996
24255
10216
20228
24131
23973
17803
47215
19527
28386
24061
4722
20918
35674
51663
21433
6532
3209
10557
20732
5661
3402
36590
5087
4073
2794
18775
14889
1056
13166
10773
24676
10007
5464
6131
44358
20735
110
19809
46780
15179
24123
14030
8169
7109
41765
38417
39289
58781
27008
19414
25629
15747
59800
38580
21775
27593
31478
15398
10775
49217
14035
56588
13729
19989
17110
8897
30928
38342
33754
40
7168
12406
12558
14003
48453
26711
47181
23466
24728
8373
60640
8477
8784
8423
22152
34239
49
25476
15411
54663
15765
8232
2923
27439
29072
36853
3448
5210
21387
23890
16621
7873
35293
20012
19147
37205
20000
18428
395
2613
12061
24100
36583
21796
49467
42022
44840
42413
33384
24383
38693
5687
28444
7432
58474
11632
63589
27023
10856
10979
32546
8594
14285
1981
13187
37944
1373
34857
25073
3358
25446
7131
22838
38763
696
49315
22681
27652
18708
3232
20246
32595
17061
5657
37595
23336
4267
42923
11532
48281
4522
43501
16044
44991
3641
6538
31209
22928
31763
58731
36892
27942
17977
1621
11889
6011
22058
34876
12308
1389
17907
8283
10651
6482
19729
44446
2514
49228
9939
4482
39191
3041
5813
9968
41299
23170
19180
62204
27802
15282
58653
29659
39255
7258
34919
6886
9205
33870
25582
51194
33161
23772
8084
2418
28440
25811
31861
47904
12433
3827
1356
6803
17655
14862
6851
55413
38927
11012
23781
14145
22095
40285
16219
23244
11581
28958
18198
4720
29796
22052
4185
15137
19004
344
15894
4537
13848
9726
24209
14307
36386
26786
7320
3287
36725
17625
45858
11861
33706
16339
6323
22849
29119
22835
9443
22423
20996
31878
53520
3110
24908
4455
6699
29359
522
20574
37951
13825
1326
53399
48797
3813
30409
19819
16081
6195
32196
15182
1101
30215
11113
31424
6442
23997
13399
3727
3277
4877
8069
15134
13427
20032
50183
8537
1151
48104
11470
56633
11492
29738
7481
27736
39579
36042
2401
29776
73
1438
8014
18507
53509
40174
59739
41490
56777
22611
3845
8134
33518
9302
8414
23023
44294
13897
40785
30133
15013
22066
7895
12496
7442
26381
25853
17248
20055
9169
15453
16909
18546
10780
46601
2507
8644
24270
47448
33834
22408
32341
39324
7815
22821
10347
15973
2475
45439
34773
5415
40375
49628
13955
3761
12370
25384
37170
34810
9855
9807
6880
29369
8983
2176
42190
22674
26471
4676
5741
9085
1744
46831
8160
10736
17204
12120
2091
28876
1300
9995
8416
10677
53815
9550
19941
9517
5387
16239
51263
26445
12558
925
52359
34606
6141
36485
22305
36910
14238
10622
45262
3326
36010
4086
7141
24034
17942
25778
771
42231
41963
15512
1675
16698
26554
4106
39777
27103
46797
11410
50648
48689
25038
37821
8211
11869
9612
3765
5479
13997
12916
26154
52173
15662
32131
7858
29020
24132
55093
13746
19116
60656
3031
14439
9166
22825
30079
8824
1341
2450
15839
1145
26654
7976
19909
16311
23206
20078
17202
55083
49990
17803
13879
29433
14786
37341
15726
20572
12874
15232
9323
4456
16617
19027
7172
7235
5099
7914
30694
9607
18168
17744
35881
6118
9521
42535
25542
49498
9426
39385
5058
8623
20942
3241
14187
853
35467
21986
9934
22685
23006
7509
4972
39354
8083
54050
16630
39490
21013
14231
24739
1650
11875
504
2100
23695
46300
530
30039
21156
21728
4612
36191
38709
21446
17928
1366
12917
8871
11384
22693
14058
29215
60044
3260
464
24101
27575
3292
48870
10429
29008
23445
36407
18228
23735
38521
18947
26131
13476
12243
31572
29399
10005
56960
19062
1953
26782
15445
8165
2581
21071
28816
42484
1367
4024
3256
51024
62511
16803
36693
44200
21410
18948
62586
395
21138
22646
13125
23405
4606
25691
12092
58268
10561
26239
39786
32518
10959
2342
26205
45996
26640
12887
48931
39709
17957
6698
28529
8887
30693
14226
12555
36944
15131
12086
30481
9740
7250
45987
7542
10076
53592
41280
23598
6780
14654
5871
32873
4080
23466
30758
26308
14217
11231
57517
12928
27816
1561
33441
4689
52656
23858
12282
48015
19326
41563
1191
17940
56692
26101
52474
40371
2838
51493
9765
17697
60214
23631
10171
891
26627
43393
37838
30381
34668
41872
31425
14821
3548
9867
718
3654
21551
38341
26858
6558
20262
17536
14171
27833
15896
7973
45556
15944
5741
29652
16197
10920
18883
22696
35521
33826
15399
22205
758
57419
5000
520
3286
11157
5095
5271
23693
14375
46331
51822
23972
20930
6137
2466
9619
31373
35068
51635
44876
36767
63649
34879
45090
26032
24423
5143
2290
4148
18952
37445
22668
9485
32021
53762
23236
30240
16037
14143
24598
36066
36042
35497
44196
4638
29655
41618
16661
27993
19853
2642
9329
10151
13507
18706
36306
36319
4831
57575
39237
34908
5804
3886
8319
49303
36626
36386
9145
34353
18299
17244
10336
10015
15557
300
10488
18538
15405
1989
31797
24273
10563
9959
7335
27654
8080
41050
10455
1746
35871
1193
9940
22914
4680
5835
8206
5584
36922
19197
49748
13031
10321
1148
25084
1955
5318
4046
34483
12802
17564
63749
9485
7606
29114
45449
15199
27975
34875
9429
22241
22407
18999
9178
12797
36624
2908
8188
35781
15563
37403
39619
22516
37398
6771
31252
22578
16712
8421
19122
7185
40840
44379
34484
32348
51196
59598
51843
24225
13099
26667
8474
17972
22316
20675
30249
13738
5329
40777
1892
61354
7884
312
6667
43514
3798
189
47815
13091
40378
26288
61407
12431
22189
15939
38152
989
21307
10772
11322
42116
46388
28966
5385
10365
46179
3741
53887
18438
16360
58819
62307
20439
26407
33547
29028
23533
49062
5387
16959
31961
29375
34228
14285
28377
7522
11704
34950
15886
9089
9784
48283
12778
46237
4589
28294
31980
37045
1703
35229
20388
23598
20204
30948
6487
9898
19409
580
48532
47797
24689
52065
32325
11426
1190
840
45835
23820
29840
7456
28676
43581
11793
1292
22218
53659
34076
23555
10386
10886
15715
1028
31342
5994
676
15138
6095
26007
986
24335
1769
14586
28976
27733
9884
7543
22268
37664
5697
25493
25561
52163
3116
27654
7036
28270
3608
20005
9610
25009
40453
30787
25077
10211
3161
26274
30500
36274
6100
37386
16803
17125
1684
736
23302
1243
26976
52747
60682
16449
23425
12814
48884
20663
31947
38713
7439
24626
636
4512
26809
43970
19782
33061
32415
6958
7064
14202
8811
26488
10455
27216
8514
13653
3196
22041
11262
2079
28301
933
50594
14816
6965
2698
45989
31042
54361
31301
19415
9002
43283
4276
16372
9845
24253
15292
7155
7495
34277
3341
9306
44307
14319
30776
33400
8852
21744
21582
45029
27839
10162
20594
26513
7615
3885
25966
30599
25653
2009
24210
6684
2180
13342
40734
19450
14520
12479
30235
54216
5716
1358
14188
14284
53015
9094
42939
32549
44747
25632
23014
23616
5332
22682
16642
23151
13606
12590
6302
20358
31372
10319
34643
44973
2930
28767
44250
18751
47455
27064
8740
36696
17408
9055
54912
20503
52928
23425
14604
26047
13777
26375
43748
21840
39963
16701
14209
11591
10781
34184
37329
24741
40409
44549
4237
31248
29528
6732
31380
823
5907
9212
7427
44424
5794
2906
929
3108
46831
12561
12509
395
14494
14292
24298
1293
23844
49595
21580
29324
32594
20940
11088
10659
36525
4689
20497
6043
3809
2661
8453
4715
8694
25465
9466
41960
14185
42626
355
18557
19964
5664
16634
20315
8109
4249
29106
34015
56995
26857
60900
1061
16555
25021
16749
21516
39842
17106
25530
30529
13660
47112
15647
27151
22477
21009
2818
16074
1325
43516
24219
15051
570
58335
1213
1102
25829
48695
20871
31114
15916
8093
16697
4884
51269
10663
34426
21614
29873
7579
24955
129
11537
20542
20417
23560
15458
55050
49631
8720
55260
15234
861
19983
27955
266
5008
13642
33464
5026
28774
38691
42073
11862
5285
29946
31463
24803
1085
6992
33149
39440
6441
2728
20810
27575
58909
1625
39557
38860
7934
8674
29659
38217
14714
12009
13360
43550
11274
60534
14664
45964
6360
10116
41359
39169
6869
21770
43544
17747
40296
27648
17486
10188
13006
9779
18200
25492
182
3038
48653
12065
40092
23543
37325
21680
31893
30662
4045
7170
1782
23606
901
57651
5503
2342
33035
29489
23905
41420
17870
18975
15560
7734
47162
7342
55013
4824
14319
33107
6020
24419
19750
29391
43347
38001
3438
12395
20395
40063
25761
4717
43677
3639
4635
22920
6820
41188
22571
18494
11670
7509
9473
52649
2416
21852
27778
29435
20446
6912
3485
18064
22001
1796
5833
40884
11080
48173
14510
2622
21259
142
23719
8920
20320
3765
44116
2413
14909
14742
51948
10244
39442
38902
4220
19524
24192
11043
4962
42244
15997
10569
4779
15254
5338
27481
5704
21235
39342
44360
28128
1411
36491
40515
35370
6518
51246
19686
557
38733
48502
48372
18876
56952
19015
12575
3664
50000
42990
18779
22199
35375
29833
25784
37351
44680
20406
26885
21663
33114
21461
1538
3932
23178
17348
15413
32396
27658
3945
23606
7260
5804
25475
41483
50159
33131
19646
51897
117
24186
17764
2721
56667
1048
311
850
41066
12253
46384
26771
36443
13017
7190
46834
7738
1056
14023
20214
35958
7393
19701
21426
3309
14537
47757
50745
7932
23680
44718
50923
28100
16406
25964
54492
32070
37335
48214
23509
35453
29898
5347
54966
42300
17988
3020
53340
20958
45010
37172
42799
33293
2225
42907
39358
48064
19496
15408
5893
40769
37571
55476
13091
16762
27042
23399
3139
42934
13975
594
35648
28011
37207
11942
13712
10531
29528
8301
6306
14559
3482
24970
5451
19997
21793
10685
11395
5866
9640
9665
26107
4330
17461
25602
20918
56555
50464
12268
31653
30794
4636
44799
7136
29914
2768
15854
12795
9638
42820
15528
6486
32354
44829
15911
2492
33132
13690
9057
20736
26142
43636
20913
22754
31329
54615
12273
32053
10830
22266
14820
52944
7896
6703
30090
14046
47118
17317
3517
45488
20821
37164
14816
31804
399
25534
31317
52606
22142
1004
11763
2481
25671
659
23438
38456
49425
13040
26084
30624
49165
20388
10104
17741
37595
37904
52652
16023
30187
25872
681
20082
5242
21072
49049
9812
9016
3023
17301
18519
8884
21623
24228
13479
15982
6897
28288
16036
3132
4804
6411
2718
25785
24622
23180
47083
44539
23548
1389
7091
5779
41326
10525
2838
27918
18808
18764
22500
43088
19402
44448
2305
377
31000
2323
48389
501
1415
8578
16867
60088
953
41831
25483
4671
783
61596
2214
6874
8380
9333
24623
24750
6993
7645
60500
13537
2714
7681
15353
50211
7691
55115
24564
33747
28186
28241
11941
26572
13151
6203
13110
31156
2507
31778
13996
11596
29904
41000
39003
40405
6253
10948
50671
11167
44142
27908
20715
2840
13531
24212
5301
23910
20224
4253
8234
51655
1425
3722
27547
31949
5604
2754
2192
15772
15477
31519
13053
20908
35627
7369
4529
10587
1276
4661
7300
15322
28145
15353
11092
32415
19423
2011
47203
31091
41200
51152
933
19776
3953
22252
17732
35712
46517
11356
29825
583
22930
15142
4348
32453
10517
30495
36488
23006
915
3271
11402
27765
19647
34935
13611
39154
32564
7533
14047
8845
48859
60614
30732
19533
17076
26558
26633
28289
1146
21276
16400
47044
21285
926
28813
1102
12424
1297
40227
39405
3310
35481
3700
38375
36648
4290
40118
6172
5197
2618
51621
26264
51327
32691
2149
278
8791
11133
28482
9491
20788
7033
24770
14305
35281
32175
9901
3503
1177
10054
29632
58472
13177
5510
9075
30023
11752
19875
22081
38693
8533
13517
21467
17993
10936
39087
58671
25973
9497
2179
8900
16037
3670
11049
26433
34318
25577
8878
55107
15057
5226
39312
994
22899
8615
27464
40187
6770
30283
9848
48263
25981
18910
22201
23681
17165
52049
6664
28949
24623
21504
33288
7610
40630
23599
5327
15029
29221
13168
13135
10397
1448
51251
30930
51578
17999
17828
7375
9308
13232
11963
30057
26355
10241
26225
17546
13666
1539
48454
1936
13232
12614
23613
16740
20214
51578
30724
4896
10190
8277
14847
260
4306
46672
25107
13967
472
11973
47321
4534
42523
41607
10761
24957
20320
38646
15009
45973
698
4378
14033
29398
58268
28865
6800
1070
56461
62001
4313
4555
9054
3100
22006
40456
34487
46
2266
2580
4638
12488
6192
14249
30395
4154
15576
19964
5178
5650
34899
36132
19594
24717
14688
3894
42032
50853
34438
35521
31246
26550
14462
14436
7165
22270
31664
34909
22888
28377
15535
16619
37414
13820
14924
16958
1308
59404
20356
71
50167
20793
50003
28627
55816
12541
5057
40663
26645
7458
23552
22881
1593
7155
45594
14571
4764
32106
16460
17178
13789
22003
45748
40186
38138
7348
12078
55009
44738
34057
7597
17431
43538
6973
2233
24466
14376
31645
17977
20582
52409
1096
29361
25998
11132
5176
9864
19573
9674
60353
20072
30896
11144
47510
7741
30761
11918
31429
6057
36812
12854
4954
8604
44630
2730
29163
22929
43510
23728
6038
1877
39394
33987
38940
5710
47153
4694
30453
14632
28668
41454
14067
17208
13128
34717
9510
18996
10654
2795
12311
50462
8024
21116
10271
20873
28631
11318
52716
22575
30341
27243
35307
49321
35823
19836
36526
34622
41677
22788
5013
32131
43003
5344
11404
25701
11198
4165
35362
34851
33922
31935
23684
9606
58700
14577
6582
13111
39401
14935
50177
34983
10836
57849
4395
47614
6531
31520
8455
1566
42191
12593
41708
16457
17289
19410
24884
14954
10565
39229
24363
16512
45977
29716
14672
21128
18629
7517
49088
14821
10977
35849
20127
8142
36748
37001
48481
14105
22939
3530
16555
2049
3197
23888
29045
5247
1995
18680
20156
896
10177
2961
30366
45645
6599
1361
146
18771
61146
34287
5423
83
3648
28044
42143
15887
7567
5113
9269
5424
12739
30927
35174
2905
5583
27278
25241
26033
25211
14005
6563
12497
30076
24237
16309
3959
8772
30665
14438
11399
14576
46278
9157
3820
21420
44872
10653
2656
6320
27303
30468
36217
15337
9539
16311
10175
36873
12609
59279
44874
12110
15659
2221
18001
18492
5871
5960
20347
8432
64448
29848
15842
54992
8698
8720
40790
8951
28025
51450
10850
11544
41141
11514
27744
9987
45898
38594
27052
2190
16342
27307
59116
50885
49630
25546
35410
53297
16162
36190
14695
32679
21125
12580
10185
19630
37072
9585
1259
14270
16652
37605
265
41129
43152
44975
28440
13427
16116
29075
40340
15768
6329
19217
15635
25115
11629
5443
40419
31950
31210
11295
16158
8423
4141
4185
33192
27576
9999
33956
8431
57658
25568
19115
3587
8396
37896
13581
26760
30018
16898
23313
7671
37337
54116
10246
2250
47200
49091
18532
1575
57092
3158
20715
2106
51931
10372
27997
53702
8622
38748
4587
9551
35835
14118
13393
5166
26220
33590
14036
1060
41313
42051
32419
6536
45684
13533
15617
42481
17779
24182
11641
29908
21111
22689
9267
5698
29362
22465
24559
37182
3762
19341
19764
7006
37437
15338
42633
16763
20533
27774
23726
35734
14989
49088
950
1732
11702
9893
20231
39541
30591
22904
33467
17248
467
23738
54710
19148
35645
1467
51848
9935
45792
28057
2303
782
1322
7458
1154
62753
35336
31248
1338
29115
28930
2298
29467
33298
62272
27091
8683
14855
8763
22867
21052
14893
24989
10279
50896
404
46065
26128
27307
3836
31394
2034
8469
21496
295
7299
53465
13507
26114
1038
25295
4346
37670
25837
17009
13381
31881
771
1074
27001
14520
39193
5980
37781
24663
45401
347
6176
8125
21657
21866
21958
31322
20917
24413
2170
6308
16450
52305
27445
13557
47824
46639
29531
32815
19139
27721
15212
8048
37051
21630
39376
8460
42109
9780
32754
61525
15425
26470
17133
10098
9864
30695
138
335
20696
27128
29929
7213
8451
27195
31210
59946
8381
36506
45812
3060
15096
39684
2200
3799
36379
31699
13696
33243
19344
17449
49443
18932
17980
43263
29573
51015
25100
5501
17765
53762
35476
23504
12029
41687
10327
9827
21370
2487
2693
9197
21689
9149
11293
25302
30105
10034
27254
559
43846
6872
8366
13034
23729
2782
54206
36568
34681
20028
19968
8893
51677
23315
25549
6247
12180
20974
9663
7388
60477
16618
5147
11368
27456
34434
25243
55635
26400
24740
2643
23315
6544
13948
8787
12110
5581
18281
846
19815
11487
45531
18510
21224
4524
11500
4359
18875
13332
15190
11160
3057
11239
21873
51529
39607
48240
1633
24531
3465
23687
35850
11978
41607
14741
10925
36940
46505
5665
37259
3560
35239
9025
27114
25434
6380
21637
39295
44632
7297
27420
15608
4767
12099
22158
52201
37995
7457
25324
33303
2290
44040
6514
15276
27219
6732
19643
278
28140
39149
9269
30493
46116
16687
12595
4617
20460
2500
60294
17938
7701
16609
17964
42299
36153
1251
29786
38126
49883
6305
14866
17985
14363
3866
4953
17748
20734
36118
30580
17103
32201
37033
11964
4369
3032
64359
33997
28453
7118
5785
18460
15592
16195
1054
4684
15378
288
23115
25249
17449
19473
30958
10221
15862
57816
37148
11112
21065
7560
13612
9212
2295
22626
45707
18129
19590
31050
5228
26518
36387
42410
3413
16564
21073
23338
14273
8647
46432
15368
2556
1299
5597
5251
2438
23118
23400
26477
14909
26963
28250
35241
23535
51337
23280
14332
1420
7890
1669
7123
42070
17576
37723
29331
24428
22253
12557
11709
32740
36343
24852
57664
11739
10234
316
14759
39997
20621
56370
29075
23141
5827
4621
2222
14374
11012
1830
4807
6964
13362
18421
19932
27068
27378
15194
16853
13526
14411
33263
8730
25364
16479
53735
21592
32022
29691
21683
17031
13649
25734
13377
26591
20965
3058
15628
23200
9352
19770
19457
249
492
10896
26440
4249
1228
8528
25287
13876
681
58314
18022
878
9808
8539
50519
553
5633
44464
37874
19109
5242
20123
13230
44683
13476
2477
35185
4439
2730
13538
47336
47483
7615
36981
24364
5465
18570
5724
46939
23465
10687
17038
4187
42401
7629
20672
16611
43749
8791
46712
28845
64471
10049
50223
4985
16253
2527
13227
9622
46110
52365
16391
28420
7243
7048
10595
13326
26221
14913
18091
3987
8745
33867
45511
23461
6507
31055
44504
13162
8303
17174
42606
26714
13230
4536
28761
57485
11492
12420
6193
21151
22206
7997
28402
15863
5275
30396
15353
16883
62193
12416
12863
2751
13890
26834
4217
14440
678
20100
14598
8981
31906
20389
4160
9862
43476
18235
57385
50152
14465
13839
22687
24525
20603
15748
28727
27417
167
48909
4453
31577
52059
8299
42487
10223
18127
13045
54820
3922
23466
25910
15847
18621
32930
7126
27479
27053
1210
6404
1683
42199
8780
13978
24954
15760
24037
16067
29860
1101
11397
33203
18499
5192
2889
660
323
27865
8232
18879
42927
7011
36061
31979
39442
13662
14957
27415
40516
17962
17628
208
11606
7318
36043
34931
8763
179
36427
23940
2427
31238
20741
4447
33328
3907
7761
51635
42293
12398
58764
42289
13622
18006
25445
33407
56349
7381
15383
47073
3930
2866
45902
30024
34600
17930
8078
26912
2801
14687
18515
16445
22544
5515
35902
50383
6821
21796
14736
56263
32605
16884
14933
40224
23647
35670
19797
7949
14598
754
31688
24370
6377
11823
48900
2483
14388
17163
25626
17135
13688
21327
16711
34408
20136
21883
24871
60869
34708
3118
25509
3685
15234
4459
43567
23245
35902
6749
28370
2782
35022
11007
31441
553
24677
53802
6618
17729
46901
12260
19723
38811
46490
18713
47886
34656
7269
21174
4554
16861
42582
3737
9690
23469
48810
19812
25826
2584
28397
301
18638
22159
39660
29405
28146
12164
2423
44120
6647
50726
19733
31029
1938
42239
23120
3318
8428
49319
18645
14513
3255
24196
57607
751
26128
10741
5476
11921
22513
883
42157
55465
22076
21043
2279
32758
28421
17403
16250
5093
18605
42845
9831
150
11705
45783
20748
8471
28386
1030
2377
43305
13457
3623
2764
32515
27344
6088
31902
8807
53538
24305
32232
23045
13820
1040
40579
27
22848
20055
38666
15422
17803
2251
37491
54609
9093
12790
19362
2193
41270
21766
16175
44705
26638
8648
36943
32090
27664
38912
31126
34469
6265
14855
27634
17935
30795
11802
20337
391
8495
27572
12643
22140
4412
3916
4702
20936
9313
34121
42794
45004
49393
44699
11766
21382
34049
3641
4373
8741
21552
4376
10104
5461
2606
54272
16099
41724
19076
764
12255
20890
18265
35127
26440
5573
5746
1018
28461
1687
3023
6747
15272
30564
25915
7876
644
7984
24237
19607
1675
40152
4784
15491
26760
1971
29264
11860
8529
18289
34388
6478
26604
51893
12879
23526
15378
32104
35005
5934
30220
47629
27170
12744
16640
7430
5751
24313
11974
35653
28716
21225
37023
18172
19184
24802
14637
6463
25933
5653
41052
12525
26669
1052
32400
21895
4395
43075
28443
8416
25376
39900
38491
34580
24454
16093
18103
677
21109
30568
48464
14566
4193
1855
2693
18860
3759
28699
33928
5800
6038
16791
47489
35452
8553
28474
41872
4017
30406
2731
42431
12931
36608
19352
48170
29012
2559
1500
21176
9852
52492
24995
7205
33798
13487
13929
7612
28289
42566
31634
39973
48253
57414
26082
30070
25241
10606
35511
2352
26790
11544
44206
44455
50036
27278
3232
30965
29688
19624
14843
27143
19054
28605
25111
25791
6813
1079
3609
10962
49113
557
10019
11046
17405
24620
4913
649
26259
20114
25612
11251
19532
36907
41257
4799
5719
29464
6185
7553
42170
2813
28911
23422
15122
14310
38739
16635
9292
12863
6083
8612
50281
39031
13126
23459
27362
7492
18618
22004
28262
21046
39455
19313
45001
40886
25698
27631
45526
15646
12678
46179
48249
29916
46995
24207
44428
34808
24816
9947
2765
36001
25066
2995
15813
33648
11560
1247
49799
25945
11941
38480
84
33946
33298
21194
8278
18352
29900
30603
33383
33734
643
11171
48568
50922
1498
7757
6853
9909
43090
16192
6287
37331
35442
6661
48096
61745
798
20518
16909
23514
31819
17013
10297
13431
15786
20097
7100
54177
17395
8861
57749
51637
2888
12628
29920
31858
1795
7444
17549
25358
32157
4094
7516
21435
17850
27817
40628
5189
46314
11939
6806
14666
12977
54680
4161
29881
25677
54866
9521
27608
4190
26985
11382
18773
9864
207
19879
7472
44043
15501
49946
7303
16820
10780
53006
44697
3529
21892
4839
3857
1994
41930
35524
42035
55045
51624
46677
32155
55815
46859
31707
3638
1851
24922
42595
53921
53271
54438
2674
11037
26765
40917
15545
46191
14153
3759
7171
13127
20744
36670
34162
4440
12539
3841
18890
1182
28055
20241
13865
47186
36673
34744
41336
3751
36854
24829
6231
7125
16011
19183
49164
17620
42226
44559
27487
33082
15019
32471
15110
17793
19683
791
5210
10565
9916
30879
15823
13803
30361
12201
15027
21284
16681
3346
14609
7908
17906
21919
26100
9907
563
2388
9158
1852
2605
9029
3023
24811
3330
13897
13470
14288
4485
55355
2886
9024
34355
8870
4500
26758
18519
59420
31450
23920
40993
22617
15006
11230
59297
38888
4445
46279
24543
45369
2804
56130
9534
4188
22407
37809
12858
2100
18743
21632
42009
37502
232
10852
18072
27919
27212
12742
24032
5817
47527
16379
39741
10042
30867
31687
8452
30676
13106
18245
5390
13897
10880
8740
25167
33925
24075
9673
11798
28046
673
41218
26677
56322
21603
15768
1641
32068
32823
13035
18945
47184
990
40916
6087
10825
45949
34366
26226
47841
18345
14948
22587
833
30600
5382
13231
7855
37752
691
5220
36558
7899
54959
24573
53925
13348
9940
14797
10633
19414
41998
61056
6697
18153
24821
48136
23174
6434
48772
43316
14760
488
56502
7185
24815
22417
4916
3938
7440
21910
5532
13588
7386
49322
6936
22860
1078
21904
27625
15239
14156
35243
4314
42167
25493
37573
18113
28146
4312
12250
3690
16500
12372
1342
23828
40497
2116
24790
32209
38177
24772
55814
34882
20269
34498
40301
19928
37822
29158
23041
24802
32328
9995
10279
5629
47219
27376
25966
7382
57029
50686
1971
19539
3
48429
7553
8438
24870
53697
1637
44355
21039
29162
36619
14357
5475
7292
42947
9505
58648
13155
1982
19583
3202
32655
37397
52230
36968
649
31221
9863
21457
8877
14061
7290
28132
28309
14106
6402
14493
20666
4428
10264
25789
42038
3738
39484
25045
17264
16878
32854
30817
18628
49899
14940
16005
4203
30904
787
12466
17472
51798
32562
1332
8008
976
10131
16004
23508
10950
3187
19415
13723
3354
25777
47303
11398
42924
40085
6662
19682
11509
32054
2136
29801
29273
38369
10061
11931
11051
56536
2951
20656
54021
19530
19025
48489
2170
49632
16940
2823
29495
21304
10221
37332
6278
37875
13998
616
736
13259
585
14081
943
18505
28951
3309
33946
8956
1517
8745
1182
24432
12605
38175
8999
19415
30932
25406
5468
23737
40660
15794
2600
4536
2342
17576
16711
24721
40329
20232
10161
33224
2279
35468
47729
21517
21311
219
30654
31614
18801
39785
21582
10773
35557
2513
26049
15451
24233
3850
7865
12262
31244
19624
19222
1618
24521
51054
28558
19145
16212
38880
16696
22742
10151
27575
4864
49400
43658
38745
10870
22582
12132
1852
37387
14148
5894
852
3849
10096
11167
31640
4957
37419
100
16211
18131
19128
11937
7246
5202
23297
43683
12834
8759
16040
54430
8965
35906
12694
43781
10721
27504
2964
24643
11494
37527
49916
22597
6019
55300
36311
19473
38588
14705
812
14954
9424
9012
8936
43419
8298
33439
17142
38590
2742
9376
29430
13206
36136
491
45534
18125
19163
52178
7779
3005
49856
23562
24220
8044
37302
49324
4553
1772
19879
36668
2448
2142
57477
1324
36448
40553
24029
33801
5561
44317
3907
1308
8031
14107
46697
32672
35020
21268
17436
25287
29484
20922
18138
15108
5044
14849
28171
8769
6378
24624
12954
28159
24983
15236
21535
18313
24873
21452
50994
1595
6899
55460
40552
10767
15267
1314
28603
19561
35098
11564
38826
45827
23913
24773
38044
39938
13795
15499
34983
17435
20666
40393
15125
19063
13893
54188
25609
31138
5917
29106
26073
4059
47257
26473
34031
11132
43534
16402
6
16764
25436
16601
37598
26265
7009
11329
8248
15638
31786
16429
23320
9391
9638
30778
10157
29762
22375
1454
3065
4822
22717
213
34844
14058
9775
17663
9788
10866
30976
5873
55815
22271
23938
18911
22714
15402
18843
6815
42999
343
34942
1433
19045
6920
1638
15614
48986
44792
17786
30354
7855
52165
23117
11716
4579
8411
9677
37839
9802
37961
7288
774
2752
17079
4996
16290
40712
18025
357
33502
3997
14140
41839
24031
9330
11055
4185
8787
23240
44720
44473
5822
2154
4482
4337
10182
33016
2369
11564
20458
605
30224
10950
20977
16612
44369
9522
10269
18639
42060
28552
18442
26415
2229
5714
13319
2696
13460
27549
39928
6257
23063
14269
40770
38462
4235
27071
41712
16358
3857
387
14907
39999
25239
33379
28564
3371
3861
10193
32517
44
27704
15363
23635
25495
8884
23435
46363
19955
31844
47774
2983
495
1831
33062
25078
37078
46814
9395
16562
11372
13993
23100
24896
3909
35130
22586
19263
9760
9887
4300
3824
464
1055
38104
11755
28999
19523
6776
40264
1065
19964
3858
2130
17277
7610
34631
42230
54334
25459
13058
84
14396
26812
39929
35293
41662
18049
22439
28936
1325
5542
15593
39113
5829
40097
6652
9370
2024
4951
18086
46004
12028
18267
14561
2574
19392
30056
15484
48660
45741
25903
24132
26371
4285
47789
21948
17457
25466
25626
3277
5266
31959
14501
31240
14845
6201
26842
28639
18087
16240
12951
33441
30701
38257
6849
24187
54454
6244
33415
28618
5404
3474
48236
24918
25892
17362
7116
43862
28458
18859
51705
23252
45776
5387
16113
23486
11341
29334
32049
30806
32082
1052
28111
9046
20383
58902
18874
59169
28055
15181
16980
5313
37724
20618
2387
52378
30133
7707
34820
17926
24174
25680
8797
45724
11591
25883
10844
39847
35255
39315
61450
25155
19489
29354
1606
13566
4746
17242
325
2928
33350
12074
19136
19795
4692
7294
2889
28924
10273
22188
21097
43220
3644
12398
25006
16081
18907
27592
16723
37978
11191
2954
37115
33410
36306
17690
16264
10243
702
10197
8843
31028
3821
11489
20565
54298
37710
81
8468
43329
32087
897
31429
21323
3479
46099
3322
27204
29324
20360
27120
13763
1076
19034
40649
28287
7087
51222
34021
58303
48694
14826
35988
12322
20828
51419
50649
28745
17294
28582
14751
10144
50717
26752
4213
26505
3989
19120
2645
17343
27849
22180
14357
51963
15614
19260
3496
25117
8694
21572
18279
18219
60586
49547
28705
2052
651
45775
11112
22479
20842
23098
45132
19190
7385
31752
22258
12255
23514
41598
29779
26487
574
1001
59261
9251
57533
7270
31195
26347
9506
7367
695
5450
3897
30504
31136
26811
19428
4259
55546
37665
44842
24900
5897
5802
12780
7004
2855
49253
3709
18340
5341
493
31630
10158
12658
4838
47549
9997
31678
6755
11750
7269
31754
13030
10701
43088
1049
4868
44685
38830
9459
13880
15836
3602
30494
10818
23962
16906
21777
19268
33091
36414
7620
29780
3387
15073
32421
35142
18320
519
44529
674
30913
34277
9814
3225
4712
25079
32360
15284
51105
27812
21696
39238
13953
9558
7422
10522
25855
15695
26712
16334
11135
43923
5693
30682
9013
23436
6213
28677
23587
1895
32285
27125
36343
16417
26971
54130
29881
12743
1625
707
38077
13949
38924
6747
19324
3606
39239
18656
8615
18970
25420
2943
28304
6240
40271
41213
20591
6524
25150
18550
20787
8891
14400
8282
47678
27059
19186
3854
26194
34398
3996
31407
15720
539
5550
29560
10500
48582
25236
3289
50684
2631
7271
28463
35915
21172
14386
17276
24752
24770
17459
2722
12311
12960
44188
29282
7641
28201
18627
10586
21291
11541
10660
16932
13480
6631
9919
25725
17802
15569
55596
25629
30841
13708
11095
40813
10638
24942
18044
53258
15314
764
28286
47039
3601
7476
4203
43288
62015
31436
39278
49228
24607
34598
31287
15284
12459
51129
56206
16108
41982
37437
5231
57509
22544
5855
11802
14884
23693
22917
2293
18804
34105
34084
20357
38310
10485
20624
786
25067
37962
36376
50349
36287
7399
29194
14080
4594
12207
18302
41683
14773
7947
27466
13784
32897
52619
29414
8322
3064
7003
13824
37127
48362
12806
20046
33650
8332
3354
51516
7755
41120
7873
9346
21886
43098
17670
29203
40428
22100
8737
34808
11964
32861
31924
50047
4814
35797
8924
7754
16912
30004
4786
12879
18772
9572
15917
32336
17364
6771
24328
52721
24943
49999
18377
37010
8477
10074
5735
20230
5157
34555
6577
5014
43177
15871
54604
1159
5665
10813
37810
25362
8288
20122
1274
28980
5584
17581
51544
14369
60861
16669
13635
20929
51827
5515
34991
41750
13789
28529
5352
2297
44623
10321
6573
24821
13849
6650
22698
12974
9930
11693
20066
9426
35590
32275
30666
38966
4753
30960
25893
14749
23544
54785
38626
26185
1518
8271
53902
26401
37406
11446
34290
38048
45068
5483
10875
38819
15340
56859
2431
13373
34342
9134
2483
15891
4434
23562
29128
17907
17532
1624
24373
4300
6276
10878
30886
2661
4658
27973
21242
26960
9479
1519
3308
27910
16031
44121
8028
10460
55549
5551
26749
18204
42717
61058
32864
4106
4108
10252
31853
27647
40637
26527
6817
20675
617
16417
12357
14262
10754
35826
4437
12887
24726
56850
7666
19545
25661
11386
2100
21431
14973
14274
3116
9762
8378
5894
5444
59369
34383
25988
2213
57079
44791
24730
56134
17143
20295
50745
16211
17063
7042
2954
3273
56080
19168
63566
5427
25507
543
26414
55590
1724
20737
3524
14476
20491
41848
32403
3859
51090
18871
30294
38456
46914
27387
237
23678
11115
21052
9720
4329
12977
21634
31214
44930
23791
58371
1729
5939
26379
19766
17105
17921
44062
27440
29294
30244
55560
2521
23441
9837
14464
37665
230
11680
28402
13697
5124
28731
31025
7033
16973
15318
2136
1139
59205
27470
6232
3099
2414
31892
723
21944
22622
19727
45148
8360
8090
32873
26191
19938
15260
11530
557
44463
19876
4332
20143
36111
16194
3248
2671
16234
37136
5909
8422
16727
6220
2039
20572
2359
19374
72
39963
17103
53555
20106
20037
28854
17221
3335
983
6667
2831
28224
2961
12567
18218
48280
37366
46981
25423
17918
8488
17172
37637
17694
41318
44121
22987
7862
22969
18350
44055
21668
20586
12634
14449
1810
24359
46957
13890
40795
56026
26078
2775
45304
43203
12006
3182
50935
21254
14340
5257
24983
15449
10495
9570
30462
4220
22267
12813
9333
39178
31485
17561
2562
20059
31727
38748
3711
3825
28587
38461
36494
39694
9381
8817
31738
11743
52726
13186
34866
4815
17857
3401
13029
5816
20104
3995
14659
9848
14074
22621
22321
12733
27777
52858
58157
17392
6426
37431
14275
45877
20181
31454
28750
8951
10417
38571
49464
32810
9260
23901
21039
20074
10622
3073
2637
45746
21084
18195
28086
5607
16780
27545
25934
51206
4518
14856
11651
37273
6253
2058
16007
17712
18636
58267
18251
37271
14252
56105
21342
43129
10587
5175
9305
13401
1944
20442
3615
19731
19326
1249
12400
19385
3081
11058
36602
32081
34124
10344
36950
12576
4084
19582
42936
438
38289
6887
5625
25160
14183
26537
12237
23752
15613
38033
28557
30834
16281
18668
27964
16696
8263
21748
26915
19751
36654
17484
5780
22147
42289
21223
229
14928
12294
65458
17583
13784
39447
955
1007
32053
29191
25264
21501
2127
27426
8271
56424
47104
18103
24621
732
29245
5825
11684
19684
2698
30706
5530
13478
13318
30279
22478
4078
20624
36594
1301
25675
8683
18428
26538
14414
10161
14132
43792
32951
4950
1796
3199
34242
42861
16428
38680
4817
20459
48922
17429
24489
10978
48038
23678
48532
1109
12466
3476
28279
32227
14722
26670
726
32460
10990
57824
2974
25886
27881
10408
14858
14713
33945
1042
49788
1466
37126
26227
41985
2939
49063
41450
1336
21545
29960
31384
24873
15294
34089
25078
37396
24247
1056
1429
35634
19639
20770
7626
29717
34429
32212
20912
55722
12637
25322
10445
19609
11700
3915
13761
37
57133
1451
17618
57616
17507
6867
418
21301
849
9418
41533
33968
6705
30018
2581
23660
37776
607
13320
3755
50595
23101
36624
7697
38343
9082
31128
42879
270
3891
56034
17494
3157
38728
17363
48396
30499
26650
18035
2315
41779
33722
15669
6687
13135
50048
14304
20268
45558
10195
58712
17653
48183
1392
11566
31919
46569
36362
22527
7020
20903
23544
14439
36949
13354
5071
21453
14568
12876
19270
31924
54524
13101
15085
12324
5431
30812
9850
3298
23130
32100
35802
9058
50652
30847
18746
1706
3423
9250
8181
14507
21810
33279
53543
1864
19505
1348
43880
18883
49597
14894
19263
50953
19759
13607
334
14780
29144
6667
37368
896
49088
4367
30278
26415
25796
15698
23253
17019
26053
39654
40945
26835
27078
17169
11667
26346
21793
50457
51839
4395
51358
12457
32706
16055
33744
13697
9552
10267
27014
11858
41614
14438
18363
34346
14125
3677
18740
24060
7994
6439
29720
12101
32293
23461
33984
2494
9914
9333
39123
16238
38522
21527
4294
36412
20283
11569
33357
49359
26913
22592
23596
43019
16436
51423
10924
22083
4670
64828
35447
14379
45038
21553
2459
4740
59768
54422
23769
32609
24803
29754
22819
17866
2224
8645
51525
27478
19009
5529
26247
11353
21315
42295
36534
2928
3968
14575
17598
38657
20128
31014
1749
20599
40175
7973
7095
46209
10904
28102
4977
21757
4682
1386
16960
44426
951
27291
21668
8223
39572
10183
25824
28219
6215
26781
23183
22926
8112
26619
57200
23948
5195
9007
25596
5552
9680
32965
49811
36984
18988
6071
1888
40776
13577
21173
37320
34316
3498
1553
29655
4764
9388
36409
30864
2548
1435
16660
10505
32600
9826
16270
16690
21584
16101
6164
4972
25266
36646
13096
26388
37976
28086
33078
5243
20527
42083
53187
30187
29366
5474
25928
12624
7456
11208
10705
14536
15328
17231
35749
11726
10985
31287
17145
18747
16954
6304
22746
6442
46531
4959
27709
2345
32038
3064
13793
6348
16844
9714
29403
13279
18329
19839
4754
28630
17772
16176
50528
4299
46040
33396
37206
30632
1759
11320
9045
8189
10904
30436
17956
23247
15673
1036
17785
8945
4714
24249
40058
4313
1796
9743
25421
48724
17194
6101
8180
5562
4416
13574
23013
31269
37850
36690
808
33316
18382
36591
8577
21159
42776
63397
426
9269
11278
10022
49903
27249
6127
26207
45586
29515
15163
61402
39831
23699
516
11705
17495
5758
3466
12399
9758
56162
4
1068
36555
4114
11273
4490
44446
52941
2656
2326
26238
7603
16291
40893
36339
4405
35370
10040
9797
48438
5383
20987
10140
8492
25610
36003
120
17688
34927
32643
4912
3379
28552
11365
12059
28615
59786
6153
45314
8513
5778
2996
27285
23750
142
28272
17173
47573
24485
13653
2257
5972
54766
21930
12194
27125
58170
17188
9192
23862
58658
23939
17218
19934
39931
10167
50760
34105
15428
994
2444
24409
12167
8112
5777
8294
15125
41320
14817
14977
100
20360
48442
22285
2609
34791
7062
3192
10793
3122
40187
26352
1278
2338
12302
27533
22325
18412
42928
25688
5656
50936
50538
10785
54324
13987
44463
11431
58180
14027
6210
7339
391
19022
26763
2056
33458
15496
4438
7664
27876
26893
13765
55837
13154
20971
13874
30904
10683
9642
18390
18835
13461
35767
34351
28048
53367
2238
285
50223
56160
55340
23034
21255
2976
26431
292
7912
15233
27786
55540
13314
56563
3964
36974
31372
4495
14598
11736
11264
35658
16430
18719
9403
7208
8629
44674
5448
10318
31839
4065
5917
3356
4897
20802
3204
41198
23798
18456
37526
28133
3856
6803
39963
18987
14774
6595
24014
19785
36104
11878
14368
13406
20338
38140
33574
30344
2831
15961
5071
9508
46524
9544
33098
10822
5362
1324
8936
29978
59293
6166
2660
43734
35731
5679
10537
48490
28760
13242
5560
3219
3177
34152
1984
16136
12666
30548
12487
16584
47574
8915
2311
2125
57
58504
47518
34162
1225
51294
14123
11458
49308
42455
56037
40189
26462
46225
9134
10253
39361
16198
944
22629
3531
13808
43622
19046
48368
2492
790
12651
36489
5057
32116
22724
16731
8985
7397
29486
48689
36110
15724
7491
28521
50765
23455
47029
41663
4316
22882
2983
19859
18158
35214
156
33186
8091
48491
3838
52984
12741
21423
43251
849
27084
42571
22523
36396
3520
31689
909
1570
30403
26980
11826
17846
4938
12710
7222
13358
46168
7791
27998
33590
41134
27912
384
14679
12850
2473
482
24153
40647
38645
7450
32656
49468
30404
37847
49439
20250
34231
28343
2757
25141
31080
27060
31207
20906
8011
12239
15523
5756
20576
2445
10115
22570
9496
20289
720
47118
15592
27012
16054
30044
45649
37451
59440
2130
4115
10862
14759
848
10134
24159
8803
1749
17394
38041
16217
1287
1806
26631
13176
8366
7337
8725
34823
41830
25374
17777
25595
19675
25274
9998
16012
7458
11400
22114
1221
50458
861
674
46477
21808
17076
24988
11846
18719
11820
212
8190
20048
41781
10971
26074
9565
29965
43298
38450
22333
1722
38580
6305
40903
26897
26700
36783
41245
452
13218
16612
14053
57883
13485
32864
30731
48391
4669
18207
46363
12091
42105
33786
31783
28045
22931
12380
39976
10441
12657
31499
44773
12274
4709
44264
869
26874
14219
21754
23070
18012
400
50412
45035
10164
34584
33320
1839
6673
8848
10982
51231
37074
18519
35018
35692
30129
13860
42085
11971
35430
5786
53777
26651
6148
51987
8113
28536
2195
42469
19118
56987
151
6923
3125
2405
47760
20173
16781
3339
21195
10178
4559
15972
29419
32611
37060
2604
34362
51849
48546
39621
6904
6968
23825
13010
27154
36749
17118
17445
13886
38705
31966
30267
54175
17984
2163
7537
3117
7304
2589
59916
21974
2553
15434
11971
27081
19263
10971
615
31641
29085
42844
15584
9975
24331
10368
47200
61851
13417
13
17490
31277
58491
4236
26708
55972
18790
31305
52261
34700
10062
3021
26565
22498
31699
25856
6933
799
24652
18570
45518
15494
22656
45821
2547
9580
48823
8028
1540
7920
16809
12893
33572
9187
5501
19707
31045
40258
31226
12088
39784
13812
39202
36654
3079
31143
6273
26037
6129
32027
30141
25288
17574
46807
26585
5523
12455
5655
16713
30907
13431
2364
27267
574
17776
40689
3875
6928
19654
2372
55027
8771
24239
31915
292
44214
42156
15915
43001
41092
10047
18661
48050
46471
7220
17122
15516
43791
3113
16200
3875
25021
11808
5416
11345
11434
22740
681
19572
40207
15226
6355
29444
24276
9554
8
32129
18771
40608
28113
10071
19158
26633
27964
4639
38064
12182
31058
4022
991
3757
24961
7221
32687
22542
23400
33176
38357
24015
22411
32730
20906
44555
33083
35090
43579
10073
776
53236
22313
11539
13215
42195
4529
6571
1248
4127
10818
25156
2273
16427
39037
6942
40565
18620
700
24485
30562
46780
5458
5190
23242
8714
35938
19339
2294
24691
23818
1045
6324
6771
5420
7940
25076
38873
18912
4214
29565
15627
35950
48168
20239
58319
13467
12296
4241
38507
39175
53114
7568
27970
57649
17373
48915
18613
46568
7054
25191
10084
19526
9031
33600
40343
9496
7281
35487
49167
1094
18104
49908
32787
36334
49231
2930
20306
39580
41435
27941
16242
53836
8660
1456
47615
19441
10626
37025
56514
38160
2514
6251
6034
37117
31485
17114
39058
23794
59528
4809
45676
52399
39522
22500
18126
16426
19685
8992
20273
24741
44988
9289
2092
44486
17875
1966
11297
35931
29105
1930
2659
20866
25424
14713
9520
24885
57910
5633
25729
7999
3123
25347
45631
4524
54872
9915
19907
51174
12685
16620
45496
32187
42373
17296
20618
5281
19329
12082
29
15860
4026
29761
42374
5594
30689
47616
15225
15895
28766
8058
36449
1142
51309
17917
39746
45302
41776
53290
49114
42289
29365
15345
12535
52164
21318
21568
64971
13613
13994
1775
48873
41304
22942
5856
30607
8158
34890
3537
40234
1180
25058
36803
14013
53418
51391
18090
18112
11407
32830
31816
7793
10846
17495
30679
29255
1890
17751
11921
836
37476
13742
15498
28839
19176
1918
27837
4482
3396
7826
32680
26747
22437
28375
1350
50181
20038
26047
37127
45087
3480
52103
57886
8286
25369
32496
46241
3200
23816
46314
45786
47531
11403
28709
22642
1880
4206
51908
8716
18663
27458
11874
32151
51830
29537
46934
431
23040
1629
15022
20231
37265
6938
9807
18998
42241
54388
23731
8482
19341
1215
15216
47841
1076
20971
2106
15641
24250
39918
2885
39319
25202
2523
6803
8859
22642
12436
6973
22622
49452
30882
21208
23569
44770
4451
10893
21360
14465
33012
13258
24529
17851
45179
22261
6155
32786
19692
958
4184
3842
16857
31260
22675
49516
7710
7369
44509
39812
16051
30519
19571
13921
24512
49699
1381
28719
4447
55725
36495
10451
29126
19743
20156
18122
38792
36920
26433
37200
14626
50741
29448
12005
11599
17289
14193
53365
30686
3228
35030
8064
26857
13056
32231
23790
23085
6693
25268
12393
16741
48696
34104
12959
27937
15275
60391
32625
28438
44342
24580
13448
12786
48376
29382
5503
18109
31605
50005
13162
36750
42676
8394
6649
1972
39982
2456
2693
38779
8754
45197
28267
14188
5906
6564
28300
5866
38067
22391
7721
8084
4006
31494
237
36063
36494
30694
17124
15531
5983
44021
63483
9666
23742
5868
41332
30186
2312
59602
31907
59293
32863
43439
34699
61369
14853
12495
31281
3458
9797
12657
617
25881
22326
3159
14164
18349
34296
29183
4407
23242
10245
32722
24554
9164
11624
18767
44924
9666
39598
42726
15148
10906
4526
37769
44762
9147
4724
23945
33774
4133
35456
21720
30789
8194
9902
39469
19391
32782
16723
10734
22171
7828
42360
30723
10361
15674
2773
13345
16240
19435
9947
14553
19833
56503
47004
11259
30340
51334
33700
34554
22089
33153
54364
58919
13524
7584
40385
15749
4069
54239
46047
34841
18481
39953
59499
16920
39107
25991
6441
329
22235
8887
6815
6887
6166
25014
2523
6139
12111
45915
9332
44530
49802
19439
21209
36889
43018
14677
2094
2956
29416
1663
44276
50864
9219
22190
9654
23571
8222
31891
49820
11404
11470
27217
4447
12797
49422
10124
5516
37225
32433
6221
61588
22648
39969
15348
41420
12051
35667
49
33504
3339
8404
9506
953
19236
3595
15618
3092
36014
18379
9739
6377
36319
42097
10543
58560
27105
22765
39938
5734
16923
1086
1390
51108
15702
4641
16020
3172
13618
58552
13145
31435
20492
16589
8040
29307
53503
37004
16620
8035
18516
1687
15904
45434
41425
9144
37434
8549
14629
48219
12949
5401
6463
959
5180
57524
11542
27295
5523
39940
34534
9711
21763
12611
11420
11154
2580
32128
25358
12272
5160
14742
19372
49931
38792
36557
46845
20124
28399
19715
18655
20503
20432
40204
18237
47019
18534
11653
42496
39223
23317
84
46341
318
9757
12948
29719
45573
3239
4057
9024
1010
55347
4753
20147
63233
26576
43677
16755
30676
2586
6175
47998
20583
13447
17806
8505
42339
48833
46465
3551
12836
7817
54677
17741
54067
43781
1738
42186
41147
25928
9639
29765
19432
24222
4614
21057
14017
5849
2365
47487
2776
58461
15126
12212
21836
4974
16504
49687
46071
33944
32737
42627
19657
46949
30967
9946
27632
21600
25081
20202
28396
52388
22770
15493
7899
13606
23823
25242
30491
28468
50256
16073
38321
8379
31364
8977
26032
18777
3887
25553
1011
28226
19325
8743
9583
7418
36230
5709
43371
29040
26850
5848
22677
42675
8849
1673
52975
5279
22796
24384
6439
6858
15440
51819
28246
8532
6548
47431
2554
4247
8508
11091
11232
5753
32353
12278
12260
30161
10853
41922
28281
15871
50397
4753
7984
16320
56946
10125
19766
6620
35013
13002
40749
11954
29822
50198
18154
27786
39116
23857
36611
5966
11391
38413
19336
27940
61707
5126
49659
11900
9668
17413
921
52286
47369
21741
34592
12164
14378
10295
11050
8597
21901
5918
31663
21139
30499
15469
32326
7541
21095
19580
13415
6523
36951
27655
32380
5530
17032
10971
21670
863
34704
53173
2065
8573
33479
548
37078
63382
48051
27888
56277
3135
4919
9797
29021
9044
3029
2458
4351
9975
34052
28748
11750
37469
22565
2853
32544
22261
13074
55065
45038
28173
42369
10037
6015
17314
5492
7563
39155
32490
982
396
31349
43964
19353
19266
53156
36852
686
4859
34152
43265
27651
56343
40249
19325
46678
7013
20595
11911
18048
44615
23858
26361
5049
14478
12591
37421
13668
9014
12027
2780
8180
23295
41752
31244
50536
22065
7360
17782
58996
3989
16023
61408
7793
53789
13809
882
12389
20158
20700
10950
46462
34877
17388
447
47811
46373
1440
2368
41267
3443
17685
35329
25707
34744
6164
26280
20434
31376
928
18159
10817
46159
381
51539
21349
413
14076
512
604
11371
52824
31863
40440
49430
13131
13496
37092
33471
13075
10502
37908
11886
24220
26960
37600
2334
50517
57680
270
2649
7918
44516
24389
34450
49492
10482
17876
15386
14394
6179
20307
4749
10229
19170
10386
58693
47758
30625
6024
37535
17388
32528
45398
37470
52403
35980
17250
24379
15044
9682
39695
16719
7270
2096
11222
10719
9798
53674
14924
20461
34924
5649
41343
909
27347
972
16587
40515
14769
12563
36238
6238
34380
418
23507
25816
11339
24711
15573
38923
33184
33415
29720
27933
5966
16933
28878
35987
6430
37516
48518
38535
22323
36823
39707
2021
11623
51003
5473
7188
20650
61274
919
13541
46863
25758
30800
35349
26068
33576
11169
26463
37501
11685
56361
20750
3417
33859
32744
34537
12091
20063
29964
36136
37347
13768
26688
3260
12008
3006
27987
8906
17301
3819
33469
9544
12937
5319
10246
10978
13692
43953
1157
38445
33403
47629
16937
22562
38962
2025
24038
12320
5964
30891
9804
21377
28287
6028
11158
27977
7626
27090
54995
32201
26680
42671
10314
29473
32387
4972
31443
8005
37580
55170
32871
42181
11503
7910
3687
1329
7650
6806
12903
6699
218
24450
38829
898
904
45769
51711
51841
15161
27607
2559
3643
46586
47911
1420
4619
15696
32825
7994
13754
35575
46897
37063
20336
4467
42911
5897
28916
10690
48874
47621
20446
5520
16625
14865
188
40464
56765
32199
12394
5488
37401
33899
1439
23452
15944
17001
15427
54210
12272
21451
29865
8286
19763
3469
12219
11125
19106
10196
16794
5154
47955
15098
35671
2847
5095
20415
46764
29472
2626
35180
5213
43602
34659
32753
44665
10306
50678
11070
52519
58144
13532
38041
9376
15075
49824
15771
9433
18583
18366
44397
10939
2752
9899
52823
27357
25736
62026
4007
2440
33896
12955
17213
31220
46841
19193
24840
18315
19779
26512
5312
34321
26738
14010
30532
21961
39134
18187
21681
6386
62549
36193
9828
40692
34080
868
39976
6467
39045
19021
5616
10117
3470
37618
27028
183
32717
11984
5274
1789
5560
26632
16255
61237
35326
9939
2915
3665
34690
5301
40754
1475
7297
1311
26047
17131
16540
8441
25765
4313
16083
16512
26531
6350
7961
50443
20521
19383
25797
21644
14752
30205
7797
15042
29299
17111
9425
13694
24830
17293
10064
29750
23417
3695
33358
30010
9682
5971
34894
2318
12797
11371
12550
16675
7542
9200
8430
11278
12819
6646
38939
15845
41590
26779
48858
33917
29970
14536
8022
5306
3394
9210
16194
8764
37676
12220
7994
21993
45375
3522
26244
54607
15105
17337
21484
23498
21283
34824
26820
26158
39261
2189
19139
36418
7000
20292
45945
9380
31010
40917
39377
10681
32143
24210
7051
8232
10927
11863
22926
53328
25789
20693
11246
38476
22826
20943
19342
6035
50013
33218
26982
6112
36348
7916
35177
21946
36242
12568
17152
45189
4037
23364
31830
6608
20303
6165
23133
10753
27035
22455
5044
35173
9569
58469
13634
25756
36734
13322
46909
49996
40251
37135
36061
871
49561
523
2446
2157
40995
29813
55768
191
7311
9853
21989
25205
15103
37500
18993
62732
17936
47881
38320
12761
27203
10625
20075
55
9070
16591
4884
24090
24523
43396
28178
3774
52237
13309
483
1475
2043
25284
2790
30053
49789
9102
59141
14914
17365
14341
19157
2448
27015
41202
36759
8344
5184
15036
5281
7241
26937
26322
23484
30013
1170
54361
28861
4298
13909
6554
2462
47303
46417
7694
3034
10143
17309
35107
4395
22145
21158
61120
43654
31305
10021
4171
46933
1373
12386
8706
32377
6057
4789
38625
6630
456
20222
34723
17621
13457
31448
4393
1242
1278
41967
6280
17893
45791
50209
38526
38803
11667
29066
11897
17974
2164
20404
13527
47984
6482
37898
3077
18987
39184
23796
10042
1919
40540
17422
7245
8100
35505
12640
8942
50627
13091
51803
58323
29610
2334
7992
3217
38301
40238
5277
25460
32976
22784
20115
1464
23875
42897
22954
37744
6443
26623
17994
16024
4794
16939
11038
8057
3984
4415
34381
45237
22176
257
6485
4834
24995
27024
44234
26003
42154
12217
11880
3068
32622
37382
16330
20127
7117
27555
7978
20868
12631
51361
37237
15484
1264
52817
23624
33631
24456
122
32768
12857
11756
39980
44720
2777
1818
19796
21048
10137
32600
21037
11051
25125
8203
5737
20143
1211
15894
8040
8124
5521
52948
4123
10177
2813
28783
22834
853
43616
38994
43785
31017
8926
33061
16593
9189
16910
48255
37109
8311
44290
18605
5292
7967
19757
27585
14952
12907
26766
32077
25746
6243
41960
49815
22291
27236
33185
32218
32265
2771
6152
19398
13146
3148
22672
25000
19027
24271
27971
48000
27699
43013
34663
45894
21314
21602
56891
4139
17387
3233
9058
34580
4371
26538
15326
19142
29119
23466
6267
29514
29377
25658
18777
16174
24004
34769
12262
36668
35672
32859
8717
36874
5480
25714
29944
44300
13480
16960
30739
32005
31850
49509
25587
36608
11120
7743
17528
12455
743
43498
48256
