100
486 13
180 204
82 412
220 757
125 547
869 786
43 576
117 725
114 567
225 968
941 903
548 27
680 859
472 35
346 384
87 663
867 522
624 958
715 949
185 844
630 530
105 53
778 363
931 914
881 582
484 846
873 821
679 723
448 552
626 150
813 795
6 714
361 369
318 631
474 75
605 193
247 794
157 401
314 715
297 778
313 194
705 781
193 185
427 383
533 642
126 53
457 36
405 132
763 818
584 413
607 928
721 188
589 544
258 568
35 593
787 555
26 348
533 491
564 219
861 961
704 788
824 987
810 851
358 919
22 572
189 942
821 629
172 601
168 409
693 430
676 895
242 479
661 702
921 466
116 224
702 472
148 820
360 525
134 958
220 718
660 156
475 409
9 480
579 337
457 869
763 271
441 132
524 695
160 101
15 135
607 276
786 718
933 755
713 145
864 757
913 933
31 213
383 77
414 41
600 962
