100
7173 611
5115 5819
6612 4670
9043 9367
3172 9320
179 1986
4354 8534
2834 1422
879 5185
4401 7409
4087 1037
3532 7499
8714 9104
334 5790
5630 4699
6389 8025
3843 2803
8552 2582
1949 1534
1932 7594
658 6200
4733 2111
4612 5013
197 8647
7134 5491
7607 5677
3175 2299
2481 1139
6929 2968
8746 2815
1918 2558
6440 5135
7717 5762
8375 6071
4743 744
6945 1385
3496 5402
414 2756
2481 9188
4678 1690
7367 9615
2993 2285
4503 1620
5667 5474
8290 2510
5068 4413
9548 207
7048 2587
8658 8343
9088 6501
7886 3400
9881 7111
945 2461
1648 294
3063 4506
4120 6326
9690 429
3129 7113
3666 5271
7781 9875
4287 1955
3241 2849
6515 4913
4335 1368
7869 5172
9651 3422
1611 6834
9295 610
904 3635
8141 942
8347 3968
5476 2261
452 9116
4386 9684
9559 5197
8231 2167
5016 4924
916 1472
3919 2609
7781 5251
9752 2866
9700 8510
9120 1362
4997 72
1014 1103
6150 3138
6478 440
9556 2704
2388 8009
3206 3941
6108 3025
7949 1436
3987 1123
4811 8865
5194 8985
1851 2591
2180 4945
6307 2629
2702 2378
3481 2383
