1500
8776 8793
5484 8662
7948 6775
697 7694
4397 9272
4137 2082
9640 2358
1558 3693
4681 2277
280 5395
6308 4702
2074 8514
3196 1177
8094 6857
7398 6935
6807 631
371 7253
4027 2290
9984 8320
7591 5803
7886 5459
7817 1727
5420 7525
881 9375
5849 1180
6961 2240
753 2156
3333 113
8050 3949
1963 1427
3137 6526
3778 8770
2138 3509
2907 8884
4687 3200
8660 497
3303 3651
2254 6476
6930 8723
981 3135
6455 2778
4934 7942
9135 7208
2236 9346
1851 7184
3709 4199
4047 4989
9577 7488
6371 6185
463 3562
4059 2136
6866 9123
5599 8441
7163 9121
3334 3607
6385 9224
8244 9789
8076 1318
1742 7378
4561 311
5589 3594
9662 8271
5758 714
6899 316
3878 3207
6423 8441
7564 9016
7456 3288
3487 4241
7848 5697
4920 6822
6610 4232
6629 3164
541 4685
6075 9450
3043 6182
4452 1663
2377 3783
4099 1288
5574 354
8796 9056
8071 1996
6364 7438
1678 6605
2302 9851
6672 604
4836 8301
2543 4361
124 2543
1992 4164
345 6200
8942 6115
9898 4797
7164 2398
3831 3997
3052 2737
5813 2626
1142 2202
8807 2176
2026 3899
4503 2187
488 9778
4138 417
2960 3031
7195 4262
1540 6032
2146 8619
3415 482
2880 3122
7119 578
4395 6711
416 1250
4531 207
2383 2637
6537 4416
6604 5488
5265 1039
2536 8171
1201 481
5823 5496
2606 9476
8094 7363
8924 5831
8954 2588
4245 2882
672 7151
9480 8640
9926 1088
4804 5089
9506 3387
8876 1340
3459 6109
5358 5219
5701 5995
2569 7638
7113 2602
9965 5176
2085 6286
9953 8889
1770 1038
9269 4197
3916 2442
4609 8748
3837 3841
7229 9414
1832 4421
1608 7183
2401 5291
1285 6966
4603 9181
1782 3855
109 2795
159 2826
2793 2194
3233 111
5387 5642
9164 3580
2327 9303
4223 4851
5343 7243
1663 2530
9713 7176
2466 4350
1315 3192
3452 3752
8686 6998
871 6313
9139 8795
988 1030
2220 3010
8653 4221
7801 7607
7989 8895
3745 1207
9529 3290
5820 9089
6264 2271
6621 6611
881 9809
3560 9016
6013 4333
646 3324
2118 6884
8993 863
4953 3107
8407 1212
8819 4684
3578 7287
9573 7886
1175 7323
7490 9101
2450 8074
4684 4832
4641 9072
9166 5566
977 9280
2604 6257
4219 1623
3566 4722
8908 3211
5502 8519
3202 7315
4601 5399
3285 7859
6260 5252
4352 4460
2534 3750
9661 6803
6953 8297
4941 4301
4660 7197
3453 5919
8621 8343
3064 8751
3040 3265
1783 3051
365 8542
3940 6064
5001 6045
1296 7225
2764 1261
6090 6727
4608 6377
5752 5750
1130 2639
9836 693
6612 5790
5211 4367
3117 6311
9577 8275
2404 6157
5777 2438
9582 2769
9893 9718
8021 4582
6922 2267
8995 1863
9319 3011
9841 3602
7321 5071
6843 2049
8918 7156
1523 3454
843 4128
3481 5719
2955 419
2858 5886
8655 8732
8449 2439
8100 9627
1893 7549
9412 5022
9112 1966
5569 9810
4880 8952
1000 2889
1123 1722
6255 9918
5124 3725
9445 7098
8597 8606
4491 2399
2209 2533
4972 3145
3850 658
9286 4150
9172 5744
7710 9776
9585 8284
8314 4357
8325 5543
8344 393
1389 527
4252 4598
2775 6514
5119 4775
7174 2450
4983 9610
3833 462
1120 1033
5183 7684
4506 1484
1259 5434
4796 2215
7652 1923
7466 3109
3502 7055
7582 5810
1486 4892
2484 1834
7688 5340
8869 7603
7212 5941
6403 3851
4884 1044
9807 7523
85 1146
6580 4312
7607 2423
4346 2454
5563 6337
3391 1812
8701 144
6115 973
3886 1265
7685 8599
6201 1573
7514 6553
404 4491
5535 3916
2517 6367
8592 6421
732 3681
6105 6250
8704 9418
5754 450
3341 4267
5490 9146
1197 3120
4386 1604
202 6162
8814 2070
8623 7482
1972 7407
2401 105
7552 8586
5006 5998
9679 6143
2393 6818
6235 5783
7313 1096
6442 3068
2213 653
4853 1931
4614 4489
1729 9239
2387 5895
3376 542
9028 2088
2194 6427
5013 1429
7427 824
6967 1097
7915 7105
3967 438
1535 4150
8297 2358
3011 9056
987 509
6077 7864
8181 5601
2575 7806
9427 567
3735 5951
3457 8455
962 7008
7832 9549
645 8389
6572 5877
6316 8561
3789 1617
3975 7851
6906 2085
3673 8066
7008 8972
5652 828
9713 5189
6835 8227
5256 217
8672 1648
8656 9792
9340 9634
9101 6487
2364 9986
9625 5673
8369 9759
8688 3413
6577 2344
409 5593
5644 1328
2156 8496
4763 2374
600 1868
2085 2677
4325 6935
6727 1836
2548 2981
546 6066
7130 1649
8401 3989
3747 6754
1245 6769
9113 2434
9107 7822
9150 600
9097 5829
8203 2384
4252 3859
6536 9882
7895 7417
331 1940
4921 5700
1766 2879
4528 6546
1614 9975
6729 2928
9698 6440
9954 7974
5796 9889
489 138
5967 6024
8409 664
4523 5248
5129 3739
2234 2138
4078 3023
8724 2565
5445 77
7702 1568
1542 9973
3980 9316
5756 9350
7324 4756
5723 5709
5847 4198
1300 6212
7955 2892
8140 787
4527 3557
5695 4347
8449 6761
9327 851
928 7172
9819 5850
6901 9709
9025 2440
2868 880
6715 5859
2646 191
5468 2438
9729 9572
2463 7848
8635 7684
1240 1681
6028 3161
1001 8014
8865 4476
2727 1406
7256 871
579 3624
6064 4156
6116 682
6541 11
202 2830
5268 265
9837 6750
4597 4997
3759 3378
5059 4310
8551 4999
3012 2165
6642 9552
2036 2955
4905 9369
4071 9292
4526 5484
7246 1214
1225 641
4551 4865
5131 2506
9256 9819
5894 4967
8346 4931
9242 9653
5730 4483
6649 7792
8422 9821
2775 4369
3737 457
827 7680
4243 8887
100 5353
7074 1488
6353 1325
3832 1624
2521 2562
7530 3087
9098 9495
9147 6954
2515 9418
8288 5956
5776 9164
3532 6709
8245 9631
8389 8348
7235 150
6582 2631
5198 7335
9740 4734
6358 2630
5192 3571
6658 8880
8374 3800
753 6834
6251 8599
5633 4348
4590 4538
2325 1409
2118 9202
7549 1648
2877 506
3138 5862
4276 9460
4193 9415
2044 4015
7586 1630
1588 8316
2115 5322
3235 1040
717 3948
8296 564
5103 6351
8839 2885
3165 8507
1234 956
1462 714
7655 4111
4649 5679
6173 3009
8103 9922
1551 8217
7611 6767
3168 3139
5258 9727
3674 6403
6967 5975
2325 3048
7012 3148
2734 1163
3198 177
1970 3968
9158 4661
1418 703
3713 4886
4807 7591
6887 2894
9662 6358
575 4497
5302 2829
310 6912
2886 54
3102 8356
1504 5212
7454 1193
1370 5317
363 652
6392 4419
5122 9521
4406 8889
6480 9914
3887 9213
6649 4445
20 3548
7456 8303
5214 5323
5377 8845
7200 8101
4391 9559
751 9783
5099 2923
3575 3200
7619 5462
4983 1045
9935 3819
4812 467
759 7493
3016 8699
3325 8487
7869 3036
8359 1859
703 3082
2261 4815
4373 7903
7686 7731
654 6203
9403 3863
9326 5308
6354 8100
2997 5387
6933 7367
4859 8888
7586 7692
6179 7875
910 1989
3848 4047
8208 348
6242 4551
3533 1548
9279 614
7896 2297
6160 1011
6320 8377
7555 5485
1950 2673
39 551
518 8884
7654 5977
3851 8104
1172 3832
8958 5840
7267 5020
9572 8245
9793 3508
5201 3104
5401 149
1161 3096
1472 2639
9204 7481
1232 9027
657 1153
1115 2350
8327 1175
357 8770
3680 3256
174 1529
6550 3717
1961 8521
2028 7200
1382 2832
2981 7230
1404 7862
500 4142
2701 2877
2982 9704
1936 5012
7362 3639
5893 3051
1820 6767
1101 6251
8859 5501
9218 1276
875 6487
3686 2257
5089 2903
1211 5068
2929 9149
3291 2616
5493 3430
4212 7071
2083 9554
4272 6148
9200 523
7291 164
7494 2098
8678 8392
746 6353
2839 8974
1230 1621
5604 7605
2672 7398
6547 6815
9431 6681
1189 9838
7987 6002
5556 5401
1549 69
593 9828
1070 1827
5004 8963
8433 8565
5996 3682
2655 9180
1879 8835
7518 4965
2362 7483
5377 190
6871 8909
9825 4807
1888 8060
4539 7812
8960 8523
8350 7167
8994 631
9594 498
9063 5077
8759 9106
8285 5058
4972 2492
7457 1242
9805 2489
3758 9820
9807 5181
1066 1707
845 9632
8522 2954
1476 5385
2551 8560
270 904
1403 2624
7701 942
47 1544
7682 6459
29 9411
653 3732
7300 7487
8385 457
5638 1058
2765 9270
9980 6704
737 3611
74 8501
8140 2213
4197 2625
5249 8410
9352 5600
8223 4028
486 9400
8810 5904
9636 1595
160 541
998 6936
9073 9624
8893 7715
5498 2916
7606 8873
8452 6235
9527 7680
1384 6591
6079 3723
401 6633
1740 5431
5909 9704
5607 3305
4900 5797
6339 6322
4336 5060
4683 8416
6131 3408
7403 3576
3527 1628
8942 5009
3767 1978
9649 9547
4349 5151
2863 5727
2236 5829
5532 4603
7908 8145
3942 2218
8540 3887
8947 280
8696 3954
8441 4709
9364 5905
8612 5843
1930 2890
5947 7553
8179 6777
3006 5595
2401 2527
8356 5869
1550 4637
2782 3888
7185 537
4424 6724
8083 5724
756 4449
9158 7857
3762 9197
5039 8521
2489 3452
2084 8049
4825 8437
5110 262
2789 7831
4779 7511
2148 2223
7190 7408
9024 4930
2732 4374
1176 3447
8976 1893
9750 1932
1128 8133
7733 4590
8043 7247
6374 1300
9737 126
1467 1198
107 5926
3436 5335
7558 5965
3373 5584
1592 4748
200 2396
6923 5403
7296 1377
4388 5898
5109 8125
2714 5517
3842 3920
5221 1835
3040 215
2492 6036
1961 4507
9842 3678
9644 5398
2060 8479
4305 3016
6491 4732
134 4505
6961 4492
389 7431
6634 1349
7945 6578
1576 426
2262 1786
3080 6797
3912 6381
1967 5572
9250 6952
3428 2887
1365 9972
4066 5489
1299 6749
1254 557
5049 1433
9943 8215
642 6518
3095 6576
7003 8587
1451 4671
2547 9265
6724 5610
1181 7538
4489 8691
2657 1510
1481 8997
5564 4022
771 5548
7184 6863
8296 3104
2397 3311
9829 8239
4814 3040
2705 4002
9753 1816
2159 5236
845 3378
915 9963
8653 3106
5695 6483
6558 1309
6411 7176
3802 2121
8984 8261
2443 2064
5376 8359
6597 4840
8959 5204
285 2489
5385 2743
7979 37
3415 8623
8585 8824
3008 5409
2970 8317
704 8703
6958 9529
1649 8194
6454 759
3903 1712
70 9976
4816 9279
5561 7746
234 4853
8675 6925
6962 5619
4242 6653
6556 1455
6864 3905
2221 9564
8267 9835
441 2926
1119 5224
7062 2090
4881 8653
8628 2043
2400 4951
2696 4522
454 9041
5965 4010
707 9129
6861 2927
4382 6028
9934 3416
4058 2325
2159 3233
6159 3403
9706 3679
5769 8358
7010 6768
9890 650
6680 6716
1238 2290
1330 455
5544 1692
1899 7295
221 6251
3358 8760
3254 5683
8008 3291
7603 7313
715 1245
4924 3762
3198 421
8268 1771
3500 207
8002 8157
446 180
1714 9240
2010 2855
150 7258
4587 4989
3748 1450
7133 7945
2314 7003
4315 6219
7464 9918
4758 6109
7609 3466
5238 7956
9242 5876
5112 9817
1075 7243
7562 6637
9493 2789
46 650
5639 9643
2171 5713
3657 9388
7469 9305
6602 5972
5889 2862
8971 5145
8611 1725
9681 7659
4613 4927
4744 8922
7243 9725
7441 5819
9688 4804
6534 6933
7654 9734
6525 2172
2638 9825
207 182
7233 106
4047 7889
3033 3121
4846 3018
1755 1643
6571 5605
5605 6368
7172 2393
8212 2847
8731 4612
2623 7899
8712 6343
8515 276
1179 5236
6497 2232
3417 2466
354 3729
7929 7465
1561 3387
5030 3853
9458 3316
9684 2679
6151 6141
8989 7934
2545 5442
3340 8798
5140 5168
5444 3130
9446 4733
6965 7703
168 7021
750 1461
8926 1601
4988 8679
3611 486
4881 1096
4855 4147
288 5643
3577 1005
6447 355
9153 6122
1290 866
5075 4292
9025 7813
6594 4520
1541 7069
8530 6762
9442 3370
3127 8534
9020 4429
5526 6738
1964 4979
621 1459
2464 2252
2607 4198
320 9991
856 1759
7130 2689
1580 5931
1530 7233
5380 8175
6015 4150
7520 3909
2442 5457
9886 1725
8464 2540
7519 6490
7949 427
3758 9220
3417 1492
1482 6365
9203 4816
7505 3417
426 6332
4643 9086
8339 1956
7185 23
5011 4353
888 4704
6430 8533
2151 1853
8343 5972
7478 749
9969 7371
9942 1235
7600 3385
8202 2502
5919 7881
4212 5706
5870 6345
9381 9934
9957 5287
9641 6565
2348 6047
4579 1607
3460 8778
5828 6730
7479 2882
1331 3305
5619 7447
1911 1272
3774 4297
2177 112
6897 771
7116 7468
7401 3846
9133 7575
4140 8437
4483 9852
1459 6488
6344 140
6870 5998
8880 3250
6555 5428
3953 210
2561 2173
6470 5864
7055 7414
8185 8647
7193 5031
8877 6380
3954 4593
3029 9088
8940 9173
6739 8591
8731 1477
7475 3082
6332 6680
3186 7434
8723 3965
7217 7139
4082 2363
9777 4765
4490 2215
7246 9041
5420 1682
6276 6122
6289 452
9626 383
8975 5228
7784 6364
525 8784
5463 5258
3770 6857
1901 8649
6867 2493
4856 9118
3883 2027
4242 5711
4751 8373
55 2567
9768 170
623 7410
7793 6056
1283 1327
8770 7846
6630 9067
5404 9295
7231 2092
1820 252
2745 9132
8249 9766
1792 8680
4391 3210
2662 7113
9680 9142
9313 2717
1205 9448
5503 1014
3420 76
7923 7866
8011 2189
1484 4552
7723 4493
4746 8715
8925 621
386 7491
7250 8252
1462 3257
370 1640
781 4124
7920 49
575 1172
3265 203
279 6079
3944 6685
9954 8202
3832 3033
7527 1437
1230 1555
3255 2272
841 154
8406 3642
6899 8091
9731 946
6149 8348
8398 1591
2763 5147
5350 51
6130 7108
4871 5630
4910 1152
5265 4824
6261 8743
1376 2791
5063 8570
8724 4631
9352 5904
3995 8209
233 7330
5677 4804
6395 7462
2608 5153
5205 237
7345 9038
5746 2413
4645 2215
7040 655
476 9910
2700 4379
2949 1852
7563 8842
4745 2751
959 7993
5322 9819
4623 2272
9734 999
6152 2096
2333 3420
2457 2435
4849 9678
1893 8203
8859 9494
481 11
4390 9335
2266 3181
2022 7339
90 907
8900 7846
8744 2128
4400 4222
6300 4445
6541 5212
8633 3530
5966 8875
9631 1089
371 1893
1386 2602
2613 9230
9643 2946
6127 8083
5421 2987
3894 9228
8152 6590
9798 3873
8095 6895
1339 5276
488 5473
9003 7881
7834 199
1288 4968
6861 7464
66 1659
1967 9326
2271 3758
1840 2689
5676 9477
9783 8341
4930 649
4522 7935
4829 4727
1082 3695
9168 7248
6207 1570
1769 8170
4217 4040
2582 4136
6875 2156
2561 3727
7486 9921
2609 4832
5388 9326
7666 9365
13 5170
3104 3675
9481 5614
9309 9013
6260 562
2132 9555
7724 3545
8664 4980
195 3019
5176 1245
4973 8149
8069 7737
3647 3537
2862 1757
1121 113
5284 1607
5282 2213
7827 9467
9558 4762
5325 8214
7768 5817
440 8536
4595 6570
9590 9104
1428 4790
4017 5844
4659 6401
9938 3164
4921 8306
9499 3878
5485 7121
412 5861
5327 1845
6608 8239
7531 4885
1780 3011
1546 5298
1868 3300
2403 6141
2009 2536
8380 3831
1310 6026
9191 3038
2422 2326
6205 5190
2311 1920
7781 2768
4614 2723
2041 4187
150 2300
5311 9572
4870 3009
6309 7936
5156 7817
352 8713
3622 7165
4270 9811
2848 4933
7259 3460
9729 5270
8270 4542
8390 2039
5842 6050
1315 4082
7461 8962
8533 1465
4475 3850
1785 4481
3376 1862
574 6941
5185 3728
3538 5276
208 9455
3993 7465
3814 8546
4167 3721
6840 2083
9212 3635
7717 3760
2721 527
3071 5177
9027 2332
6814 8625
487 1890
8832 1268
4997 1061
6337 5095
4549 9614
8158 7624
7249 8542
3341 1971
4054 1415
5050 180
3940 3265
4871 3845
100 7740
72 9022
7646 205
2095 7965
9233 8133
273 2005
7100 5308
6001 7689
5313 1648
1268 4158
6129 3640
6134 4610
5869 1261
5605 1183
6107 888
8628 1555
576 6207
6412 9779
7743 8222
6355 9586
1591 6976
2283 7707
5395 8691
1418 8284
3520 1786
5426 2686
7296 9649
1988 1559
3821 4244
5132 7594
9149 9928
7213 4838
4617 803
9025 4703
4289 2359
413 6458
4164 5880
4570 2697
2059 9560
1345 5988
9754 5580
6307 7851
9410 8128
2371 9375
8047 4310
5316 8582
3420 7195
7998 2529
8311 9116
1474 8101
4559 2599
8479 1888
5664 8723
8282 4128
1194 8802
4381 706
9636 947
9076 1767
1141 123
4433 2525
2186 9188
7461 9750
3357 5606
4721 6537
5716 1667
5346 7274
240 274
8998 3824
9031 6983
5785 8358
142 225
2251 1244
4090 9778
9902 2405
4931 5231
5497 5413
6241 7117
3801 4036
1651 9598
2344 9601
7953 7368
7642 7690
2592 8194
5176 7718
7155 1623
1848 2039
3284 7297
8154 4099
6505 8453
4763 9134
4546 2514
709 259
5375 787
1463 4510
4110 7026
5472 3807
2575 2062
1334 3114
1910 5168
7870 7590
707 9065
7441 9718
4895 3991
3523 5594
4727 2478
6071 8286
9624 351
1138 6780
1289 4998
3103 2602
6409 6478
9620 8575
2767 63
6310 2032
9622 4678
3742 4179
3896 1408
6478 2261
7855 9870
3427 0
8286 3660
4012 9498
6278 7910
2907 6229
8831 8646
6203 6010
5664 6319
6382 6901
8933 8431
3108 2691
6870 9634
1041 7930
190 1844
2792 7519
7520 9125
3863 6219
5717 5805
4793 8954
5183 3073
1718 7701
4789 4013
331 7921
4821 1531
9963 7792
1561 4833
4466 4149
2078 8431
1353 6586
5183 3348
3551 4146
364 2702
9587 7414
6368 7160
232 4379
3158 2629
6642 3030
2029 9027
557 8053
6923 7930
2762 1598
5748 8485
6915 8307
5971 7826
2252 9348
3493 1153
