5
50
64 30 29 9 52 70 6 35 53 65 62 7 2 15 69 48 5 49 44 25 44 6 57 9 8 6 20 10 43 41 8 49 61 48 14 58 4 58 55 49 23 1 68 65 69 6 24 56 32 56 
50
67 56 3 18 19 44 40 23 63 23 65 8 10 49 35 62 55 46 55 64 63 44 45 50 20 5 27 30 61 53 68 59 42 37 28 27 43 65 70 61 60 35 46 38 9 9 1 1 61 64 
50
22 69 6 6 52 38 69 40 27 52 36 5 47 69 6 69 47 13 66 27 60 25 14 32 26 60 64 30 70 29 16 3 60 56 20 20 39 17 67 23 52 4 62 69 51 20 1 25 14 27 
50
35 62 14 36 57 42 60 46 47 48 49 7 62 17 5 21 41 31 28 32 1 49 53 16 8 68 37 18 17 35 58 1 39 66 50 22 4 67 4 13 40 66 68 44 57 9 12 42 1 52 
50
22 18 19 63 23 21 70 40 20 13 24 45 28 3 53 42 65 44 3 21 3 26 8 26 12 32 17 30 21 46 68 53 62 43 44 44 18 40 69 45 61 58 50 64 10 68 19 64 39 37 
