-1266479517
-457248431
213944601
-548080202
-1981254295
-2363516166
-1751905763
-1830537389
-440965531
-59465192
-1392272482
-964479137
-2652886331
-1129660697
1304315243
302735133
-1482661470
-287642220
648650460
-811894149
-1767546772
-153277877
-93163078
-1261886925
136017603
-73522271
-1092543732
409746672
-2613732891
-2349420428
-3411587569
305591566
-2342703315
-2066450827
-1699418709
106600721
-434295716
1291939930
-1819106180
1170069982
-1449197771
-4119363650
-614323287
-365913067
-1094563613
-1788932334
-1592575109
-2402242381
-191121043
263101681
-1617321965
-444970684
1246729280
-1883924983
-105243701
-1026525391
-268309166
1369190674
-1100309163
118334217
343818231
-259962895
1625274189
924767074
-2562696094
-173339572
-1129615369
2861879300
2853638966
3460024039
342651476
1076923184
724562640
3646366013
-829721835
4097334677
264783578
587185118
-1966253615
208991018
-683995557
499330779
1867754294
704562456
-1449373438
2095717963
-1349310062
-1715118326
-5906946541
-1278880663
-6877649416
-11317457172
-1293118220
-5479407490
-5130647018
-1634702740
-3979566473
-2251861538
-1881362928
-6797379313
-328205192
-4614301879
-2974800524
-996447436
-506441155
-2079942538
-923119618
412855279
-3481314805
1359802946
-2767680761
-3905470834
-3057663168
-2515256061
-4363241568
-1209356356
-4351696992
-1672788430
-2488191259
-4705278941
1905283780
-6213121323
-4039398074
-6224522601
-996014084
-6837124597
-158590904
-3204342206
-5868662211
-844814340
-325618445
88179862
-894366876
2876946487
-111755960
-753255563
-9104405875
-10482969773
286171999
-149510186
707167376
-5860614335
-4312898667
1798758698
-6172075237
-7507383885
2276351764
286518822
1625311248
-6532373028
-1821264265
-7194359225
-2408730716
-6864909384
-4569438823
-3955674515
-5311029189
-4928846671
-3693853066
2042483131
594022130
463306939
-1428094330
-1164130447
-203786866
-837858411
1444860901
1015850062
-271039701
1926625327
1616402890
1811689121
-1119008068
-1586757261
-1717168568
-1222910049
-511704659
-195956371
-3289408729
-3256696096
-1635851829
-845599033
-4197792133
2778548992
-2643115860
-1644451224
-552343739
-1157668464
2756383180
-1745266186
267608228
1200852857
1590715312
5537805245
1949800693
-3019100726
-6205713803
2643969210
-1430886127
42457992
-2235807990
6139265621
5754013357
1059965443
2537015587
-3668459846
-384490007
3326107309
839235530
4361825168
4654212807
4842876302
12140172053
-145354187
6656112891
4992760140
4433522799
-3843312965
-2831150784
719814381
4253585098
-7136191162
5040509821
5675631389
3567854672
2622316217
8315388997
-268794041
-1992389609
-1932161962
-1435944421
-5922196825
-6329231024
2442364677
2976857910
-4480944090
1878363230
4605063979
-8218310954
1987940531
-5079918591
4519640618
-4502915859
-274565580
-590469958
1198320282
-3508631432
-7182780512
2747995404
-7266652629
-1523653727
-8451014113
-268581592
-7763688125
-3357354908
-4294178388
3453150153
997340687
-2323625315
-1606089132
-164546162
6920917270
-6303192362
-6813554505
381848371
-3303322918
351756750
-5991155977
354078185
-2404162424
-6208891723
1756285798
1821068933
-1642766082
-878208412
-5276106705
-1898352773
1483029578
-2401762983
-3083776208
-5425634484
-2888866026
-2137956623
-2817912574
-2689403633
-3395650873
4696375368
1243092083
1258589278
1044134115
-3772733689
-1839360326
1718855060
-1505066033
96994976
-8173580407
-6616013792
-8024383683
2030953322
-1579771902
-6909300244
2651887544
1172909948
-4485838266
882492950
-2635872840
-5588567417
-8264159621
-3702617941
-7037615999
1741671378
-5055308002
-1840259577
437147050
723534178
-1401622696
449662131
2090430207
2667887541
787965715
347478067
-5486308761
3908758197
1612942317
-4575863137
-100639420
3719060612
2499597153
-160917379
1855602441
-3597919145
-1314625597
-3975927085
-7046166836
-5553760276
-3539102531
8080374416
608921362
7062250567
4857144032
-1826884979
3567409262
6362275367
5371067421
-1616648412
-2154742181
-3907244203
-1840259577
2560064432
4129635601
-5888875615
1712191720
-2364580848
-9987419610
-1717457123
5314836699
-3220926122
2496972574
8081381028
-678250093
-4216580251
8304885952
-917118082
7634059798
-3144847322
1566914942
-1678345283
2776659066
-7737413840
-3835267374
1276932820
-439443948
-3402256795
8179950704
-394249153
10162108833
-1517840212
-1980368494
3740271885
-5734691790
4382026462
6525811571
1175053047
1001095964
-2416623360
6995314588
-6938922046
223382231
812543657
-2382358171
9598249358
2566835615
12527290505
6639062660
-453763081
-2595037419
2457498961
2438554839
7311392279
2088637344
-307200531
1832773439
7368867558
-3018351218
5023227859
8320567880
-1917760834
-3464537107
7023759952
787241957
4811222837
-5649305916
-3671876027
236940726
1852276158
288375892
2844452483
2001380241
-4567839628
-52666618
7706558845
10926937
-5567045633
1493888295
-3137776788
-5009242190
-1042282549
-1640645513
-5287760951
-4605446180
-5534988497
-968713169
3161364216
2290708759
2102258404
1324232265
-673091851
-7755913506
-6248403013
-3425687243
-3649278728
1294005310
441661460
-9946912885
-1650701674
-15981697
-5255992010
-2010306077
-5807307960
5218031925
-7632718293
-8587193921
-3079864138
-8700816343
-7164001165
-5326316018
-2099224330
-4287643163
3250648773
-1574083998
-5406941707
-6224039860
-3342993636
-2760424288
1122950214
-5790880976
-3207188437
-3822390895
416266573
-9728457075
-8660146745
-2253591962
-9927544529
-7525386333
-2042208989
-3440427079
305421074
-1882384601
-4120236380
-9283831349
2416270223
-5536322668
-352718228
8430282135
-8565133932
-5498479974
-13628354602
-1401940568
-10200472862
-7931593820
-4838305344
-375593571
383943892
-13928326346
1965815549
-7636283883
-1838033758
-18494367843
-5395577512
-8793272088
681584312
790870281
1574691140
-2390638638
-9632023506
-4702447284
-2445767133
-5640045732
-4396039079
-13433883939
-1853966618
-4694543863
-1698327387
-11955905537
1981160170
-2010144797
-170632660
-6918796787
-1797248138
567119363
-8563201270
-3098794673
-4940655653
428584052
-3346622546
-3747647009
-7500912506
-6386476457
-3510402929
-3891999937
-6472148468
-6341007566
-13873142266
-2345040174
-4948178600
196487474
1221071411
-1383636092
-4883710912
-4306191178
-798595198
-11404977921
-4864750353
-9524526818
-5340657101
-5025281608
-53877940
-9616632265
-231344758
-1263102540
-12115459879
431748785
-9673910747
-15379018633
-7374024601
679468165
-5853479903
-263985412
276877892
-15593450619
-1047282106
-6373612008
-5458203691
-7935698434
-10756830579
-8857435196
3402889668
-1692937139
-6988745526
-3607515585
-3668973876
-5803005278
-3610492518
-14642955227
215343285
-14207429460
-5299833256
-28283164751
-18409710562
-3973631056
-19317414301
-12862939978
-8283310025
-2882645499
-8636701643
-6600775453
1120695882
-17073693264
-1842355026
-10853017449
-268158009
-14153890478
-18117458915
-8504869231
-7395589484
-6615537717
-3772890870
-5851088616
-12948980422
-6041921202
3298248677
-7316957615
-6523743429
-4414668101
-14644743746
-11155420405
-21520203052
-4353651638
-14985851751
-2310517559
-14989497425
-5427128198
3018182589
-15184384468
-11742245571
-2430916797
-20781546747
-6889149703
-1033684505
-11450935438
-5971032653
-9533116650
-11196829105
-13650141831
-4849391107
-6510669854
-15275304499
-705941586
-9729918694
-1482116070
-3663401397
-10308941582
-4125567011
-10512496805
225970663
2696939006
529244477
203399374
-16413643147
-15108022948
1634117531
159297640
-9825000059
-12145338706
-44224065
-9230485689
238370715
-10459740754
-1455327429
-13538954516
-586786895
-15021372874
-5229367517
-2961496685
-578506936
-1490097995
-16316621547
-16295917307
541034772
-5849232123
-8695956665
3416326953
-477762516
-7853852076
-4652222729
-10033429654
-1342276528
-9440245986
-2424544611
-15419280365
-834083443
-9925020608
-9110408402
-12255186080
-561210824
-8782402184
-3596451627
-17144471976
2526048853
-7525431940
