10
100 5
6 14 36 68 42 77 58 70 34 53 65 6 57 65 92 50 42 71 93 65 8 38 42 39 92 24 65 41 16 19 39 84 92 49 32 88 96 45 64 50 10 64 78 70 62 56 17 68 60 21 62 49 49 30 44 21 9 85 74 66 62 68 47 18 97 26 80 10 23 50 95 14 69 82 39 52 63 26 9 6 81 80 94 68 13 70 52 13 71 62 96 7 54 60 12 98 39 79 15 62 
100 5
56 43 92 89 49 56 63 40 5 87 34 15 75 92 87 52 68 85 71 8 89 47 96 62 7 35 73 52 31 26 40 29 48 24 38 13 35 6 62 7 20 50 19 36 49 2 16 25 16 14 5 55 71 29 33 42 30 23 24 97 92 84 4 4 77 6 49 98 66 55 14 69 56 62 7 25 36 70 89 67 13 61 69 19 61 23 52 99 86 11 29 75 18 23 84 18 87 95 58 5 
100 2
91 44 41 15 27 26 32 38 68 98 7 61 32 85 50 68 50 59 33 19 98 98 69 40 97 67 82 43 27 63 90 5 83 36 98 94 13 13 16 55 10 48 71 23 86 85 28 59 3 39 59 56 39 29 7 60 81 50 12 20 81 59 77 6 5 52 41 11 87 36 32 20 82 86 88 5 22 38 90 86 99 22 91 64 55 42 3 5 3 67 73 10 67 80 8 35 49 71 84 53 
100 4
3 52 46 53 98 20 65 54 64 70 19 56 19 29 15 92 16 48 37 35 73 50 12 41 56 4 96 82 48 28 57 58 50 76 58 30 69 17 26 72 71 12 50 57 27 92 95 56 34 65 37 42 67 21 25 61 3 46 35 98 93 3 77 59 87 57 71 86 48 53 31 64 70 60 54 52 48 67 75 40 7 85 75 66 36 78 39 15 67 4 16 76 87 37 23 99 42 15 42 56 
100 2
70 19 97 2 8 97 32 28 91 16 12 5 48 30 23 33 18 75 37 4 44 51 86 12 8 29 74 31 34 22 31 41 87 93 18 98 3 80 89 97 41 62 99 10 92 32 61 2 72 26 60 25 80 83 84 54 89 26 48 75 81 58 16 34 16 2 10 86 50 27 87 15 11 44 8 83 78 62 13 23 22 70 28 54 97 22 14 14 13 4 73 20 34 60 47 72 79 56 17 48 
100 6
70 36 22 67 13 27 94 29 61 61 90 57 99 12 75 57 73 84 84 23 64 23 66 41 12 41 56 23 26 89 80 19 6 8 13 98 81 22 65 95 83 55 27 99 34 36 57 21 35 82 9 8 52 48 75 78 68 96 36 57 74 45 25 52 92 55 67 48 32 50 36 5 36 65 78 40 85 49 24 57 36 43 35 94 81 37 65 31 72 11 56 29 3 8 38 65 52 39 88 91 
100 6
97 99 44 21 18 20 83 85 37 64 17 39 90 61 80 92 59 17 34 22 89 82 61 36 79 11 7 38 30 78 62 28 56 48 91 22 81 93 43 25 6 83 95 59 87 51 96 44 34 98 63 87 81 5 87 31 61 32 57 26 86 45 49 9 33 65 4 68 79 35 15 4 24 86 41 86 51 81 43 77 25 62 40 75 79 61 62 80 72 82 98 48 92 83 46 79 68 57 67 88 
100 2
97 51 49 19 55 11 49 34 67 62 13 17 94 89 15 52 12 92 83 39 90 39 60 40 47 35 45 32 87 70 13 33 34 70 88 47 73 85 28 21 49 40 81 52 99 31 56 70 86 60 20 72 89 94 21 88 77 98 38 54 76 66 63 21 80 62 99 3 31 98 98 27 31 54 43 31 70 52 27 33 84 30 45 88 40 73 99 17 4 99 35 82 23 97 7 28 40 17 96 39 
100 5
97 17 94 63 60 83 97 31 99 70 27 93 42 89 13 98 42 45 56 20 43 47 71 58 58 81 66 7 85 85 66 8 67 73 54 41 39 66 95 40 21 76 10 88 23 70 49 80 60 46 69 26 99 77 17 50 77 39 61 79 98 57 51 78 74 53 10 11 61 43 19 32 48 24 49 7 36 68 42 86 54 23 60 92 65 34 4 45 78 24 16 30 89 16 94 29 58 57 69 68 
100 4
42 39 44 26 94 55 80 56 49 98 47 81 88 15 65 78 78 21 64 97 75 81 62 30 71 22 99 20 10 3 85 85 37 78 26 20 18 10 35 9 17 97 46 5 23 38 2 6 61 73 52 11 54 15 28 95 13 50 65 27 2 60 77 88 23 48 22 82 2 36 8 30 82 85 55 29 57 24 91 75 47 38 8 72 74 91 29 46 11 19 58 71 24 49 85 56 35 54 48 45 
