10
100 6
68 69 22 94 25 56 87 10 70 77 63 29 64 5 45 91 24 43 18 69 69 24 96 58 67 56 90 41 59 45 73 10 69 22 25 99 11 86 67 51 22 66 70 73 53 52 90 99 65 10 27 74 70 39 30 62 38 58 18 33 37 36 77 83 17 45 83 88 65 7 81 86 4 49 14 96 88 53 52 57 47 51 48 16 82 18 36 79 44 18 57 72 59 82 9 47 57 55 5 59 
100 2
55 86 25 34 76 29 40 34 31 90 62 47 3 84 22 37 9 85 15 59 57 36 88 12 21 78 41 74 76 16 93 11 47 5 19 88 93 12 43 24 18 60 32 86 64 14 96 6 21 53 12 58 11 83 74 3 30 42 58 88 51 81 9 36 82 64 2 18 25 7 71 73 45 16 34 18 41 73 98 63 88 96 63 42 21 50 82 19 92 24 42 67 91 40 53 12 63 24 72 87 
100 3
65 84 20 97 54 49 67 92 7 86 79 22 40 14 6 77 36 45 87 14 71 24 87 76 45 16 64 75 24 52 30 9 82 56 60 95 78 10 6 61 64 10 54 32 50 40 80 81 79 78 17 19 73 16 63 63 9 38 79 68 77 60 97 4 14 61 55 49 67 34 75 50 59 15 37 67 61 26 67 17 67 30 84 7 43 17 43 67 96 95 78 24 88 86 68 5 80 88 66 29 
100 3
33 86 24 15 14 86 22 36 99 96 98 48 82 54 74 77 43 81 90 44 4 14 86 11 87 15 22 71 34 17 39 79 83 31 88 96 44 71 40 24 64 88 57 93 82 34 76 95 2 23 95 33 50 64 91 2 55 17 27 63 50 19 85 47 2 56 77 68 90 54 40 23 37 74 40 92 29 22 19 48 95 87 7 49 54 31 34 4 17 34 70 21 70 3 38 49 41 50 47 18 
100 3
13 97 77 41 34 67 71 41 53 21 27 2 30 8 56 79 86 36 68 95 77 83 51 70 5 13 71 27 91 59 46 13 94 59 84 16 32 26 86 68 82 42 84 20 76 91 45 79 60 5 64 21 12 67 81 38 96 74 66 8 55 91 5 60 50 68 35 38 52 3 15 4 15 79 20 26 16 29 45 91 30 99 32 15 22 45 42 36 90 87 86 81 43 13 7 73 59 97 74 15 
100 2
70 9 72 19 53 72 49 77 99 50 58 70 98 25 26 37 82 46 7 40 17 76 8 62 82 43 87 87 7 62 76 30 81 66 72 71 67 5 68 65 31 81 94 74 23 81 53 26 2 98 18 31 39 50 92 97 57 34 42 94 62 78 59 20 99 29 20 9 19 55 38 59 88 15 58 65 82 32 32 40 37 2 82 2 69 6 88 31 15 49 28 40 52 36 23 49 47 15 31 74 
100 6
24 81 70 55 54 51 14 88 63 92 74 10 47 45 18 5 51 64 20 23 92 75 72 27 36 47 5 64 58 35 50 56 29 3 60 5 57 47 37 83 55 38 75 84 86 59 95 58 7 89 47 70 61 51 83 62 90 42 99 11 5 95 65 99 5 14 64 28 50 95 66 47 81 46 87 12 14 80 38 42 82 87 2 71 98 99 21 48 81 77 5 84 60 82 86 41 60 84 23 66 
100 4
40 74 51 76 67 42 8 74 19 44 88 93 65 54 29 10 69 64 77 32 27 66 60 88 79 25 97 7 7 27 59 91 88 59 7 63 12 99 87 28 49 27 7 77 28 67 6 29 31 67 53 61 72 82 71 29 78 9 39 59 25 36 81 67 51 41 97 16 99 67 6 14 33 90 39 13 97 28 79 19 33 77 38 92 55 88 63 35 15 23 32 41 3 3 62 74 11 13 51 64 
100 2
35 97 68 17 80 9 76 61 19 31 17 11 82 14 92 40 85 30 23 10 36 20 74 96 85 29 6 35 44 94 43 4 92 62 74 80 70 75 49 42 93 44 9 73 20 39 34 87 59 85 26 14 95 24 88 24 64 26 6 55 30 50 69 40 91 14 77 22 29 7 70 13 19 54 16 63 48 86 30 91 82 73 98 12 94 18 75 3 9 28 59 76 96 60 78 81 52 5 80 11 
100 6
29 28 49 71 41 22 22 45 73 95 40 84 71 35 21 15 8 15 47 14 76 82 82 36 33 91 93 75 73 11 20 65 11 59 83 66 99 16 50 7 5 22 69 98 48 64 77 13 51 67 22 75 38 93 32 90 5 6 33 48 96 82 38 48 81 71 51 31 42 8 6 53 25 34 80 9 56 24 97 70 35 64 66 12 95 89 83 80 12 77 35 38 46 50 24 53 65 5 49 49 
