500 800
376 248
248 131
131 195
195 210
210 357
357 380
380 125
125 60
60 158
158 356
356 257
257 55
55 18
18 130
130 235
235 474
474 339
339 414
414 98
98 61
61 422
422 105
105 175
175 442
442 89
89 363
363 492
492 155
155 224
224 129
129 336
336 167
167 475
475 70
70 267
267 111
111 208
208 165
165 141
141 38
38 123
123 203
203 341
341 486
486 394
394 174
174 110
110 406
406 107
107 86
86 458
458 265
265 263
263 136
136 368
368 477
477 48
48 237
237 268
268 58
58 259
259 127
127 283
283 410
410 25
25 85
85 493
493 252
252 411
411 415
415 83
83 94
94 320
320 373
373 177
177 337
337 378
378 487
487 168
168 56
56 418
418 109
109 402
402 84
84 343
343 228
228 220
220 278
278 473
473 246
246 389
389 41
41 299
299 340
340 334
334 383
383 10
10 188
188 344
344 191
191 464
464 251
251 145
145 126
126 176
176 281
281 484
484 37
37 315
315 232
232 338
338 154
154 113
113 178
178 100
100 243
243 218
218 45
45 74
74 198
198 140
140 382
382 144
144 439
439 121
121 291
291 354
354 29
29 495
495 169
169 332
332 91
91 164
164 115
115 298
298 205
205 66
66 445
445 387
387 162
162 120
120 400
400 282
282 52
52 215
215 309
309 351
351 184
184 407
407 364
364 412
412 388
388 258
258 233
233 293
293 399
399 494
494 69
69 254
254 213
213 19
19 44
44 153
153 271
271 496
496 352
352 311
311 87
87 303
303 33
33 304
304 455
455 78
78 223
223 294
294 5
5 322
322 147
147 16
16 146
146 381
381 290
290 209
209 180
180 135
135 305
305 441
441 82
82 132
132 297
297 92
92 138
138 444
444 117
117 67
67 160
160 296
296 148
148 426
426 219
219 221
221 329
329 435
435 99
99 325
325 288
288 318
318 472
472 270
270 261
261 24
24 462
462 425
425 431
431 179
179 346
346 116
116 360
360 36
36 62
62 103
103 349
349 122
122 362
362 393
393 371
371 276
276 460
460 20
20 408
408 450
450 245
245 366
366 23
23 285
285 404
404 335
335 104
104 227
227 72
72 118
118 319
319 12
12 300
300 80
80 57
57 253
253 166
166 353
353 377
377 471
471 189
189 469
469 313
313 152
152 214
214 133
133 367
367 199
199 182
182 372
372 15
15 108
108 482
482 238
238 269
269 324
324 480
480 348
348 465
465 185
185 34
34 93
93 21
21 64
64 51
51 137
137 207
207 448
448 53
53 433
433 280
280 139
139 355
355 196
196 11
11 321
321 358
358 467
467 328
328 456
456 190
190 416
416 264
264 428
428 234
234 230
230 40
40 193
193 317
317 63
63 65
65 342
342 31
31 361
361 170
170 77
77 449
449 32
32 385
385 186
186 413
413 286
286 308
308 95
95 423
423 289
289 49
49 323
323 370
370 497
497 365
365 401
401 273
273 76
76 434
434 236
236 187
187 420
420 345
345 159
159 327
327 427
427 226
226 331
331 333
333 222
222 97
97 375
375 483
483 216
216 1
1 161
161 172
172 479
479 181
181 26
26 489
489 446
446 73
73 272
272 485
485 436
436 2
2 463
463 202
202 17
17 459
459 229
229 240
240 457
457 183
183 284
284 274
274 143
143 50
50 424
424 499
499 79
79 275
275 149
149 151
151 476
476 326
326 88
88 211
211 478
478 217
217 250
250 75
75 13
13 106
106 81
81 27
27 242
242 3
3 171
171 419
419 292
292 347
347 392
392 173
173 461
461 247
247 244
244 241
241 231
231 398
398 405
405 46
46 197
197 71
71 384
384 157
157 451
451 312
312 8
8 453
453 395
395 287
287 192
192 350
350 68
68 194
194 212
212 262
262 96
96 14
14 260
260 396
396 101
101 102
102 374
374 481
481 429
429 307
307 200
200 491
491 443
443 359
359 438
438 239
239 470
470 314
314 114
114 417
417 7
7 142
142 432
432 6
6 124
124 302
302 9
9 277
277 255
255 391
391 447
447 150
150 310
310 59
59 306
306 156
156 468
468 256
256 409
409 498
498 112
112 35
35 90
90 28
28 295
295 54
54 47
47 266
266 490
490 43
43 330
330 454
454 421
421 440
440 30
30 249
249 430
430 206
206 452
452 39
39 201
201 379
379 163
163 369
369 22
22 390
390 403
403 316
316 301
301 437
437 386
386 500
500 397
397 466
466 488
488 4
4 128
128 134
134 42
42 279
279 119
119 225
225 204
500 119
491 142
17 240
342 77
29 298
159 375
356 55
308 365
112 330
17 229
240 275
392 461
16 290
17 274
285 300
203 486
381 441
217 419
484 178
481 239
268 25
268 411
99 462
390 386
124 447
110 263
361 95
427 483
497 434
300 469
270 36
367 108
325 431
273 420
17 50
364 399
3 241
498 90
144 29
185 433
16 180
104 72
415 337
282 309
46 287
436 284
439 291
245 319
126 37
22 301
203 86
387 52
35 454
440 249
445 52
392 241
322 209
279 225
294 322
41 344
138 219
334 188
170 423
256 90
159 333
493 320
190 40
478 13
42 225
466 42
297 148
161 73
467 193
334 10
459 240
102 438
222 483
278 389
371 460
347 461
464 232
52 233
377 189
139 11
280 358
74 121
87 322
41 191
448 196
169 91
228 278
188 191
477 58
132 426
473 299
169 66
31 449
434 187
65 77
49 401
440 206
109 220
304 322
480 51
150 498
269 21
478 171
251 126
452 163
202 457
80 471
303 223
217 81
320 56
241 398
358 456
116 362
400 351
430 369
489 463
20 366
351 494
43 249
252 320
39 369
215 293
296 288
2 459
298 445
473 334
118 253
280 321
27 419
479 26
256 295
434 331
104 12
401 159
142 124
270 24
208 141
302 391
209 92
314 124
219 318
350 212
406 263
26 436
88 217
445 162
29 169
305 138
484 154
238 64
5 381
359 7
327 226
154 218
99 288
454 430
335 227
413 95
11 358
366 319
356 130
61 492
487 343
228 246
74 291
172 436
82 67
96 374
209 135
54 490
491 7
449 413
347 173
211 217
340 251
439 115
251 176
373 402
144 354
399 69
473 41
8 96
25 320
80 189
428 317
260 481
155 267
359 142
126 232
197 395
108 480
305 82
259 493
252 378
287 260
410 320
398 384
488 134
210 356
439 29
149 326
486 458
364 388
255 59
299 344
44 496
369 500
168 228
373 168
440 201
80 377
153 87
234 361
340 383
29 332
497 159
239 432
249 163
98 363
174 136
221 261
232 113
377 469
34 21
278 41
432 9
147 290
93 139
452 316
244 71
473 383
79 478
378 402
472 179
230 317
445 184
465 207
321 416
20 404
301 397
130 61
359 470
285 319
120 351
196 456
143 476
380 18
170 308
232 154
162 309
224 111
100 144
145 113
436 17
91 120
175 475
298 66
113 140
319 300
276 245
218 439
255 409
85 83
270 462
201 369
191 315
355 467
477 259
123 406
121 354
388 293
83 378
333 1
470 6
78 290
304 147
328 40
490 249
352 455
178 198
34 137
385 323
342 170
486 174
25 415
172 446
6 302
69 311
115 162
239 6
187 226
220 10
32 286
428 63
33 322
94 378
399 44
376 204 15
376 204 18
