2016 2015
1737 1223
1223 1832
1832 919
1832 1448
1832 1286
1832 1138
1138 1934
919 1915
1223 259
1934 1263
1934 1929
1286 1160
1448 1933
1263 347
1286 212
1934 30
1832 786
1934 1575
1832 356
1915 1142
1934 1618
1832 1109
1915 1407
1934 509
356 574
919 42
1832 1410
212 608
1263 645
1448 386
42 1065
356 199
259 320
386 1512
1407 321
786 1921
1512 661
1929 1278
30 256
1160 653
574 1589
1278 191
30 258
42 1139
1929 1664
30 1189
1278 1937
1929 1718
1263 1112
661 721
199 960
1407 840
919 937
42 222
1223 1125
1575 616
645 1469
1589 522
1937 1013
1575 1214
937 1560
574 1914
786 924
616 947
1933 1757
1757 1782
960 377
919 1170
1618 1857
386 594
377 457
1757 975
1448 1242
42 1489
1013 675
1170 993
222 221
321 1918
320 1524
840 1420
1664 633
1937 1404
1933 1733
661 655
1125 1164
1223 1487
1448 1378
1170 949
675 1078
509 631
947 1600
1933 351
1410 1860
1410 408
1918 2016
616 454
1170 814
386 157
351 963
1139 80
814 1606
1378 1584
1921 1305
631 1528
1469 438
1860 1945
522 229
1832 364
42 1786
840 931
1139 748
1929 668
1410 167
1448 1904
1242 1866
256 429
1921 1780
1918 751
1242 1020
751 622
1164 20
1933 788
751 644
1933 1309
675 268
947 1054
1420 1749
1469 1685
975 955
222 1368
1054 1310
1020 1967
2016 1389
1914 1692
1407 782
1937 345
221 995
1737 1999
1489 890
1914 1508
1921 1133
949 1544
1512 881
1589 83
616 1291
919 130
881 1105
1278 369
675 1574
653 1431
1780 225
653 125
1857 1842
1309 719
1139 695
1512 425
221 559
1937 1347
631 1053
1448 294
1139 282
191 1227
1914 26
438 856
221 1288
975 744
1915 1944
1718 1442
454 242
594 1844
675 1416
1487 571
1929 911
1305 1261
1945 1256
1866 32
42 1543
294 368
83 1332
1786 1923
1286 45
294 332
911 844
574 1411
911 750
608 1787
608 1461
1508 1348
1348 1753
377 279
721 1777
814 565
212 723
1866 1760
221 747
1310 1797
1170 1204
963 1298
268 1175
1574 314
645 1752
1575 25
782 602
1407 1826
748 1187
1487 63
1256 1320
1967 1376
890 1198
655 235
256 660
963 1284
602 672
157 1966
660 1201
1310 846
83 1530
846 2
645 90
235 198
1618 983
1138 702
881 1684
1020 1135
321 1051
1214 1833
279 1158
279 889
1298 200
1416 243
653 1156
911 555
1175 1184
653 959
199 1290
1242 1822
229 1848
1528 1898
672 1936
919 262
1348 1974
1718 1756
786 1089
748 328
1051 936
509 1269
814 1194
1508 1428
1054 1421
1109 134
750 1019
672 1087
386 1545
229 677
457 760
668 410
668 712
924 283
345 972
1184 501
1286 422
1164 595
191 1441
320 237
258 1434
1945 398
1760 232
425 1215
90 195
1198 1674
1487 1558
1156 875
1782 2000
1584 1700
1733 354
1584 650
1757 704
125 1346
1290 254
200 707
1215 299
1543 164
1309 1447
299 884
398 261
631 1604
1866 1620
1904 1258
283 1682
2 1795
959 988
1749 233
712 1997
1575 1311
1227 1409
1291 1593
1684 152
1560 831
232 613
1524 1336
668 537
650 864
1442 1183
574 991
844 1637
1170 403
1309 206
668 912
254 726
1685 652
875 1439
1692 1965
1215 1552
844 1989
232 1689
1189 822
1860 1140
1967 1920
1989 362
1278 367
1053 350
677 1742
332 1117
1929 1352
875 1128
1411 1812
1967 803
1133 1061
668 2003
1915 1514
1189 1754
410 1077
356 1615
875 1275
782 1264
786 1208
1368 1670
268 486
786 128
995 1476
1105 1693
622 135
1544 159
881 577
135 1276
1560 551
350 1695
1528 802
347 393
1508 903
1514 1779
1142 1294
1448 817
903 1496
822 1455
243 603
368 1328
233 1625
1077 176
1170 1909
972 1775
26 1957
1389 231
20 527
616 1449
1848 173
1832 952
1439 932
1448 427
1866 432
1833 1686
237 317
677 1533
1915 1321
1487 1748
1020 1010
1866 493
345 1897
1897 766
1065 843
655 737
1487 1323
559 466
1797 91
1967 526
594 310
486 1766
846 442
314 1379
438 1801
1428 994
237 1
1780 1056
1328 1613
831 497
258 1709
1757 138
256 1981
1184 1645
321 680
1584 764
1263 1852
1328 1123
1407 515
233 418
442 548
537 118
1053 1136
660 394
1787 1917
1461 154
1760 2009
225 852
1201 1055
1645 1534
1860 938
788 635
167 905
652 1851
1533 144
1777 391
152 739
1496 1726
881 1661
1215 745
963 1006
1795 448
1775 818
254 620
737 774
1269 99
1214 306
1010 487
707 910
1600 1371
1087 909
680 253
1404 1827
1201 771
1 792
1441 182
1352 401
1945 1274
1269 575
993 175
345 1493
1957 8
2003 838
1053 1973
831 66
1020 819
1204 1987
1291 4
889 71
1670 1193
1575 897
672 690
803 1640
608 426
672 1381
1524 481
838 920
1320 57
232 196
1164 1360
1189 1908
1290 1520
1258 1864
1692 1804
1693 1843
1469 1027
410 1398
1156 1385
1974 62
1175 543
232 1079
555 546
328 563
1737 951
1918 358
442 504
1371 54
690 842
660 1498
134 530
661 1152
1065 1213
493 1251
1189 1677
63 1473
1321 1082
1133 1956
1223 1862
1407 172
786 451
653 1444
983 1303
1275 1867
1620 1730
1256 483
803 414
135 76
1274 102
102 343
1441 895
1056 1841
1786 239
1589 1185
259 1517
1082 1847
1682 22
45 1357
1544 499
1848 478
254 992
1967 47
1204 1838
401 357
644 1728
1923 990
1528 713
391 475
817 494
1936 978
1552 636
1109 75
1517 44
497 143
259 1879
118 512
608 649
4 1665
483 112
1428 1253
206 1834
225 1052
843 1942
792 361
527 1209
1439 1205
254 360
1303 1067
1379 531
1286 1041
367 245
128 1892
571 223
990 139
1860 1802
1620 1652
1078 1239
910 1626
739 878
1625 1629
256 9
620 1280
644 845
1442 1985
1728 500
1205 625
486 1816
1261 286
1618 1003
394 1529
198 1036
1779 94
1545 638
702 715
1067 1092
548 734
1368 1519
1766 1174
936 1518
481 1683
1371 1500
345 1482
1857 1587
112 1630
1398 1307
223 728
118 1794
442 731
1381 148
608 1805
91 1000
1929 828
138 463
321 1289
1709 767
1709 292
262 1658
157 1905
652 591
1189 1412
802 460
1174 6
1600 544
1441 473
512 629
936 1845
259 570
574 93
751 1241
1447 86
843 113
1841 1165
497 1532
1352 550
1052 59
1407 413
1112 23
1753 1694
1275 52
1833 270
432 1711
512 1478
602 663
1794 1890
932 1960
1117 1337
1892 488
1661 272
206 900
1834 1196
245 1080
59 517
1748 1798
1801 1938
1142 1570
1209 1188
1087 285
1284 1166
62 1351
195 249
1385 1729
978 808
672 1250
347 240
625 1651
747 1297
1241 1002
1898 339
1275 596
910 684
1967 624
1794 1784
1866 724
1665 1811
844 226
747 1285
1346 287
1294 628
1593 1277
1689 278
1461 1425
59 1319
8 485
1183 1334
1442 925
1834 1005
570 1399
71 1452
268 805
154 1475
1966 193
1833 1713
195 640
1055 382
1974 424
1985 1046
139 335
1960 797
314 1968
52 1660
633 1510
1757 187
1860 1143
1 1971
1123 969
191 384
1409 48
1867 2005
1718 2006
786 1326
159 271
1929 1273
978 390
570 770
1003 1714
1757 1940
1985 326
1934 1393
786 1255
125 1302
25 1741
1940 930
1682 1810
1347 688
71 851
1250 41
1826 453
466 524
838 800
233 742
1297 1505
750 1761
1890 525
525 1716
1489 452
677 1272
1046 796
575 1793
1185 1789
20 1038
1125 1840
1158 1231
1816 809
537 1088
1332 597
243 584
1250 658
408 1712
1092 643
920 1740
173 1100
1136 1306
1201 498
742 1206
1904 627
231 793
1002 1354
1352 1875
684 445
786 1254
418 1240
1166 50
690 313
1848 214
677 654
625 733
1620 1396
398 107
1936 234
245 1127
721 1653
1827 883
1716 1776
75 1030
602 1058
1444 1531
1242 756
1700 1369
223 590
1804 1608
221 777
1193 1550
680 1984
852 1499
299 873
457 1743
1766 1179
712 213
1718 78
1284 520
1128 349
1934 914
1528 1197
1449 81
1183 1870
951 1666
42 84
1369 1771
1003 188
1302 492
1689 977
368 1537
955 363
159 560
328 64
1804 1252
1749 392
1665 1060
237 1649
1510 1536
1442 1157
571 1599
1729 36
118 2011
134 491
595 580
1038 281
268 1007
1376 1610
403 871
494 619
512 416
1637 1180
233 1026
515 1809
636 783
488 220
936 892
719 1064
734 1495
590 192
1852 986
1079 601
1240 564
1832 1081
118 599
575 265
164 330
925 1481
852 275
702 1814
1851 1542
1626 1701
1273 681
1061 61
871 1232
1499 1850
418 981
715 327
1489 406
608 1358
838 447
1007 468
925 1708
756 1098
306 630
125 2007
1067 1763
384 1440
1275 1101
1630 13
889 315
1604 264
240 1774
1777 621
653 5
930 1260
264 1725
1425 359
695 966
1263 1907
1294 1173
890 1107
5 15
919 606
560 1895
1036 1153
1536 1465
704 353
846 670
299 1884
1420 116
1771 470
1251 1954
134 1622
892 1899
1965 371
911 1824
1666 346
1000 255
688 567
1810 1327
994 1062
384 1248
1537 304
1381 1970
1984 1792
1337 1925
760 197
239 1382
1264 1739
1242 477
1409 166
555 1085
1175 1229
447 1001
448 1172
1604 1028
1505 1865
125 216
1753 1453
731 322
636 1951
594 542
272 1880
23 34
358 420
130 1267
715 1830
237 163
1843 378
1255 1768
1294 1900
1544 1025
44 1401
1064 1963
2003 1675
367 784
6 1901
1857 740
1925 496
575 1594
531 1132
897 1211
362 169
134 893
191 17
36 738
1989 1486
1844 730
1127 1911
1289 1644
1918 835
730 1460
17 953
660 476
1054 1590
527 632
808 1462
408 1182
242 1075
1957 136
453 946
1030 894
1067 623
1908 665
1834 250
454 1912
116 24
1951 1988
1664 1456
182 1566
125 725
1255 1471
1183 1859
1393 263
602 950
394 1485
393 1383
394 1374
90 87
835 1691
895 1647
1473 1654
1275 53
281 1325
548 1145
32 38
294 1406
890 1141
1197 801
1686 1539
805 1024
631 1747
1407 1146
1654 1616
805 1271
1374 1959
1420 980
221 714
1056 1979
315 778
613 1624
955 1222
1439 295
1325 1522
1915 1186
45 589
1812 1715
1624 1247
993 19
1278 65
1013 1415
216 252
1600 405
1065 156
1205 935
1462 519
34 659
1140 82
796 755
1489 1427
1067 1402
488 907
1859 73
1859 1317
1816 1807
1302 133
231 1210
343 1738
1184 901
645 1018
1060 276
1088 904
1792 1312
726 1982
1973 1871
1448 1091
198 277
1055 324
822 308
357 1014
1897 1466
783 201
172 1577
1325 657
1427 2002
597 1551
426 1762
591 1212
1838 1296
1412 857
1683 365
1551 291
1091 1671
589 1922
1055 956
1862 119
550 867
719 1228
1166 1562
1127 1322
486 203
800 961
1415 400
525 1216
1802 1365
308 311
454 600
1550 593
1901 219
628 1008
1222 434
1291 639
1682 110
770 482
1682 678
1997 1563
1805 2013
1879 859
400 1978
1782 1384
212 1547
1138 1072
82 1688
1309 312
242 1219
1508 776
234 1037
594 162
1143 1605
1566 886
1833 370
1622 612
1771 1095
1909 146
482 1799
1107 958
591 383
1196 241
619 348
1442 1463
724 848
22 1218
1444 917
175 280
1248 1621
636 430
1740 1732
1748 257
627 1433
890 443
1793 495
731 666
1263 1192
1840 1927
730 55
1923 1746
1481 1588
144 898
1864 810
299 705
724 336
1566 273
525 691
193 1259
613 1202
1482 1199
986 1304
531 1195
883 1596
1711 511
650 174
843 374
681 869
994 815
326 502
1754 1016
50 1468
59 302
1095 1736
187 1341
351 1631
256 215
215 1673
713 1903
1369 402
1951 549
48 1504
1410 699
1095 1301
1128 780
1833 70
1934 1525
1917 344
245 1846
1209 1891
1987 964
678 583
517 945
1139 944
1079 77
1242 1947
1630 1181
1978 679
1078 929
1832 651
1845 860
1192 1035
203 1681
1301 849
403 375
154 37
1832 794
512 244
1054 1656
1537 1835
1867 1129
477 779
1622 683
420 863
1212 682
250 609
801 1074
70 1791
136 1955
491 1991
1205 145
1846 423
721 962
995 1044
1127 376
1826 1073
1202 355
1180 825
764 309
1524 1863
233 1511
660 882
1271 35
1536 1523
760 1783
1411 868
193 1611
1624 1817
271 1345
240 718
1938 1148
223 862
1920 877
653 1567
1107 513
1749 440
1105 510
595 1191
1756 331
286 1627
110 1679
531 1477
1562 1375
1654 1964
1427 759
1827 1601
216 804
713 1147
1255 18
1495 1356
945 1727
843 248
1028 1555
488 260
154 1823
912 999
8 850
1025 837
1323 12
24 1394
239 101
660 982
1562 539
113 1557
1960 1576
846 1506
1368 1161
264 325
601 1070
365 772
612 541
1332 585
1153 1759
41 303
1927 896
475 839
313 614
1218 1516
468 1361
1018 1992
1867 21
1401 1697
869 465
152 968
279 1553
195 147
959 120
324 1975
658 1265
863 1503
1942 1583
291 1598
1903 921
1816 1454
1626 185
25 957
683 228
1296 1021
850 1380
136 1144
953 472
1514 14
1522 667
1615 1578
408 2012
497 1169
1677 1950
661 267
1911 1225
1812 1874
1075 709
1862 1364
728 298
1055 1233
1804 1268
501 227
1487 1162
358 186
172 1279
1298 1853
796 824
1026 1443
1223 1913
154 1167
1890 1607
882 1281
1697 1580
353 1176
959 1377
13 1641
814 1885
1396 789
169 836
1929 380
1665 703
477 916
20 246
276 1764
1588 1808
1172 1507
410 573
1545 43
1109 1836
1410 461
838 437
871 706
36 533
1336 1244
1070 676
1466 1130
1425 184
1444 1171
1471 1565
594 1582
1258 569
917 987
497 1084
678 1047
930 307
454 729
1923 1886
849 189
1708 615
262 1451
364 976
783 165
235 717
302 114
643 879
403 941
1136 1324
375 140
978 323
66 1527
283 1340
1489 832
636 791
852 467
585 469
955 95
1402 305
1857 1308
167 10
1528 1952
453 761
348 379
1348 1839
766 1059
1053 1706
602 918
1077 329
1204 1004
921 503
1522 1646
1947 1163
1055 1086
1171 913
1860 284
679 1962
350 131
1248 1883
1375 1190
904 1043
1404 117
35 908
487 686
1294 366
987 480
1288 1781
1014 1426
525 1023
805 1237
198 1976
496 1930
390 1472
187 1048
1156 1521
921 373
278 474
840 1099
573 1806
875 1676
924 399
831 1650
10 446
1101 1873
361 1568
242 1126
1452 1819
755 1548
822 1335
221 1200
786 826
112 1632
1786 928
71 109
1 888
1214 433
845 2014
427 204
1689 1704
347 224
840 841
1860 1623
467 708
1347 1734
1608 1634
1604 1696
1007 634
1086 1342
2012 741
1334 586
819 218
145 1203
329 92
1531 1887
1486 996
306 1114
156 337
936 1405
1175 490
1092 341
661 28
1836 1707
1476 395
543 1750
1296 587
678 484
430 1355
1688 49
1863 1330
423 641
731 428
682 455
1553 1333
1697 98
219 1668
938 1785
1272 1758
559 1815
1814 1559
1273 662
356 948
1653 536
1213 1569
1567 523
1453 979
527 1876
1254 855
1468 1662
1487 1926
1734 1953
1676 29
399 108
93 823
1864 1948
1174 1719
751 1990
1840 2001
228 1564
1997 572
1864 820
482 607
147 1820
1522 106
1394 954
426 1115
1700 1556
1256 753
1212 736
377 1104
237 749
1950 698
1984 556
1233 984
30 1445
332 96
986 1011
875 464
1340 1154
1060 409
362 1572
1842 421
421 795
1145 290
1599 1767
86 1137
1734 436
1104 1986
920 1831
262 1111
243 1919
1449 33
1165 2010
1802 1049
1927 1894
1646 1723
222 1015
1626 1435
1524 1751
868 812
173 1315
345 1603
1817 1538
1452 46
1301 1034
984 1488
1866 1287
206 1372
1196 1896
1569 238
512 1636
1410 1491
1239 943
1631 1168
116 1513
875 754
1345 67
1624 529
376 1464
312 847
1917 1103
19 746
33 1825
849 811
1646 1633
101 769
1156 1549
357 1993
991 880
663 700
1018 1790
1085 1881
1660 210
457 1579
753 1224
428 269
1340 1236
224 642
1052 1941
672 236
1513 830
1572 1042
1004 123
1709 1118
603 1690
1381 656
1236 435
1016 1612
889 506
1524 588
658 1106
1447 104
1473 217
302 1669
1913 1698
986 301
559 296
1838 352
1860 790
1895 1031
1741 1387
879 178
1725 1403
1140 1882
453 1220
368 1234
845 60
1890 1735
913 1856
1018 710
1742 51
1372 1331
1767 534
1700 444
386 579
1107 1110
393 333
322 1614
485 1755
930 1131
645 605
143 1961
1382 1050
335 1032
659 558
14 505
1660 1977
1844 727
815 158
1874 151
1862 887
1839 160
212 103
879 997
1061 697
482 208
273 940
1801 1400
373 1249
1896 674
511 1045
1247 1350
128 1480
596 1134
526 557
1260 781
1181 1029
234 833
1011 397
1156 1657
713 775
638 568
800 1492
526 1388
1629 1069
627 202
28 1773
118 1318
957 866
269 933
1361 230
912 1470
1716 1033
423 1602
1268 1813
910 1617
131 821
767 1408
197 1796
1021 1366
1991 598
1766 1571
365 381
1264 507
548 1639
840 1983
1220 1149
1247 385
133 1803
1106 39
1104 1828
1398 1423
1775 289
1941 1943
606 693
982 79
1898 743
474 545
329 1063
931 827
299 1526
497 1888
365 1800
1139 1586
690 389
470 479
1934 1702
291 1561
993 318
271 1889
440 209
1926 1418
1499 1597
498 1554
1140 1422
1200 1116
1796 592
1652 1413
292 582
96 1931
499 161
1036 411
322 1419
590 1300
1285 1996
460 853
130 1769
323 1373
1538 150
801 1672
1511 970
1272 297
1686 1207
929 1090
1947 1124
1152 581
1847 1467
1525 183
1504 1458
914 462
361 1710
935 1155
890 247
219 1585
830 637
527 1699
678 1731
1714 207
1604 74
1473 1071
90 396
1200 1076
1781 1854
1912 1012
1751 1293
1782 508
601 939
1454 316
213 1770
249 518
1907 124
542 471
1651 922
469 1370
1789 787
749 58
380 915
529 319
678 927
1673 1292
1545 1837
1054 458
650 1390
447 617
849 419
1138 899
240 1972
50 1282
1866 1619
1003 758
1183 1083
430 562
262 973
234 97
237 1238
715 1391
1442 100
1695 1829
1729 1457
34 137
656 532
1274 604
1394 926
204 528
45 1818
1961 798
1063 1429
243 813
337 671
1634 514
511 1861
637 1367
973 1643
959 664
1018 1096
972 1122
273 1484
33 1515
1598 1687
642 334
1382 1855
420 1501
627 1338
1172 692
1160 300
1236 1093
1689 891
1109 646
348 1299
239 1068
21 1635
893 876
1033 293
1811 1935
863 415
1839 885
1422 768
1553 870
1740 149
721 1257
1092 732
1308 7
1480 1459
286 1266
895 1436
227 1946
1484 132
399 902
1233 1066
556 516
657 2008
557 489
1508 521
1287 716
1792 121
607 1353
1597 611
779 1483
1762 1262
480 122
17 942
650 989
333 68
1152 1924
1426 1432
1082 1245
1739 1969
1866 687
1889 854
1635 711
619 1995
473 1772
714 762
1211 342
87 785
1865 340
1126 1113
80 865
1079 610
242 1243
651 2004
775 1994
1135 387
1792 11
1463 459
608 171
465 338
1315 1397
704 1316
60 1869
1852 1655
1901 763
1979 1932
369 56
802 538
176 1573
200 439
290 266
1484 1343
1829 85
652 1680
130 1788
921 1362
102 2015
312 1295
598 689
1279 998
1394 578
1163 752
1800 1392
1978 288
1098 669
1666 1724
1117 535
719 1878
186 1778
982 372
832 274
596 673
560 1119
1664 177
1496 1040
946 685
1632 1329
1378 1283
23 1246
683 88
189 1509
1384 1721
58 1720
1607 1108
257 111
835 1497
131 965
1946 1980
1786 72
1805 561
1232 1872
752 1386
548 40
1677 1744
471 450
1759 1159
1810 765
1805 126
1401 179
462 648
331 1395
336 858
1797 1949
1793 456
632 1502
79 1659
1060 1581
341 1226
1265 576
1909 251
1281 540
1643 1717
1080 1821
1675 1359
1679 31
1464 407
184 1858
905 1893
1892 816
653 829
1142 720
456 1638
765 773
1071 547
679 153
1163 872
501 626
1767 211
19 971
478 1667
640 129
1728 1221
323 449
1056 1150
1543 1648
1279 1344
1976 1479
122 105
1709 388
1894 170
1544 1363
2 1437
842 141
1063 1546
312 1916
362 1591
1068 1906
1301 1490
1458 404
2 806
363 1849
1561 155
1629 1494
1915 974
102 1722
460 934
1969 1230
1128 757
1169 1417
2011 906
1712 1765
50 1217
1370 1474
1327 618
982 1178
1544 115
918 807
351 1939
1468 1313
424 1609
1225 1339
671 1102
1138 566
502 1902
1502 1628
1632 1424
1619 799
618 834
1668 412
561 701
1696 923
1830 1958
470 1094
360 1177
679 1235
1080 694
1831 1745
980 89
1479 1678
414 1663
1820 1446
268 180
289 1910
240 1121
1755 1877
1504 1998
888 1314
1284 861
139 1009
91 431
1258 205
960 3
1916 1097
1379 1535
17 1705
2006 1270
289 1022
1833 190
1899 874
1565 181
893 194
617 1868
776 417
988 1120
541 441
882 552
659 735
1930 985
1261 1592
1224 1595
152 553
1670 1928
1831 1057
1759 722
966 69
574 1642
1232 1450
676 1039
358 696
988 967
765 168
982 1017
868 127
941 647
829 1703
1648 1541
543 16
1295 1540
367 27
1651 1349
1532 1414
1793 142
1571 1438
1083 1151
3 1430
1625 554
2015 2016 14
789 1234 12
