1804 1805
715 1598
408 715
661 408
1337 661
529 1337
178 529
1798 178
721 1798
319 721
100 319
978 100
637 978
279 637
261 279
216 261
287 216
961 287
1594 961
937 1594
69 937
1382 69
1781 1382
354 1781
1662 354
255 1662
1778 255
1282 1778
490 1282
1299 490
337 1299
394 337
179 394
587 179
836 587
765 836
1748 765
1674 1748
825 1674
1412 825
548 1412
1622 548
1004 1622
461 1004
1366 461
205 1366
457 205
1209 457
732 1209
1417 732
1343 1417
28 1343
1249 28
367 1249
259 367
163 259
434 163
1226 434
710 1226
72 710
473 72
390 473
1304 390
1606 1304
955 1606
1086 955
497 1086
1008 497
1136 1008
1191 1136
1098 1191
1314 1098
207 1314
522 207
1244 522
769 1244
400 769
990 400
1193 990
727 1193
1630 727
375 1630
923 375
1433 923
1713 1433
1423 1713
1037 1423
1133 1037
684 1133
1802 684
1270 1802
1586 1270
282 1586
1712 282
1542 1712
51 1542
885 51
1698 885
1469 1698
545 1469
1059 545
749 1059
133 749
851 133
602 851
693 602
132 693
1521 132
1516 1521
1774 1516
720 1774
1520 720
407 1520
954 407
212 954
708 212
225 708
558 225
160 558
1179 160
1592 1179
470 1592
1223 470
478 1223
62 478
190 62
1525 190
1558 1525
1784 1558
816 1784
1104 816
525 1104
1194 525
537 1194
869 537
53 869
544 53
911 544
139 911
115 139
1307 115
181 1307
1303 181
366 1303
947 366
305 947
1620 305
620 1620
1212 620
1118 1212
253 1118
1335 253
760 1335
1018 760
1683 1018
104 1683
1060 104
812 1060
1379 812
1105 1379
1694 1105
1377 1694
1117 1377
274 1117
77 274
1402 77
1479 1402
374 1479
1311 374
1043 1311
1359 1043
982 1359
1490 982
1457 1490
1436 1457
343 1436
1468 343
1232 1468
1653 1232
1603 1653
1648 1603
283 1648
1231 283
1204 1231
1082 1204
958 1082
834 958
93 834
1743 93
868 1743
1750 868
1351 1750
1005 1351
152 1005
728 152
123 728
1326 123
1441 1326
1062 1441
1718 1062
34 1718
1446 34
831 1446
3 831
243 3
371 243
1027 371
382 1027
1387 382
755 1387
1340 755
1308 1340
896 1308
938 896
1123 938
679 1123
1769 679
1566 1769
447 1566
117 447
793 117
1564 793
1416 1564
1273 1416
1701 1273
441 1701
1568 441
1697 1568
589 1697
64 589
1538 64
396 1538
674 396
1641 674
1381 1641
971 1381
1320 971
435 1320
1732 435
501 1732
1129 501
1317 1129
774 1317
1476 774
1432 1476
340 1432
984 340
219 984
249 219
1647 249
559 1647
349 559
969 349
1195 969
1489 1195
318 1489
1454 318
425 1454
73 425
1283 73
324 1283
210 324
945 210
1084 945
918 1084
1496 918
1080 1496
796 1080
933 796
1391 933
1625 1391
1690 1625
1227 1690
1072 1227
1768 1072
864 1768
1720 864
262 1720
1482 262
808 1482
906 808
605 906
1 605
1020 1
1804 1020
1048 1804
1406 1048
1074 1406
52 1074
1331 52
1517 1331
26 1517
384 26
970 384
213 970
854 213
1046 854
1120 1046
704 1120
1009 704
1047 1009
1556 1047
1362 1556
1584 1362
1035 1584
1639 1035
336 1639
1341 336
786 1341
278 786
1219 278
881 1219
1665 881
438 1665
1138 438
1415 1138
662 1415
1061 662
1255 1061
1723 1255
664 1723
1724 664
285 1724
1363 285
1681 1363
1561 1681
1458 1561
1512 1458
1790 1512
1397 1790
450 1397
1000 450
338 1000
894 338
1554 894
1766 1554
286 1766
494 286
131 494
1330 131
1380 1330
1493 1380
740 1493
1238 740
935 1238
699 935
1449 699
149 1449
1185 149
46 1185
79 46
866 79
930 866
686 930
1638 686
237 1638
839 237
151 839
665 151
1199 665
1160 1199
1545 1160
1268 1545
265 1268
735 265
1567 735
1236 1567
1036 1236
634 1036
561 634
214 561
813 214
1281 813
1487 1281
1057 1487
1470 1057
929 1470
196 929
1040 196
697 1040
1230 697
919 1230
232 919
1793 232
339 1793
1300 339
1399 1300
355 1399
140 355
1344 140
853 1344
302 853
1573 302
1271 1573
913 1271
789 913
963 789
1170 963
1559 1170
121 1559
268 121
948 268
898 948
1207 898
204 1207
625 204
1101 625
484 1101
1503 484
1239 1503
1183 1239
867 1183
731 867
37 731
770 37
791 770
1507 791
1726 1507
1228 1726
1511 1228
17 1511
992 17
1772 992
713 1772
410 713
9 410
402 9
934 402
1429 934
1414 1429
1659 1414
1676 1659
902 1676
1388 902
444 1388
921 444
858 921
1765 858
377 1765
1442 377
810 1442
184 810
552 184
1602 552
568 1602
221 568
576 221
1134 576
504 1134
897 504
543 897
431 543
197 431
668 197
1285 668
1022 1285
629 1022
1691 629
177 1691
1024 177
1745 1024
1495 1745
515 1495
1536 515
310 1536
281 310
1671 281
729 1671
330 729
1663 330
837 1663
706 837
870 706
502 870
309 502
16 309
256 16
535 256
98 535
1704 98
986 1704
350 986
924 350
1235 924
238 1235
1137 238
84 1137
1079 84
1139 1079
658 1139
538 658
983 538
941 983
1710 941
860 1710
409 860
303 409
141 303
1439 141
143 1439
465 143
465 776
962 1598
726 962
633 726
1760 633
1795 1760
1125 1795
606 1125
1069 606
1146 1069
398 1146
347 398
703 347
401 703
1121 401
936 1121
966 936
1100 966
1491 1100
1150 1491
785 1150
1099 785
1767 1099
172 1767
386 172
871 386
158 871
240 158
1113 240
526 1113
58 526
943 58
1220 943
1262 1220
325 1262
1551 325
206 1551
236 206
1631 236
1200 1631
295 1200
609 295
1494 609
931 1494
1081 931
1579 1081
1563 1579
1725 1563
246 1725
1398 246
603 1398
1447 603
130 1447
1708 130
815 1708
1451 815
1711 1451
114 1711
1729 114
546 1729
321 546
5 321
842 5
138 842
519 138
263 519
361 263
250 361
1316 250
1116 1316
101 1116
1646 101
1263 1646
798 1263
1424 798
1174 1424
429 1174
1006 429
271 1006
850 271
753 850
972 753
471 972
1403 471
724 1403
94 724
797 94
1357 797
1448 1357
751 1448
313 751
1274 313
30 1274
25 30
547 25
1709 547
1211 1709
717 1211
745 717
763 745
591 763
1557 591
1237 1557
307 1237
489 307
89 489
1266 89
1684 1266
1064 1684
1633 1064
1753 1633
1742 1753
1050 1742
927 1050
845 927
667 845
1644 667
950 1644
1583 950
973 1583
1145 973
1390 1145
1063 1390
1728 1063
993 1728
57 993
782 57
1421 782
1703 1421
78 1703
1471 78
604 1471
1372 604
1746 1372
1334 1746
55 1334
391 55
828 391
426 828
1358 426
1501 1358
594 1501
827 594
107 827
737 107
1751 737
1328 1751
1107 1328
369 1107
248 369
1484 248
1540 1484
1093 1540
1365 1093
1702 1365
1534 1702
199 1534
1155 199
260 1155
805 260
433 805
376 433
102 376
1652 102
56 1652
456 56
284 456
440 284
432 440
1198 432
233 1198
580 233
1292 580
817 1292
540 817
1348 540
1733 1348
423 1733
838 423
1256 838
702 1256
762 702
747 762
292 747
446 292
1687 446
120 1687
326 120
1166 326
801 1166
370 801
1336 370
175 1336
137 175
743 137
882 743
1131 882
397 1131
536 397
109 536
19 109
639 19
505 639
36 505
108 36
764 108
353 764
511 353
1216 511
994 1216
45 994
1764 45
427 1764
1190 427
1497 1190
829 1497
644 829
1741 644
1180 1741
1168 1180
1265 1168
1478 1265
1456 1478
527 1456
1773 527
1473 1773
1092 1473
1543 1092
1483 1543
539 1483
1313 539
716 1313
266 716
643 266
1747 643
618 1747
892 618
569 892
218 569
1373 218
1302 1373
1498 1302
320 1498
365 320
879 365
1771 879
744 1771
592 744
925 592
862 925
379 862
1565 379
1067 1565
96 1067
1593 96
277 1593
162 277
647 162
1149 647
523 1149
942 523
1184 942
752 1184
953 752
1547 953
691 1547
807 691
781 807
1539 781
1668 1539
1734 1668
419 1734
767 419
411 767
653 411
900 653
288 900
847 288
1332 847
185 1332
462 185
802 462
436 802
1445 436
422 1445
301 422
1126 301
1678 1126
393 1678
272 393
241 272
901 241
1142 901
641 1142
1758 641
1122 1758
1546 1122
1007 1546
215 1007
554 215
424 554
420 424
61 420
351 61
1411 351
514 1411
1154 514
1462 1154
1186 1462
1655 1186
883 1655
584 883
841 584
887 841
646 887
488 646
675 488
1794 675
928 1794
1740 928
380 1740
291 380
334 291
1759 334
1250 1759
416 1250
211 416
1661 211
387 1661
1611 387
1324 1611
642 1324
1221 642
607 1221
134 607
1277 134
258 1277
1749 258
1550 1749
1323 1550
1140 1323
1636 1140
1392 1636
1349 1392
1427 1349
1492 1427
877 1492
989 877
306 989
1014 306
1213 1014
1685 1213
631 1685
491 631
289 491
406 289
1508 406
1233 1508
995 1233
368 995
54 368
1031 54
345 1031
872 345
269 872
403 269
1480 403
239 1480
421 239
1309 421
1548 1309
1628 1548
1431 1628
1428 1431
669 1428
800 669
1738 800
111 1738
888 111
551 888
1023 551
1095 1023
1610 1095
1224 1610
507 1224
463 507
86 463
1261 86
627 1261
696 627
738 696
951 738
856 951
1626 856
1032 1626
1667 1032
873 1667
1128 873
621 1128
1522 621
733 1522
385 733
1352 385
1055 1352
700 1055
297 700
348 297
628 348
1065 628
1044 1065
388 1044
861 388
1103 861
70 1103
264 70
1587 264
1286 1587
1591 1286
835 1591
549 835
880 549
1158 880
188 1158
1420 188
472 1420
183 472
742 183
965 742
1502 965
14 1502
1295 14
2 1295
1686 2
750 1686
1242 750
1171 1242
1650 1171
1467 1650
1434 1467
230 1434
670 230
157 670
616 157
754 616
617 754
413 617
792 413
1021 792
1513 1021
530 1513
1762 530
1178 1762
496 1178
766 496
922 766
49 922
1085 49
474 1085
1002 474
1731 1002
1015 1731
1616 1015
404 1616
498 404
267 498
1401 267
191 1401
1222 191
1291 1222
671 1291
940 671
1346 940
1016 1346
1039 1016
1779 1039
332 1779
1782 332
1413 1782
1730 1413
33 1730
1068 33
865 1068
1623 865
1298 1623
1041 1298
1649 1041
209 1649
655 209
912 655
1205 912
186 1205
593 186
1528 593
645 1528
1045 645
985 1045
458 985
588 458
122 588
1601 122
475 1601
475 360
1619 1598
725 1619
761 725
13 761
35 13
38 35
1197 38
952 1197
915 952
1590 915
1278 1590
1621 1278
1169 1621
1188 1169
1618 1188
1094 1618
1770 1094
1688 1770
660 1688
657 660
553 657
777 553
103 777
1585 103
1761 1585
1378 1761
1284 1378
909 1284
1073 909
299 1073
467 299
1675 467
610 1675
1801 610
623 1801
687 623
824 687
1322 824
1699 1322
1259 1699
595 1259
126 595
1466 126
1408 1466
235 1408
193 235
1450 193
217 1450
145 217
378 145
886 378
709 886
926 709
673 926
1241 673
399 1241
146 399
67 146
99 67
910 99
1430 910
1552 1430
1553 1552
1791 1553
1251 1791
182 1251
1280 182
694 1280
946 694
1789 946
1151 1789
1013 1151
1096 1013
1696 1096
257 1696
572 257
1787 572
1695 1787
1775 1695
477 1775
300 477
784 300
88 784
1722 88
996 1722
980 996
294 980
1360 294
1293 1360
499 1293
987 499
988 987
1229 988
1386 1229
638 1386
381 638
323 381
118 323
1474 118
1083 1474
656 1083
681 656
1443 681
690 1443
1176 690
1679 1176
1527 1679
1645 1527
719 1645
1112 719
244 1112
192 244
795 192
76 795
1581 76
1614 1581
1370 1614
741 1370
512 741
932 512
110 932
418 110
1225 418
1419 1225
1156 1419
1537 1156
712 1537
1033 712
1499 1033
443 1499
1796 443
1716 1796
227 1716
1246 227
1254 1246
1680 1254
1102 1680
663 1102
392 663
317 392
1276 317
1735 1276
1578 1735
654 1578
148 654
1574 148
677 1574
844 677
849 844
830 849
1289 830
1407 1289
1780 1407
389 1780
1440 389
466 1440
195 466
1108 195
1264 1108
843 1264
518 843
1588 518
597 1588
1201 597
1319 1201
528 1319
1719 528
22 1719
622 22
648 622
50 648
1109 50
857 1109
234 857
1375 234
1026 1375
293 1026
1318 293
619 1318
1001 619
1475 1001
483 1475
344 483
202 344
612 202
1376 612
582 1376
1461 582
1435 1461
228 1435
1077 228
352 1077
1562 352
1076 1562
1776 1076
127 1776
1530 127
1182 1530
1167 1182
1670 1167
804 1670
1727 804
1175 1727
455 1175
959 455
1312 959
1800 1312
1605 1800
1637 1605
1651 1637
1600 1651
129 1600
1754 129
415 1754
510 415
1799 510
611 1799
1124 611
575 1124
630 575
165 630
451 165
714 451
1739 714
1393 1739
1459 1393
1192 1459
71 1192
878 71
1353 878
1090 1353
1666 1090
640 1666
48 640
1721 48
649 1721
1147 649
1296 1147
586 1296
1640 586
203 1640
1664 203
1301 1664
555 1301
624 555
1612 624
1028 1612
1642 1028
445 1642
167 445
333 167
516 333
1056 516
116 1056
1385 116
1509 1385
15 1509
904 15
312 904
1706 312
448 1706
1017 448
803 1017
578 803
1305 578
1258 1305
1143 1258
1272 1143
917 1272
1218 917
560 1218
682 560
1164 682
1609 1164
1260 1609
739 1260
979 739
208 979
1707 208
270 1707
1535 270
916 1535
187 916
541 187
171 541
1288 171
1463 1288
1803 1463
1617 1803
1070 1617
170 1070
759 170
32 759
1485 32
226 1485
11 226
666 11
1019 666
806 1019
1329 806
315 1329
1088 315
112 1088
822 112
794 822
8 794
442 8
453 442
1677 453
635 1677
533 635
772 533
74 772
1673 74
200 1673
363 200
956 363
833 956
771 833
201 771
1531 201
322 1531
1148 322
194 1148
1253 194
75 1253
1705 75
18 1705
1269 18
10 1269
83 10
1217 83
680 1217
1159 680
1438 1159
1409 1438
531 1409
1196 531
128 1196
372 128
788 372
1400 788
991 1400
85 991
1215 85
1157 1215
524 1157
180 524
298 180
1541 298
364 1541
650 364
492 650
908 492
273 908
814 273
500 814
1127 500
818 1127
328 818
452 328
567 452
503 567
1038 503
1736 1038
395 1736
1523 395
1091 1523
469 1091
1172 469
1613 1172
848 1613
608 848
20 608
242 20
695 242
493 695
174 493
468 174
414 468
1576 414
189 1576
1575 189
487 1575
1364 487
304 1364
1163 304
252 1163
775 252
1369 775
43 1369
1672 43
1505 1672
1354 1505
574 1354
254 574
1051 254
1629 1051
557 1629
24 557
24 513
147 776
758 147
683 758
778 683
1634 778
889 1634
534 889
1374 534
957 1374
1510 957
652 1510
1755 652
6 1755
1243 6
327 1243
1267 327
1066 1267
811 1066
1367 811
1384 1367
596 1384
893 596
4 893
855 4
356 855
59 356
229 59
1144 229
1010 1144
156 1010
459 156
768 459
783 768
1130 783
1115 1130
449 1115
997 449
614 997
1763 614
1444 1763
968 1444
939 968
1455 939
1187 1455
29 1187
874 29
251 874
479 251
707 479
60 707
907 60
105 907
1345 105
97 1345
1518 97
1693 1518
224 1693
1777 224
585 1777
566 585
275 566
1141 275
1792 1141
903 1792
1089 903
895 1089
1514 895
1656 1514
124 1656
437 124
1248 437
1177 1248
1161 1177
1654 1161
1054 1654
636 1054
779 636
905 779
998 905
231 998
573 231
1030 573
169 1030
135 169
1582 135
1325 1582
161 1325
705 161
701 705
198 701
999 198
820 999
1515 820
1110 1515
613 1110
119 613
1504 119
974 1504
746 974
590 746
899 590
748 899
150 748
87 150
583 87
439 583
1368 439
1078 1368
373 1078
7 373
676 7
280 676
247 280
308 247
481 308
672 481
80 672
91 80
1173 91
1405 1173
722 1405
1544 722
1715 1544
220 1715
159 220
840 159
1189 840
166 1189
346 166
1437 346
1247 1437
358 1247
144 358
651 144
314 651
914 314
155 914
47 155
1453 47
920 1453
405 920
1075 405
342 1075
63 342
1389 63
276 1389
1472 276
508 1472
1356 508
1460 1356
1589 1460
1717 1589
1549 1717
329 1549
482 329
1786 482
1785 1786
688 1785
579 688
659 579
1658 659
949 1658
1240 949
581 1240
1234 581
1599 1234
460 1599
1339 460
1657 1339
1042 1657
168 1042
757 168
1071 757
1714 1071
125 1714
417 125
1506 417
1555 1506
428 1555
787 428
1333 787
863 1333
1526 863
21 1526
341 21
311 341
164 311
90 164
692 90
1560 692
678 1560
1682 678
335 1682
562 335
1371 562
1577 1371
542 1577
1181 542
884 1181
1643 884
1643 513
1342 360
826 1342
1744 826
1783 1744
1310 1783
832 1310
359 832
1624 359
852 1624
106 852
222 106
1627 222
571 1627
66 571
1114 66
1152 1114
1203 1152
520 1203
1426 520
600 1426
626 600
1049 626
506 1049
521 506
1029 521
1347 1029
464 1347
780 464
967 780
736 967
1660 736
1410 1660
12 1410
245 12
1111 245
1011 1111
773 1011
1632 773
1106 1632
1477 1106
1034 1477
31 1034
685 31
1569 685
1053 1569
944 1053
142 944
82 142
223 82
1452 223
981 1452
556 981
819 556
532 819
1524 532
1383 1524
1003 1383
577 1003
718 577
1797 718
1572 1797
1692 1572
977 1692
1519 977
756 1519
1488 756
113 1488
1350 113
615 1350
1394 615
799 1394
1338 799
1132 1338
176 1132
859 176
823 859
1465 823
1669 1465
1214 1669
1279 1214
1012 1279
154 1012
1689 154
1290 1689
1252 1290
68 1252
1757 68
40 1757
565 40
92 565
790 92
1297 790
570 1297
95 570
1418 95
1087 1418
44 1087
723 44
136 723
1529 136
39 1529
1257 39
601 1257
1635 601
1153 1635
480 1153
1395 480
41 1395
1361 41
454 1361
734 454
1752 734
1464 1752
1025 1464
698 1025
1306 698
1500 1306
65 1500
1422 65
27 1422
1571 27
517 1571
1700 517
1756 1700
598 1756
1202 598
1294 1202
890 1294
1580 890
430 1580
1396 430
976 1396
1608 976
599 1608
173 599
383 173
1165 383
316 1165
362 316
1788 362
632 1788
1287 632
1595 1287
485 1595
509 485
42 509
875 42
1275 875
476 1275
495 476
153 495
1597 153
550 1597
711 550
1570 711
563 1570
1052 563
1532 1052
1327 1532
1486 1327
960 1486
975 960
1208 975
1425 1208
564 1425
1206 564
1245 1206
296 1245
1533 296
964 1533
876 964
1404 876
1481 1404
891 1481
689 891
357 689
1210 357
1596 1210
1315 1596
23 1315
1058 23
1135 1058
1097 1135
412 1097
486 412
290 486
81 290
730 81
1355 730
1119 1355
809 1119
331 809
846 331
1321 846
821 1321
1737 821
1615 1737
1607 1615
1162 1607
1604 1162
1604 513
1598 776 506
1598 360 506
