2999 3000
2678 602
1516 2678
2064 1516
2487 2064
570 2487
716 570
285 716
2138 285
1414 2138
697 1414
1987 697
2896 1987
1633 2896
2515 1633
109 2515
2242 109
645 2242
2153 645
2080 2153
741 2080
1892 741
2385 1892
43 2385
1659 43
2020 1659
1579 2020
2039 1579
81 2039
393 81
2589 393
2305 2589
2203 2305
2532 2203
1503 2532
511 1503
680 511
1150 680
1998 1150
844 1998
144 844
66 144
2024 66
455 2024
1302 455
1222 1302
1001 1222
1724 1001
1390 1724
806 1390
352 806
2635 352
889 2635
1585 889
2085 1585
82 2085
514 82
2548 514
339 2548
25 339
446 25
2438 446
565 2438
2088 565
1406 2088
963 1406
2854 963
2500 2854
51 2500
2058 51
1961 2058
2838 1961
373 2838
2772 373
1479 2772
2990 1479
2456 2990
1821 2456
1342 1821
1620 1342
1847 1620
2509 1847
1981 2509
1955 1981
1262 1955
2766 1262
1518 2766
175 1518
1229 175
2147 1229
2600 2147
1013 2600
1162 1013
864 1162
2475 864
1269 2475
2142 1269
2214 2142
1722 2214
397 1722
268 397
2732 268
1855 2732
2870 1855
301 2870
1318 301
10 1318
947 10
731 947
1971 731
2530 1971
118 2530
1367 118
2932 1367
341 2932
1574 341
1832 1574
2899 1832
2602 2899
466 2602
1826 466
1214 1826
1825 1214
1970 1825
1195 1970
2358 1195
1113 2358
1313 1113
413 1313
103 413
220 103
619 220
1803 619
4 1803
666 4
607 666
1910 607
2709 1910
2710 2709
1192 2710
2872 1192
911 2872
1337 911
2780 1337
2090 2780
55 2090
2638 55
1819 2638
1031 1819
960 1031
1628 960
877 1628
1588 877
2701 1588
696 2701
639 696
322 639
2303 322
1435 2303
2668 1435
1496 2668
2535 1496
1137 2535
2676 1137
2092 2676
720 2092
1800 720
417 1800
2671 417
778 2671
2459 778
472 2459
1391 472
1791 1391
2139 1791
1865 2139
1700 1865
814 1700
1858 814
107 1858
178 107
2473 178
2565 2473
2624 2565
2637 2624
1952 2637
2409 1952
1756 2409
1973 1756
1244 1973
1492 1244
2992 1492
545 2992
433 545
493 433
1338 493
841 1338
2268 841
2368 2268
2957 2368
2235 2957
1544 2235
460 1544
509 460
1384 509
2551 1384
2273 2551
2479 2273
1056 2479
239 1056
2353 239
982 2353
1526 982
2018 1526
2702 2018
2728 2702
1106 2728
596 1106
1508 596
318 1508
374 318
2571 374
333 2571
409 333
1693 409
1941 1693
1778 1941
1690 1778
1326 1690
1092 1326
2442 1092
294 2442
2200 294
1129 2200
2035 1129
222 2035
1449 222
139 1449
1485 139
1147 1485
2859 1147
1418 2859
530 1418
1608 530
1675 1608
2557 1675
2311 2557
171 2311
603 171
1105 603
1868 1105
2797 1868
1419 2797
2513 1419
1281 2513
1240 1281
475 1240
1710 475
2297 1710
1179 2297
2012 1179
232 2012
2570 232
2223 2570
2463 2223
2152 2463
2650 2152
515 2650
1023 515
1953 1023
770 1953
1777 770
2845 1777
195 2845
2245 195
593 2245
1735 593
1369 1735
321 1369
309 321
2334 309
425 2334
1242 425
2377 1242
41 2377
2330 41
2423 2330
1667 2423
1173 1667
29 1173
2251 29
581 2251
1552 581
480 1552
2075 480
2388 2075
1957 2388
2112 1957
1305 2112
584 1305
1373 584
2280 1373
612 2280
1637 612
1795 1637
734 1795
1873 734
1813 1873
2518 1813
1124 2518
5 1124
1509 5
1928 1509
190 1928
2683 190
2166 2683
2310 2166
1458 2310
473 1458
758 473
1689 758
671 1689
172 671
165 172
2129 165
992 2129
2099 992
2194 2099
2984 2194
1396 2984
531 1396
2905 531
192 2905
2164 192
2751 2164
1613 2751
36 1613
753 36
2818 753
1395 2818
707 1395
1571 707
2792 1571
1058 2792
557 1058
237 557
1607 237
411 1607
1617 411
1745 1617
1097 1745
2879 1097
2119 2879
651 2119
2247 651
2803 2247
1551 2803
2221 1551
528 2221
6 528
244 6
674 244
2632 674
245 2632
2299 245
948 2299
2572 948
240 2572
96 240
589 96
1648 589
825 1648
2976 825
1306 2976
789 1306
769 789
396 769
717 396
1580 717
1792 1580
1339 1792
2425 1339
703 2425
1597 703
1623 1597
1992 1623
2558 1992
2837 2558
839 2837
1632 839
2946 1632
2271 2946
2077 2271
1797 2077
2430 1797
263 2430
11 263
1980 11
2357 1980
662 2357
77 662
1818 77
1500 1818
1535 1500
2655 1535
687 2655
2547 687
230 2547
1733 230
1298 1733
2004 1298
1960 2004
2931 1960
260 2931
2218 260
2495 2218
2185 2495
2517 2185
739 2517
302 739
2564 302
1221 2564
1254 1221
2825 1254
2594 2825
1707 2594
2031 1707
1584 2031
2930 1584
2403 2930
701 2403
2827 701
381 2827
380 381
1899 380
820 1899
2958 820
1893 2958
2811 1893
2449 2811
201 2449
2439 201
2483 2439
2540 2483
464 2540
419 464
432 419
2599 432
2431 2599
34 2431
2494 34
2095 2494
2921 2095
850 2921
2145 850
2875 2145
2443 2875
2784 2443
457 2784
13 457
450 13
2844 450
2362 2844
725 2362
2538 725
1006 2538
246 1006
1775 246
1548 1775
2177 1548
1903 2177
1965 1903
526 1965
2506 526
1984 2506
291 1984
2076 291
221 2076
2850 221
2480 2850
2654 2480
1109 2654
908 1109
738 908
1650 738
295 1650
532 295
1956 532
1430 1956
1713 1430
1212 1713
462 1212
2489 462
2722 2489
559 2722
552 559
1658 552
2987 1658
1779 2987
438 1779
562 438
622 562
2773 622
724 2773
966 724
590 966
968 590
362 968
1088 362
587 1088
1251 587
2511 1251
1506 2511
2282 1506
2807 2282
1846 2807
2306 1846
1842 2306
924 1842
495 924
563 495
366 563
2657 366
664 2657
722 664
143 722
2925 143
1638 2925
2094 1638
2962 2094
1645 2962
2098 1645
1381 2098
907 1381
1055 907
2545 1055
184 2545
1782 184
737 1782
2667 737
1566 2667
2437 1566
2770 2437
2490 2770
1944 2490
247 1944
2208 247
1604 2208
1666 1604
1606 1666
678 1606
2361 678
2371 2361
1705 2371
1495 1705
2010 1495
2478 2010
2093 2478
1323 2093
652 1323
1033 652
2042 1033
2244 2042
2213 2244
210 2213
843 210
1897 843
1299 1897
1216 1299
27 1216
2444 27
2019 2444
2009 2019
223 2009
1685 223
387 1685
98 387
1404 98
2415 1404
2343 2415
2187 2343
1741 2187
1253 1741
2100 1253
1734 2100
1138 1734
1263 1138
2412 1263
2997 2412
681 2997
706 681
2941 706
1827 2941
2787 1827
854 2787
2886 854
278 2886
2335 278
669 2335
477 669
1589 477
1183 1589
2613 1183
2771 2613
1250 2771
1653 1250
1790 1653
2556 1790
833 2556
1774 833
819 1774
2834 819
436 2834
2374 436
2325 2374
2124 2325
597 2124
2986 597
1408 2986
1304 1408
293 1304
181 293
2972 181
956 2972
539 956
2157 539
2820 2157
695 2820
2317 695
1737 2317
2069 1737
2871 2069
361 2871
2940 361
2994 2940
272 2994
379 272
661 379
129 661
2288 129
150 2288
813 150
2586 813
326 2586
2918 326
370 2918
1488 370
385 1488
2971 385
1065 2971
497 1065
287 497
1519 287
2609 1519
782 2609
235 782
2661 235
2195 2661
2866 2195
1415 2866
2993 1415
2760 2993
271 2760
1266 271
429 1266
521 429
535 521
2234 535
2476 2234
30 2476
755 30
1904 755
2754 1904
2847 2754
2125 2847
2996 2125
1468 2996
2349 1468
1857 2349
1684 1857
1547 1684
1048 1547
1293 1048
2698 1293
2079 2698
1787 2079
1657 1787
1472 1657
108 1472
1213 108
494 1213
2188 494
1750 2188
2007 1750
954 2007
1041 954
2144 1041
1331 2144
903 1331
2911 903
2270 2911
53 2270
2544 53
1476 2544
2973 1476
1883 2973
2576 1883
369 2576
1461 369
1025 1461
906 1025
342 906
250 342
1583 250
1379 1583
262 1379
2777 262
151 2777
2884 151
274 2884
2411 274
1428 2411
1161 1428
1148 1161
2029 1148
2032 2029
90 2032
1068 90
1815 1068
2651 1815
286 2651
496 286
2734 496
2030 2734
1308 2030
479 1308
1210 479
1044 1210
653 1044
2025 653
2470 2025
1591 2470
711 1591
2881 711
1167 2881
2549 1167
1451 2549
1635 1451
1265 1635
1202 1265
744 1202
2897 744
1772 2897
2917 1772
768 2917
2257 768
2404 2257
2685 2404
2186 2685
2988 2186
2309 2988
2862 2309
2291 2862
2828 2291
961 2828
2689 961
2101 2689
2465 2101
2900 2465
330 2900
281 330
1287 281
2159 1287
2521 2159
2634 2521
1559 2634
442 1559
2033 442
1760 2033
859 1760
489 859
120 489
1676 120
2982 1676
917 2982
2022 917
2477 2022
2567 2477
1300 2567
1368 1300
631 1368
265 631
1172 265
2747 1172
2337 2747
2181 2337
186 2181
1085 186
2340 1085
1598 2340
2400 1598
1695 2400
1290 1695
2220 1290
1032 2220
2726 1032
1047 2726
517 1047
609 517
1116 609
1920 1116
2864 1920
435 2864
392 435
783 392
1924 783
1093 1924
2 1093
1594 2
629 1594
1175 629
2130 1175
135 2130
1943 135
224 1943
2414 224
2926 2414
1976 2926
1507 1976
2607 1507
1670 2607
1942 1670
485 1942
384 485
1034 384
199 1034
93 199
599 93
1108 599
8 1108
2469 8
2266 2469
283 2266
2179 283
1215 2179
1268 1215
2071 1268
918 2071
2967 918
1630 2967
1630 640
317 1007
2122 317
9 2122
2474 9
2103 2474
871 2103
1357 871
451 1357
323 451
2384 323
929 2384
709 929
721 709
2822 721
1259 2822
216 1259
1140 216
2219 1140
1053 2219
1528 1053
1049 1528
2782 1049
1054 2782
2003 1054
2939 2003
949 2939
874 949
434 874
2895 434
1725 2895
2293 1725
1848 2293
2561 1848
2669 2561
1640 2669
544 1640
468 544
1238 468
2693 1238
537 2693
1678 537
1157 1678
2256 1157
467 2256
2789 467
1217 2789
538 1217
1702 538
445 1702
2579 445
212 2579
2154 212
1494 2154
920 1494
2892 920
1715 2892
1621 1715
1471 1621
78 1471
2275 78
1280 2275
353 1280
2915 353
1680 2915
2963 1680
657 2963
1917 657
31 1917
1563 31
2378 1563
119 2378
2435 119
1874 2435
1812 1874
1784 1812
26 1784
2205 26
1880 2205
880 1880
2902 880
1103 2902
2764 1103
1174 2764
1493 1174
2366 1493
1291 2366
670 1291
1966 670
2630 1966
1292 2630
1453 1292
2467 1453
1962 2467
99 1962
2040 99
1459 2040
1731 1459
2452 1731
1824 2452
675 1824
1038 675
1681 1038
2541 1681
1130 2541
1872 1130
2498 1872
2618 2498
2954 2618
2525 2954
764 2525
728 764
2758 728
2936 2758
76 2936
1171 76
1881 1171
1945 1881
2118 1945
1410 2118
1344 1410
1789 1344
2405 1789
1407 2405
400 1407
1530 400
238 1530
1612 238
1699 1612
2510 1699
2359 2510
2496 2359
2061 2496
1914 2061
2573 1914
797 2573
2658 797
673 2658
2783 673
1655 2783
2279 1655
2137 2279
808 2137
267 808
1484 267
646 1484
2497 646
2067 2497
1611 2067
892 1611
543 892
2070 543
1204 2070
2428 1204
2258 2428
2372 2258
1402 2372
1982 1402
2720 1982
788 2720
730 788
791 730
471 791
2979 471
371 2979
2704 371
1565 2704
550 1565
1231 550
1614 1231
243 1614
1490 243
1686 1490
1112 1686
2352 1112
853 2352
1765 853
1064 1765
1389 1064
1423 1389
1030 1423
935 1030
2718 935
1991 2718
1360 1991
1187 1360
375 1187
1716 375
957 1716
312 957
1243 312
2468 1243
2253 2468
1464 2253
1127 1464
2665 1127
1532 2665
812 1532
2381 812
1080 2381
1320 1080
254 1320
2120 254
1460 2120
282 1460
512 282
1425 512
183 1425
572 183
1026 572
952 1026
67 952
1836 67
2697 1836
1442 2697
2462 1442
2776 2462
1887 2776
1412 1887
2201 1412
331 2201
858 331
785 858
2285 785
1002 2285
2829 1002
743 2829
2835 743
690 2835
1964 690
1078 1964
58 1078
2466 58
1431 2466
2432 1431
2350 2432
834 2350
1346 834
729 1346
2363 729
1351 2363
1577 1351
576 1577
1946 576
2172 1946
2005 2172
2741 2005
2176 2741
114 2176
945 114
2605 945
502 2605
842 502
2050 842
1679 2050
1665 1679
2117 1665
2028 2117
1036 2028
931 1036
214 931
694 214
1416 694
138 1416
2935 138
2161 2935
554 2161
1355 554
580 1355
1599 580
2278 1599
1572 2278
1081 1572
2965 1081
2923 2965
2051 2923
316 2051
2008 316
2013 2008
2611 2013
2584 2611
1600 2584
127 1600
456 127
17 456
1141 17
1875 1141
2527 1875
2191 2527
1364 2191
258 1364
2345 258
1438 2345
68 1438
1184 68
1936 1184
391 1936
508 391
1729 508
279 1729
1654 279
226 1654
2183 226
626 2183
2695 626
519 2695
1455 519
1882 1455
2876 1882
1755 2876
1697 1755
37 1697
610 37
1462 610
2217 1462
1556 2217
999 1556
1517 999
1114 1517
951 1114
474 951
1719 474
28 1719
430 28
2908 430
548 2908
1879 548
881 1879
1809 881
1454 1809
2944 1454
327 2944
2851 327
2833 2851
140 2833
866 140
270 866
2104 270
655 2104
383 655
2696 383
974 2696
1164 974
1673 1164
1923 1673
470 1923
1035 470
1027 1035
315 1027
2781 315
1505 2781
513 1505
938 513
2562 938
800 2562
547 800
426 547
1498 426
2304 1498
2907 2304
490 2907
241 490
2328 241
2520 2328
2614 2520
676 2614
829 676
2906 829
621 2906
2824 621
934 2824
2364 934
1854 2364
2524 1854
1061 2524
1260 1061
2106 1260
169 2106
2027 169
693 2027
1534 693
219 1534
2531 219
591 2531
2354 591
2136 2354
2184 2136
2843 2184
125 2843
102 125
2615 102
708 2615
2089 708
799 2089
1322 799
637 1322
1864 637
1683 1864
860 1683
1022 860
1610 1022
1119 1610
595 1119
1743 595
2869 1743
2666 2869
2231 2666
2175 2231
551 2175
1343 551
2451 1343
1365 2451
1712 1365
822 1712
2485 822
211 2485
1272 211
2653 1272
2814 2653
830 2814
439 830
2913 439
1309 2913
2729 1309
2199 2729
1938 2199
2017 1938
2712 2017
440 2712
1284 440
679 1284
121 679
2249 121
2731 2249
2516 2731
1117 2516
1354 1117
656 1354
831 656
1091 831
869 1091
1969 869
2321 1969
2376 2321
2672 2376
1878 2672
2148 1878
2512 2148
1465 2512
1279 1465
2855 1279
586 2855
193 586
2724 193
1587 2724
546 1587
1196 546
627 1196
604 627
1889 604
153 1889
1457 153
257 1457
2160 257
1000 2160
1288 1000
276 1288
1481 276
1767 1481
2062 1767
1066 2062
2141 1066
422 2141
2373 422
926 2373
937 926
2950 937
1042 2950
1927 1042
2799 1927
1104 2799
726 1104
1223 726
1564 1223
685 1564
149 685
2508 149
1525 2508
410 1525
332 410
249 332
1271 249
2196 1271
7 2196
1456 7
713 1456
1560 713
1286 1560
2390 1286
2133 2390
197 2133
2581 197
2725 2581
1203 2725
665 1203
296 665
2861 296
2097 2861
700 2097
2566 700
1721 2566
1029 1721
1303 1029
2765 1303
1840 2765
2108 1840
944 2108
698 944
1370 698
2858 1370
2559 2858
16 2559
280 16
1830 280
256 1830
955 256
2056 955
1497 2056
936 1497
320 936
533 320
2274 533
1643 2274
454 1643
74 454
1573 74
2983 1573
1159 2983
569 1159
2502 569
147 2502
42 147
2048 42
2252 2048
163 2252
39 163
925 39
23 925
2294 23
1527 2294
1894 1527
946 1894
2355 946
1017 2355
1801 1017
2888 1801
97 2888
2014 97
1122 2014
1102 1122
1361 1102
802 1361
875 802
2743 875
141 2743
2826 141
1328 2826
420 1328
1805 420
2617 1805
1642 2617
1176 1642
208 1176
2622 208
2180 2622
845 2180
873 845
1660 873
2552 1660
1996 2552
334 1996
2717 334
861 2717
1740 861
2295 1740
2427 2295
59 2427
1387 59
1480 1387
488 1480
62 488
1909 62
63 1909
1199 63
206 1199
2684 206
2224 2684
1386 2224
771 1386
767 771
251 767
1057 251
1499 1057
1916 1499
2047 1916
971 2047
567 971
2841 567
2627 2841
160 2627
1197 160
441 1197
1350 441
1074 1350
2491 1074
1967 2491
2243 1967
773 2243
2301 773
1898 2301
2880 1898
1101 2880
1220 1101
1562 1220
1974 1562
1934 1974
1829 1934
909 1829
772 909
987 772
1267 987
523 1267
1631 523
289 1631
253 289
248 253
1439 248
658 1439
2344 658
2574 2344
1896 2574
2563 1896
1769 2563
2846 1769
1447 2846
1182 1447
2246 1182
1477 2246
2072 1477
1536 2072
1466 1536
527 1466
2582 527
2399 2582
2852 2399
1932 2852
2163 1932
1353 2163
2608 1353
112 2608
449 112
847 449
826 847
1806 826
2392 1806
1727 2392
162 1727
732 162
345 732
1625 345
2924 1625
1432 2924
2109 1432
1090 2109
1900 1090
1153 1900
571 1153
1233 571
1077 1233
1352 1077
2723 1352
2501 2723
236 2501
2849 236
2332 2849
167 2332
2873 167
2681 2873
1590 2681
1730 1590
52 1730
1902 52
677 1902
632 677
575 632
437 575
2774 437
1901 2774
1340 1901
887 1340
1012 887
404 1012
742 404
1817 742
1241 1817
1656 1241
2596 1656
2416 2596
1398 2416
1448 1398
2616 1448
92 2616
73 92
2640 73
1703 2640
2801 1703
2893 2801
699 2893
975 699
1807 975
2998 1807
2914 2998
358 2914
347 358
79 347
124 79
2319 124
1785 2319
2795 1785
1935 2795
2699 1935
1100 2699
2091 1100
2482 2091
2553 2482
113 2553
1891 113
2038 1891
448 2038
1561 448
1444 1561
1123 1444
2948 1123
1401 2948
2198 1401
483 2198
1799 483
304 1799
1483 304
885 1483
348 885
368 348
2580 368
1478 2580
2816 1478
2952 2816
2961 2952
2318 2961
1295 2318
2216 1295
1951 2216
154 1951
1037 154
978 1037
578 978
2960 578
882 2960
2286 882
815 2286
299 815
1990 299
204 1990
2212 204
2078 2212
213 2078
1759 213
12 1759
2716 12
1989 2716
2759 1989
209 2759
1549 209
187 1549
1664 187
943 1664
227 943
1876 227
117 1876
1545 117
2105 1545
2802 2105
969 2802
1828 969
568 1828
958 568
601 958
1348 601
1542 1348
2339 1542
1754 2339
60 1754
868 60
712 868
1236 712
1919 1236
1039 1919
233 1039
976 233
2786 976
598 2786
47 598
1575 47
80 1575
2084 80
2636 2084
1083 2636
372 1083
1808 372
2086 1808
2419 2086
1906 2419
2226 1906
686 2226
395 686
1397 395
2081 1397
2499 2081
2178 2499
106 2178
1776 106
146 1776
306 146
1443 306
611 1443
2742 611
228 2742
412 228
1647 412
2943 1647
1833 2943
1546 1833
2821 1546
389 2821
1474 389
2324 1474
1886 2324
2991 1886
1178 2991
2522 1178
234 2522
234 1959
1781 602
1003 1781
2675 1003
2970 2675
751 2970
1051 751
970 1051
2938 970
2953 2938
804 2953
2543 804
2597 2543
2714 2597
2379 2714
2583 2379
2542 2583
2209 2542
2192 2209
2966 2192
2204 2966
1511 2204
15 1511
534 15
1388 534
2745 1388
1972 2745
1752 1972
1274 1752
2588 1274
2978 2588
2493 2978
1071 2493
2909 1071
1622 2909
705 1622
1275 705
1708 1275
329 1708
1154 329
2812 1154
2426 2812
94 2426
505 94
714 505
2927 714
1413 2927
2964 1413
453 2964
2156 453
1228 2156
1595 1228
173 1595
2595 173
61 2595
1709 61
2928 1709
1569 2928
2312 1569
959 2312
1070 959
2813 1070
1190 2813
2639 1190
816 2639
1399 816
465 1399
1135 465
1751 1135
290 1751
838 290
1252 838
2749 1252
2149 2749
1758 2149
2592 1758
2151 2592
300 2151
1376 300
2969 1376
1010 2969
1470 1010
2227 1470
1445 2227
1099 1445
1764 1099
1247 1764
2629 1247
2903 2629
2445 2903
986 2445
749 986
2660 749
594 2660
2700 594
2060 2700
2947 2060
2949 2947
266 2949
2408 266
2322 2408
1687 2322
997 1687
1393 997
2863 1393
2393 2863
1963 2393
855 1963
2652 855
762 2652
1227 762
130 1227
1256 130
2922 1256
1831 2922
1939 1831
2326 1939
1718 2326
2951 1718
663 2951
2173 663
2073 2173
2162 2073
2620 2162
46 2620
846 46
427 846
33 427
1522 33
2806 1522
1273 2806
852 1273
2603 852
2890 2603
766 2890
2211 766
340 2211
1194 340
2755 1194
1555 2755
367 1555
793 367
1169 793
35 1169
2878 35
2537 2878
1788 2537
1663 1788
1714 1663
2894 1714
1126 2894
1020 1126
2472 1020
2037 2472
218 2037
1089 218
2182 1089
1208 2182
1052 1208
1929 1052
275 1929
452 275
1366 452
592 1366
131 592
1200 131
101 1200
1538 101
2001 1538
194 2001
993 194
491 993
2087 491
761 2087
1463 761
522 1463
1324 522
574 1324
702 574
1005 702
1005 2230
418 1007
795 418
324 795
2447 324
1948 2447
1191 1948
1651 1191
1433 1651
1749 1433
142 1749
745 142
786 745
1822 786
2831 1822
561 2831
463 561
2232 463
1820 2232
255 1820
1999 255
2429 1999
2167 2429
1257 2167
1884 1257
2550 1884
115 2550
1793 115
1110 1793
1576 1110
950 1576
985 950
1487 985
357 1487
2539 357
2708 2539
811 2708
116 811
2202 116
1501 2202
2568 1501
2369 2568
2464 2369
111 2464
2688 111
1605 2688
2053 1605
2791 2053
2593 2791
87 2593
2848 87
1780 2848
1669 1780
2761 1669
2436 2761
1356 2436
1312 1356
1768 1312
1814 1768
2762 1814
2503 2762
1086 2503
328 1086
156 328
2260 156
2995 2260
1218 2995
2587 1218
303 2587
922 303
478 922
1863 478
359 1863
916 359
2526 916
1224 2526
2694 1224
1701 2694
2904 1701
50 2904
1128 50
620 1128
1411 620
2296 1411
691 2296
605 691
2912 605
2507 2912
991 2507
492 991
2096 492
1021 2096
2631 1021
2934 2631
1094 2934
760 1094
564 760
1514 564
876 1514
2975 876
2590 2975
2287 2590
2026 2287
1762 2026
2796 1762
1310 2796
398 1310
1317 398
2713 1317
807 2713
2265 807
998 2265
1802 998
1151 1802
1405 1151
110 1405
1950 110
1816 1950
2730 1816
2989 2730
2985 2989
1553 2985
188 1553
779 188
2980 779
2422 2980
2082 2422
498 2082
1434 498
1165 1434
1586 1165
1639 1586
2898 1639
2313 2898
897 2313
1634 897
2673 1634
2074 2673
1008 2074
862 1008
536 862
1524 536
2659 1524
2262 2659
1845 2262
428 1845
553 428
964 553
2955 964
390 2955
174 390
2146 174
518 2146
1711 518
444 1711
913 444
2269 913
1786 2269
2842 1786
980 2842
137 980
2707 137
541 2707
259 541
1045 259
1851 1045
989 1851
583 989
902 583
2942 902
1201 2942
516 1201
1671 516
338 1671
1125 338
2281 1125
682 2281
1321 682
1163 1321
2883 1163
2883 2230
273 640
884 273
1087 884
399 1087
890 399
1539 890
1422 1539
754 1422
2533 754
100 2533
1512 100
1554 1512
32 1554
1930 32
636 1930
2790 636
1283 2790
1359 1283
692 1359
1198 692
1118 1198
556 1118
1570 556
1076 1570
823 1076
2395 823
928 2395
683 928
91 683
1578 91
654 1578
2290 654
2856 2290
2174 2856
1371 2174
336 1371
1380 336
942 1380
1947 942
2555 1947
542 2555
585 542
2413 585
1249 2413
2686 1249
1688 2686
2300 1688
1757 2300
1177 1757
2034 1177
1885 2034
1158 1885
1835 1158
1107 1835
1403 1107
919 1403
1491 919
624 1491
85 624
617 85
899 617
1983 899
2823 1983
1333 2823
88 1333
1794 88
2348 1794
566 2348
582 566
2457 582
202 2457
817 202
2113 817
1362 2113
790 1362
1515 790
376 1515
2011 376
1915 2011
1856 1915
1345 1856
1761 1345
2389 1761
901 2389
89 901
2554 89
1011 2554
2910 1011
136 2910
827 136
828 827
973 828
2546 973
1307 2546
2261 1307
1870 2261
784 1870
1850 784
447 1850
123 447
2868 123
1334 2868
1908 1334
715 1908
940 715
152 940
635 152
1558 635
2150 1558
2041 2150
1336 2041
777 1336
894 777
2237 894
2127 2237
1156 2127
105 1156
2662 105
1691 2662
1239 1691
1096 1239
1609 1096
269 1609
2488 269
252 2488
155 252
1285 155
1694 1285
1811 1694
48 1811
912 48
2836 912
1314 2836
2977 1314
1296 2977
2877 1296
2800 2877
2767 2800
2461 2767
1378 2461
1837 1378
2679 1837
1186 2679
1248 1186
168 1248
1016 168
2057 1016
2126 2057
2168 2126
2102 2168
1225 2102
1120 1225
49 1120
2140 49
900 2140
1277 900
1427 1277
1115 1427
606 1115
1859 606
529 1859
313 529
1489 313
1409 1489
1297 1409
1905 1297
1264 1905
2867 1264
1649 2867
1838 1649
2839 1838
1895 2839
1933 1895
2721 1933
2333 2721
215 2333
1921 215
307 1921
2889 307
2889 1180
344 1959
2331 344
386 2331
2241 386
360 2241
415 360
1111 415
126 1111
2891 126
2817 2891
1024 2817
2250 1024
2351 2250
2750 2351
421 2750
1867 421
805 1867
1601 805
1531 1601
2937 1531
2292 2937
1624 2292
170 1624
19 170
2401 19
2189 2401
1446 2189
2222 1446
2229 2222
2453 2229
83 2453
759 83
540 759
297 540
1146 297
2000 1146
308 2000
905 308
54 905
1374 54
1747 1374
2132 1747
2143 2132
191 2143
18 191
1603 18
1095 1603
851 1095
746 851
588 746
981 588
1316 981
2398 1316
2737 2398
2805 2737
1046 2805
2748 1046
1940 2748
2083 1940
2687 2083
2049 2687
555 2049
628 555
2534 628
1843 2534
2327 1843
408 2327
2267 408
1543 2267
2647 1543
1482 2647
914 1482
2674 914
921 2674
634 921
1504 634
616 1504
21 616
405 21
205 405
377 205
1075 377
776 1075
2255 776
1347 2255
1937 1347
2383 1937
158 2383
469 158
2110 469
939 2110
1890 939
2968 1890
1869 2968
660 1869
2055 660
2323 2055
350 2323
763 350
104 763
1540 104
403 1540
641 403
2307 641
207 2307
2341 207
1440 2341
2387 1440
2810 2387
356 2810
84 356
499 84
2788 499
757 2788
1363 757
507 1363
459 507
2682 459
1985 2682
2753 1985
24 2753
979 24
1383 979
1450 1383
2367 1450
524 2367
1436 524
1073 1436
2840 1073
198 2840
704 198
2794 704
335 2794
727 335
2228 727
870 2228
996 870
2233 996
2460 2233
343 2460
927 343
416 927
2036 416
1234 2036
2002 1234
2284 2002
2860 2284
2642 2860
2338 2642
2804 2338
1513 2804
2575 1513
2420 2575
354 2420
1995 354
1246 1995
1720 1246
2775 1720
1748 2775
1319 1748
70 1319
2819 70
1028 2819
264 1028
2633 264
965 2633
1136 965
1067 1136
378 1067
231 378
1475 231
2375 1475
2276 2375
1155 2276
461 1155
2068 461
2254 2068
177 2254
1704 177
1704 1180
1521 2230
288 1521
520 288
983 520
2329 983
2046 2329
2523 2046
710 2523
2585 710
2316 2585
2421 2316
1188 2421
1009 1188
2190 1009
1783 2190
189 1783
2601 189
2114 2601
164 2114
856 164
2933 856
1349 2933
2121 1349
796 2121
1918 796
86 1918
2397 86
1341 2397
2626 1341
1 2626
65 1
2458 65
1986 2458
1170 1986
1742 1170
718 1742
1193 718
1139 1193
2440 1139
1550 2440
64 1550
2044 64
848 2044
2289 848
2407 2289
2757 2407
1674 2757
1209 1674
182 1209
2974 182
1377 2974
1358 1377
2528 1358
1131 2528
2107 1131
794 2107
1327 794
2505 1327
351 2505
1567 351
2981 1567
1469 2981
1473 1469
2643 1473
2598 2643
2298 2598
2577 2298
1084 2577
1912 1084
915 1912
122 915
723 122
1581 723
402 1581
2645 402
2016 2645
355 2016
504 355
2239 504
832 2239
1692 832
1133 1692
2272 1133
2706 2272
1862 2706
2320 1862
1520 2320
1168 1520
1276 1168
1763 1276
365 1763
95 365
558 95
2410 558
579 2410
821 579
1541 821
1557 1541
2238 1557
1301 2238
2625 1301
638 2625
1134 638
747 1134
2715 747
2263 2715
484 2263
1661 484
840 1661
2648 840
623 2648
2641 623
1132 2641
2690 1132
765 2690
1949 765
2043 1949
2830 2043
1975 2830
1728 1975
798 1728
994 798
688 994
667 688
159 667
801 159
2165 801
1486 2165
458 1486
2365 458
1615 2365
2063 1615
1211 2063
643 1211
2158 643
735 2158
2486 735
1332 2486
443 1332
2169 443
128 2169
1018 128
1015 1018
2433 1015
2719 2433
1641 2719
1043 1641
644 1043
857 644
2391 857
1382 2391
883 1382
2815 883
836 2815
2809 836
659 2809
1888 659
1206 1888
872 1206
500 872
1844 500
1766 1844
573 1766
1467 573
1682 1467
133 1682
2670 133
1738 2670
1954 1738
630 1954
2677 630
1232 2677
2692 1232
2171 2692
2874 2171
132 2874
2193 132
1596 2193
1149 1596
647 1149
1988 647
1205 1988
2919 1205
649 2919
1144 649
2768 1144
642 2768
1235 642
972 1235
2054 972
196 2054
988 196
1330 988
1424 1330
1925 1424
2170 1925
748 2170
1452 748
1270 1452
1437 1270
878 1437
600 878
2059 600
1849 2059
1325 1849
145 1325
689 145
2448 689
2529 2448
431 2529
2865 431
2065 2865
1282 2065
1014 1282
990 1014
1726 990
1616 1726
2779 1616
2111 2779
733 2111
2945 733
1143 2945
898 1143
1185 898
1968 1185
2785 1968
774 2785
608 774
1732 608
1834 1732
2248 1834
292 2248
298 292
1871 298
2901 1871
2402 2901
2315 2402
904 2315
615 904
2446 615
2649 2446
1510 2649
2225 1510
932 2225
2023 932
1226 2023
1602 1226
910 1602
2740 910
2123 2740
1145 2123
56 1145
1063 56
1739 1063
1979 1739
2283 1979
2569 2283
2021 2569
824 2021
311 824
1770 311
179 1770
1019 179
1502 1019
1040 1502
2705 1040
672 2705
923 672
962 923
2006 962
2691 2006
503 2691
2481 503
20 2481
1237 20
2920 1237
2336 2920
2769 2336
2396 2769
2646 2396
229 2646
1385 229
346 1385
837 346
2380 837
2703 2380
1062 2703
2663 1062
2441 2663
2394 2441
40 2394
1258 40
549 1258
2612 549
888 2612
401 888
2744 401
14 2744
45 14
2606 45
1059 2606
38 1059
1420 38
1978 1420
863 1978
1736 863
1668 1736
2259 1668
1804 2259
2264 1804
1069 2264
1907 1069
2680 1907
1294 2680
2853 1294
44 2853
284 44
1796 284
2578 1796
2514 2578
1644 2514
1417 1644
2347 1417
930 2347
2727 930
337 2727
895 337
1723 895
1706 1723
1230 1706
2434 1230
886 2434
305 886
953 305
1592 953
1166 1592
487 1166
200 487
1533 200
1717 1533
719 1717
2733 719
1142 2733
2215 1142
1626 2215
618 1626
2454 618
1335 2454
736 1335
1913 736
1619 1913
1798 1619
2793 1798
310 2793
2370 310
1931 2370
2959 1931
941 2959
2604 941
1852 2604
1394 1852
2450 1394
277 2450
1997 277
1866 1997
2356 1866
1677 2356
1746 1677
382 1746
780 382
482 780
2739 482
424 2739
891 424
2735 891
810 2735
756 810
1977 756
2135 1977
1629 2135
1877 1629
185 1877
510 185
1753 510
1993 1753
2628 1993
2519 2628
752 2519
1121 752
2342 1121
157 2342
2417 157
835 2417
407 835
1823 407
2999 1823
1255 2999
486 1255
1189 486
818 1189
2916 818
481 2916
2015 481
1618 2015
2929 1618
1372 2929
2131 1372
2656 2131
2206 2656
1160 2206
176 1160
71 176
2956 71
2424 2956
684 2424
1152 684
1181 1152
1311 1181
750 1311
787 750
203 787
1911 203
2885 1911
161 2885
633 161
2302 633
1289 2302
406 1289
613 406
2406 613
217 2406
2778 217
2386 2778
1994 2386
2808 1994
2621 2808
933 2621
2882 933
2484 2882
1421 2484
1627 1421
984 1627
2210 984
2277 2210
2128 2277
72 2128
1278 72
867 1278
1841 867
325 1841
314 325
614 314
2619 614
3 2619
865 3
242 865
1529 242
75 1529
1744 75
1698 1744
1072 1698
1636 1072
1860 1636
2887 1860
625 2887
2560 625
1922 2560
995 1922
2536 995
1429 2536
1004 1429
388 1004
1646 388
364 1646
1098 364
2346 1098
2382 2346
225 2382
525 225
2746 525
394 2746
893 394
2155 893
775 2155
668 775
1245 668
506 1245
1079 506
560 1079
967 560
1652 967
1861 1652
1662 1861
319 1662
1810 319
501 1810
2455 501
1082 2455
1696 1082
2418 1696
1593 2418
1853 1593
2066 1853
2752 2066
2857 2752
1207 2857
1582 1207
879 1582
1426 879
423 1426
2644 423
2045 2644
803 2045
2197 803
1329 2197
2623 1329
1672 2623
2711 1672
2308 2711
896 2308
134 896
809 134
2236 809
1773 2236
1050 1773
2738 1050
648 2738
22 648
1375 22
2504 1375
1315 2504
2756 1315
1392 2756
2736 1392
1568 2736
2471 1568
2360 2471
57 2360
1219 57
1926 1219
180 1926
2591 180
2492 2591
1839 2492
1261 1839
1441 1261
2115 1441
781 2115
349 781
2664 349
2610 2664
1771 2610
740 1771
261 740
650 261
69 650
977 69
2832 977
1400 2832
148 1400
1523 148
2134 1523
2116 2134
849 2116
2240 849
577 2240
414 577
1060 414
2052 1060
1537 2052
792 1537
476 792
2207 476
1958 2207
2314 1958
363 2314
166 363
2798 166
2763 2798
2763 1180
602 640 2111
1959 1007 2024
