2904 2905
692 2368
2134 692
726 2134
2747 726
2412 2747
2213 2412
2135 2213
1667 2135
1310 1667
1966 1310
2660 1966
1553 2660
863 1553
1646 863
1471 1646
1140 1471
1568 1140
1204 1568
1541 1204
901 1541
1603 901
2873 1603
2826 2873
59 2826
608 59
2869 608
2453 2869
594 2453
1018 594
1596 1018
420 1596
532 420
24 532
1942 24
2100 1942
2382 2100
2757 2382
2330 2757
2483 2330
1527 2483
144 1527
1276 144
988 1276
2585 988
1352 2585
1851 1352
1994 1851
2624 1994
1556 2624
139 1556
985 139
1526 985
2733 1526
535 2733
837 535
436 837
1805 436
1931 1805
2684 1931
974 2684
1781 974
766 1781
595 766
1718 595
1944 1718
827 1944
304 827
1367 304
1292 1367
2780 1292
2205 2780
1804 2205
83 1804
317 83
425 317
301 425
1770 301
2673 1770
1134 2673
324 1134
313 324
1725 313
2476 1725
2687 2476
325 2687
2177 325
2617 2177
1407 2617
2250 1407
1769 2250
85 1769
1919 85
1959 1919
2708 1959
1319 2708
1139 1319
1000 1139
1381 1000
1630 1381
511 1630
1879 511
1702 1879
2139 1702
1031 2139
2715 1031
1886 2715
2345 1886
1286 2345
150 1286
305 150
145 305
2369 145
951 2369
1819 951
1546 1819
2026 1546
2046 2026
1658 2046
1559 1658
1163 1559
896 1163
1124 896
2652 1124
885 2652
1230 885
887 1230
435 887
2194 435
2437 2194
2850 2437
1468 2850
39 1468
1017 39
2031 1017
417 2031
636 417
1608 636
95 1608
2311 95
566 2311
1415 566
818 1415
2758 818
396 2758
1647 396
2794 1647
1244 2794
2018 1244
2199 2018
2709 2199
1948 2709
775 1948
2524 775
2104 2524
1326 2104
2110 1326
2120 2110
190 2120
1563 190
138 1563
316 138
1495 316
990 1495
1662 990
2320 1662
105 2320
2497 105
2324 2497
1869 2324
176 1869
1294 176
2450 1294
1038 2450
849 1038
2523 849
2322 2523
861 2322
239 861
495 239
905 495
1288 905
1744 1288
1106 1744
1815 1106
1279 1815
1433 1279
2595 1433
2360 2595
1275 2360
1427 1275
1157 1427
466 1157
583 466
375 583
2728 375
247 2728
2176 247
2262 2176
2421 2262
2014 2421
996 2014
2059 996
460 2059
2891 460
342 2891
1565 342
2370 1565
246 2370
1103 246
1860 1103
2592 1860
490 2592
1595 490
354 1595
1724 354
2193 1724
2461 2193
2404 2461
891 2404
429 891
86 429
2861 86
1021 2861
1457 1021
1169 1457
187 1169
347 187
768 347
2226 768
2452 2226
329 2452
715 329
934 715
2056 934
2327 2056
2375 2327
2150 2375
1032 2150
2086 1032
2693 2086
1841 2693
1870 1841
323 1870
465 323
406 465
1447 406
883 1447
1900 883
1593 1900
641 1593
1201 641
2555 1201
1401 2555
1992 1401
1376 1992
389 1376
1834 389
1075 1834
2397 1075
1186 2397
1408 1186
2799 1408
1066 2799
1039 1066
1228 1039
415 1228
1343 415
2654 1343
634 2654
564 634
592 564
1167 592
2366 1167
2674 2366
776 2674
1035 776
2643 1035
950 2643
52 950
265 52
1160 265
2460 1160
413 2460
118 413
953 118
1085 953
1047 1085
2267 1047
2685 2267
1446 2685
448 1446
1474 448
1594 1474
657 1594
700 657
311 700
1172 311
733 1172
1312 733
5 1312
1607 5
452 1607
571 452
2653 571
894 2653
2491 894
2630 2491
850 2630
106 850
2433 106
572 2433
2844 572
2105 2844
2546 2105
1589 2546
2132 1589
345 2132
1480 345
1672 1480
2253 1672
1450 2253
2276 1450
801 2276
1118 801
2294 1118
736 2294
2880 736
55 2880
2027 55
1462 2027
624 1462
2558 624
1523 2558
2215 1523
123 2215
560 123
938 560
121 938
2787 121
2828 2787
782 2828
93 782
1746 93
1967 1746
2273 1967
1921 2273
577 1921
2486 577
1243 2486
164 1243
326 164
2047 326
739 2047
2339 739
1355 2339
1068 1355
62 1068
2348 62
865 2348
1924 865
1475 1924
1142 1475
129 1142
319 129
1298 319
986 1298
84 986
1734 84
261 1734
581 261
1703 581
606 1703
1469 606
2550 1469
626 2550
97 626
2602 97
1289 2602
2809 1289
1611 2809
1691 1611
2203 1691
1484 2203
1203 1484
1710 1203
1877 1710
1202 1877
2200 1202
1849 2200
1291 1849
2208 1291
2365 2208
1053 2365
2471 1053
486 2471
1927 486
1351 1927
600 1351
1675 600
2670 1675
394 2670
2721 394
2179 2721
2017 2179
2239 2017
2424 2239
42 2424
584 42
2877 584
487 2877
352 487
307 352
961 307
1817 961
2454 1817
1153 2454
1434 1153
1715 1434
2517 1715
2760 2517
2405 2760
619 2405
2618 619
2295 2618
1335 2295
1940 1335
322 1940
2385 322
847 2385
2439 847
2153 2439
2388 2153
1561 2388
2286 1561
422 2286
30 422
2655 30
255 2655
249 255
1544 249
1250 1544
1690 1250
2023 1690
1394 2023
2336 1394
2127 2336
611 2127
2129 611
54 2129
1776 54
1719 1776
2489 1719
1547 2489
2342 1547
1787 2342
2333 1787
2509 2333
797 2509
2049 797
320 2049
1558 320
589 1558
956 589
117 956
1428 117
1012 1428
38 1012
1913 38
2209 1913
1911 2209
119 1911
133 119
2834 133
539 2834
637 539
1586 637
2536 1586
2565 2536
2885 2565
816 2885
661 816
2072 661
2714 2072
2030 2714
1554 2030
788 1554
423 788
2256 423
92 2256
983 92
2217 983
1135 2217
1539 1135
2112 1539
587 2112
1459 587
2050 1459
1094 2050
1532 1094
1878 1532
99 1878
1933 99
521 1933
395 521
2767 395
2525 2767
579 2525
1307 579
1997 1307
2580 1997
2811 2580
2045 2811
1419 2045
2507 1419
1467 2507
2303 1467
2638 2303
439 2638
2154 439
1661 2154
1519 1661
1573 1519
1384 1573
1074 1384
1240 1074
646 1240
229 646
1705 229
1497 1705
724 1497
464 724
1988 464
2068 1988
2484 2068
314 2484
670 314
378 670
1679 378
1505 1679
947 1505
1970 947
1579 1970
2040 1579
1144 2040
1920 1144
1504 1920
1640 1504
537 1640
2065 537
2092 2065
1570 2092
1788 1570
2736 1788
440 2736
1364 440
1930 1364
690 1930
765 690
1624 765
170 1624
2858 170
1784 2858
1314 1784
2603 1314
1622 2603
136 1622
2753 136
1386 2753
327 1386
1304 327
516 1304
1766 516
1732 1766
2884 1732
2644 2884
527 2644
991 527
2593 991
1748 2593
523 1748
868 523
469 868
1614 469
362 1614
1061 362
494 1061
709 494
2871 709
2337 2871
236 2337
2347 236
2191 2347
1729 2191
2472 1729
132 2472
1232 132
2738 1232
846 2738
1806 846
694 1806
1938 694
2292 1938
2637 2292
288 2637
848 288
1174 848
1322 1174
338 1322
596 338
2103 596
348 2103
2656 348
1581 2656
1909 1581
943 1909
647 943
1545 647
2080 1545
472 2080
1638 472
2587 1638
1643 2587
759 1643
2136 759
941 2136
677 941
2596 677
476 2596
1751 476
1914 1751
520 1914
597 520
502 597
530 502
2349 530
1498 2349
2032 1498
610 2032
1597 610
1121 1597
2118 1121
2195 2118
2578 2195
2378 2578
1072 2378
186 1072
543 186
2004 543
2535 2004
803 2535
1954 803
751 1954
1875 751
999 1875
1923 999
1308 1923
820 1308
1796 820
1477 1796
738 1477
702 738
1687 702
922 1687
839 922
2318 839
1754 2318
2168 1754
605 2168
26 605
2102 26
1830 2102
2876 1830
1698 2876
1358 1698
1771 1358
812 1771
2667 812
2204 2667
1413 2204
91 1413
2274 91
2008 2274
2582 2008
665 2582
778 665
1082 778
1823 1082
2631 1823
2732 2631
886 2732
473 886
2447 473
1549 2447
2041 1549
1883 2041
1067 1883
23 1067
2496 23
1881 2496
1016 1881
1371 1016
590 1371
962 590
832 962
1382 832
1693 1382
1856 1693
2463 1856
1761 2463
917 1761
1833 917
616 1833
1056 616
652 1056
2254 652
992 2254
1768 992
1686 1768
1390 1686
2530 1390
623 2530
2427 623
1904 2427
468 1904
2651 468
213 2651
2574 213
1709 2574
1890 1709
1637 1890
645 1637
3 645
1199 3
1030 1199
2817 1030
1936 2817
615 1936
1377 615
612 1377
2816 612
2572 2816
1353 2572
2539 1353
1733 2539
672 1733
2144 672
48 2144
1070 48
211 1070
2325 211
2325 178
1478 2368
263 1478
2010 263
332 2010
513 332
208 513
2400 208
1432 2400
488 1432
1634 488
2697 1634
2146 2697
1331 2146
712 1331
2284 712
2474 2284
1971 2474
134 1971
1591 134
1260 1591
2456 1260
461 2456
2021 461
2598 2021
242 2598
1337 242
508 1337
1015 508
1560 1015
2074 1560
2466 2074
1309 2466
845 1309
844 845
1524 844
1981 1524
358 1981
795 358
949 795
1111 949
291 1111
2085 291
2902 2085
735 2902
1372 735
2238 1372
1227 2238
1486 1227
351 1486
1393 351
573 1393
2784 573
36 2784
1811 36
1081 1811
1191 1081
2821 1191
2806 2821
851 2806
2260 851
1738 2260
1002 1738
1945 1002
2236 1945
1176 2236
1320 1176
1965 1320
831 1965
2516 831
1065 2516
1093 1065
1461 1093
826 1461
731 826
1813 731
2537 1813
2121 2537
1060 2121
1572 1060
1955 1572
2225 1955
2584 2225
2067 2584
740 2067
1826 740
96 1826
2044 96
1019 2044
1233 1019
1051 1233
2789 1051
948 2789
1951 948
1511 1951
1336 1511
334 1336
8 334
2152 8
159 2152
2363 159
67 2363
528 67
289 528
2641 289
630 2641
87 630
1983 87
1668 1983
1598 1668
588 1598
994 588
807 994
1195 807
855 1195
1737 855
825 1737
1728 825
2814 1728
1110 2814
2280 1110
2556 2280
147 2556
783 147
2198 783
1197 2198
2754 1197
1802 2754
2054 1802
257 2054
1317 257
1816 1317
507 1816
1979 507
2422 1979
296 2422
1128 296
110 1128
2812 110
728 2812
2495 728
1551 2495
1266 1551
822 1266
892 822
1650 892
1941 1650
1829 1941
1265 1829
2206 1265
1735 2206
2830 1735
1222 2830
617 1222
1844 617
574 1844
2500 574
2868 2500
1736 2868
2268 1736
1472 2268
1089 1472
94 1089
2429 94
2616 2429
1483 2616
1502 1483
107 1502
432 107
1241 432
151 1241
603 151
1182 603
2186 1182
210 2186
161 210
1328 161
128 1328
353 128
898 353
982 898
1295 982
2293 1295
1116 2293
1342 1116
1764 1342
2800 1764
1431 2800
1168 1431
1178 1168
593 1178
1368 593
2522 1368
37 2522
182 37
550 182
582 550
28 582
2371 28
1763 2371
2241 1763
1782 2241
478 1782
2282 478
1821 2282
1694 1821
1487 1694
1013 1487
1953 1013
2792 1953
804 2792
2569 804
280 2569
2285 280
632 2285
2777 632
703 2777
1550 703
2042 1550
598 2042
2108 598
2740 2108
1508 2740
1200 1508
2473 1200
484 2473
1727 484
2893 1727
2077 2893
1837 2077
1891 1837
568 1891
281 568
858 281
746 858
2419 746
2843 2419
1388 2843
515 1388
1704 515
1717 1704
1101 1717
1437 1101
1403 1437
954 1403
798 954
441 798
1011 441
230 1011
1293 230
684 1293
2051 684
648 2051
668 648
1330 668
713 1330
274 713
331 274
364 331
14 364
1261 14
748 1261
1939 748
1670 1939
1149 1670
2350 1149
2894 2350
1311 2894
1148 1311
1300 1148
959 1300
250 959
1334 250
556 1334
2499 556
2312 2499
1354 2312
156 1354
451 156
1521 451
315 1521
1130 315
2698 1130
2819 2698
2659 2819
60 2659
1321 60
2883 1321
1957 2883
34 1957
174 34
792 174
1592 792
1080 1592
1210 1080
2165 1210
101 2165
377 101
2235 377
1449 2235
419 1449
127 419
2862 127
1216 2862
819 1216
2183 819
267 2183
718 267
1349 718
1048 1349
1329 1048
1503 1329
2409 1503
2137 2409
1969 2137
1872 1969
1463 1872
510 1463
512 510
1277 512
335 1277
874 335
1786 874
330 1786
2343 330
1977 2343
2211 1977
1599 2211
1858 1599
2818 1858
2688 2818
2197 2688
2599 2197
458 2599
2395 458
1001 2395
2586 1001
1677 2586
526 1677
1359 526
1156 1359
2038 1156
2774 2038
2875 2774
762 2875
2589 762
1669 2589
224 1669
491 224
20 491
1848 20
1684 1848
2848 1684
404 2848
785 404
2544 785
2358 2544
241 2358
2681 241
2396 2681
1494 2396
1666 1494
926 1666
660 926
1175 660
343 1175
2615 343
1247 2615
742 1247
2434 742
2401 2434
1179 2401
2316 1179
2841 2316
2406 2841
1273 2406
1880 1273
1653 1880
924 1653
2156 924
1956 2156
2278 1956
49 2278
1237 49
1990 1237
1700 1990
2145 1700
1651 2145
2829 1651
2609 2829
769 2609
2604 769
1274 2604
1131 1274
228 1131
88 228
1755 88
1642 1755
517 1642
1681 517
2748 1681
2727 2748
1671 2727
2243 1671
900 2243
350 900
1964 350
50 1964
344 50
2097 344
2648 2097
1454 2648
2575 1454
382 2575
2151 382
1636 2151
1005 1636
2331 1005
921 2331
2228 921
1678 2228
2420 1678
869 2420
601 869
2381 601
483 2381
2296 483
2832 2296
2749 2832
2579 2749
676 2579
1316 676
1187 1316
1850 1187
383 1850
549 383
2373 549
2037 2373
1466 2037
1350 1466
90 1350
1665 90
2351 1665
1862 2351
149 1862
438 149
859 438
1385 859
1917 1385
1029 1917
622 1029
2231 622
1759 2231
1975 1759
2515 1975
9 2515
808 9
386 808
1716 386
889 1716
1540 889
2425 1540
2859 2425
18 2859
625 18
2053 625
180 2053
1115 180
1621 1115
1050 1621
2547 1050
2735 2547
727 2735
1258 727
1903 1258
2398 1903
237 2398
1223 237
1073 1223
2288 1073
2851 2288
1267 2851
2761 1267
1901 2761
2513 1901
238 2513
1779 238
2551 1779
303 2551
1892 303
2323 1892
1847 2323
2839 1847
1976 2839
2573 1976
2313 2573
758 2313
972 758
204 972
1571 204
1656 1571
302 1656
2219 302
2029 2219
1138 2029
2475 1138
524 2475
1648 524
809 1648
2394 809
923 2394
908 923
2310 908
2540 2310
188 2540
1452 188
2666 1452
1059 2666
666 1059
82 666
2504 82
829 2504
621 829
1025 621
1564 1025
547 1564
1631 547
2742 1631
2488 2742
628 2488
1633 628
1865 1633
707 1865
357 707
2805 357
1867 2805
360 1867
2445 360
1436 2445
455 1436
1102 455
562 1102
2304 562
2866 2304
2870 2866
1460 2870
942 1460
741 942
1422 741
292 1422
1007 292
146 1007
183 146
664 183
1985 664
2448 1985
1435 2448
1095 1435
2619 1095
1362 2619
2300 1362
135 2300
2612 135
294 2612
2247 294
2272 2247
1827 2272
2012 1827
2864 2012
2418 2864
2175 2418
2016 2175
2309 2016
1840 2309
506 1840
1674 506
1414 1674
585 1414
2512 585
1673 2512
2263 1673
1778 2263
734 1778
1091 734
370 1091
1639 370
753 1639
681 753
1958 681
2407 1958
2646 2407
915 2646
1602 915
1906 1602
216 1906
856 216
2567 856
2149 2567
283 2149
122 283
2718 122
1720 2718
2202 1720
2007 2202
457 2007
2455 457
1618 2455
696 1618
1281 696
732 1281
481 732
2734 481
1416 2734
2549 1416
2399 2549
284 2399
141 284
1915 141
1893 1915
1507 1893
591 1507
1479 591
1756 1479
2717 1756
2668 2717
1183 2668
1533 1183
1188 1533
2125 1188
2482 2125
730 2482
2835 730
2221 2835
2249 2221
1785 2249
899 1785
1301 899
2542 1301
688 2542
171 688
1296 171
1129 1296
1726 1129
2788 1726
890 2788
2682 890
2836 2682
1119 2836
1181 1119
567 1181
1323 567
2640 1323
1528 2640
391 1528
1600 391
160 1600
2531 160
376 2531
2317 376
2111 2317
1907 2111
1762 1907
2833 1762
53 2833
2061 53
21 2061
1590 21
251 1590
1845 251
1345 1845
1993 1345
772 1993
689 772
2725 689
1287 2725
1789 1287
22 1789
2207 22
277 2207
437 277
446 437
893 446
1887 893
1270 1887
1418 1270
1166 1418
697 1166
2863 697
271 2863
421 271
876 421
1775 876
2676 1775
1974 2676
1185 1974
245 1185
1010 245
2402 1010
1425 2402
2356 1425
714 2356
2020 714
794 2020
1380 794
2510 1380
2798 2510
387 2798
1758 387
1587 1758
1391 1587
791 1391
2189 791
2377 2189
1092 2377
1043 1092
380 1043
920 380
1655 920
500 1655
1588 500
2874 1588
2722 2874
1146 2722
220 1146
2762 220
450 2762
2261 450
279 2261
2440 279
162 2440
217 162
2287 217
1 2287
693 1
1577 693
2765 1577
2114 2765
290 2114
2281 290
1995 2281
1096 1995
687 1096
902 687
45 902
402 45
548 402
551 548
575 551
1453 575
2083 1453
2636 2083
2636 2390
89 2368
518 89
434 518
2528 434
1290 2528
872 1290
1863 872
2782 1863
73 2782
1885 73
233 1885
1962 233
1069 1962
2359 1069
339 2359
2314 339
2645 2314
913 2645
2410 913
2627 2410
381 2627
1392 381
1456 1392
519 1456
2634 519
2881 2634
2845 2881
467 2845
1777 467
2222 1777
1259 2222
755 1259
2289 755
400 2289
981 400
2847 981
2036 2847
1213 2036
61 1213
607 61
2658 607
2889 2658
1341 2889
878 1341
1262 878
1937 1262
77 1937
2138 77
1158 2138
2084 1158
2346 2084
618 2346
1455 618
1902 1455
155 1902
1249 155
838 1249
254 838
747 254
2109 747
1147 2109
2066 1147
749 2066
2791 749
1438 2791
1071 1438
1617 1071
1706 1617
2750 1706
1543 2750
2872 1543
2506 2872
2724 2506
2423 2724
221 2423
252 221
1688 252
2669 1688
1269 2669
1801 1269
2415 1801
1023 2415
2520 1023
2771 2520
169 2771
716 169
2033 716
1004 2033
2478 1004
81 2478
2793 81
459 2793
1968 459
2192 1968
2185 2192
131 2185
1008 131
442 1008
1339 442
620 1339
2465 620
27 2465
2802 27
2169 2802
1604 2169
1873 1604
729 1873
2705 729
1628 2705
810 1628
367 810
830 367
2277 830
2025 2277
2143 2025
710 2143
1399 710
1272 1399
1398 1272
1935 1398
1356 1935
841 1356
1214 841
2751 1214
51 2751
2449 51
2307 2449
1049 2307
2770 1049
2386 2770
405 2386
1810 405
1664 1810
2355 1664
312 2355
15 312
295 15
340 295
2115 340
1730 2115
997 1730
2857 997
1831 2857
2248 1831
2552 2248
2775 2552
881 2775
2462 881
2743 2462
270 2743
2614 270
196 2614
2403 196
555 2403
2694 555
931 2694
629 931
2305 629
1612 2305
1512 1612
2214 1512
2808 2214
1044 2808
215 1044
1663 215
653 1663
1986 653
1884 1986
2827 1884
1256 2827
2904 1256
1943 2904
1212 1943
2502 1212
225 2502
2081 225
2 2081
444 2
1566 444
2270 1566
2158 2270
1020 2158
2070 1020
2391 2070
558 2391
2392 558
909 2392
2352 909
157 2352
763 157
65 763
927 65
1108 927
2485 1108
111 2485
379 111
1808 379
282 1808
1973 282
1064 1973
2408 1064
578 2408
1952 578
1773 1952
98 1773
2069 98
231 2069
113 231
1807 113
1488 1807
2126 1488
447 2126
835 447
1396 835
777 1396
1465 777
2000 1465
656 2000
952 656
2035 952
2064 2035
40 2064
1026 40
31 1026
1517 31
1097 1517
1225 1097
10 1225
310 10
1430 310
1374 1430
2625 1374
1537 2625
2759 1537
910 2759
2161 910
189 2161
2554 189
802 2554
1132 802
1567 1132
2098 1567
1822 2098
552 1822
194 552
1151 194
2795 1151
2720 2795
219 2720
2691 219
2210 2691
1347 2210
2557 1347
287 2557
74 287
1057 74
369 1057
2739 369
1143 2739
2380 1143
1451 2380
1079 1451
1263 1079
1615 1263
2039 1615
2481 2039
64 2481
408 64
2019 408
823 2019
1683 823
2469 1683
1490 2469
1313 1490
1063 1313
2887 1063
1184 2887
2505 1184
6 2505
2387 6
957 2387
2764 957
1989 2764
1996 1989
2892 1996
1585 2892
993 1585
2245 993
925 2245
1520 925
2779 1520
2302 2779
2306 2302
1036 2306
987 1036
2577 987
2701 2577
2692 2701
177 2692
1046 177
1410 1046
1601 1410
2230 1601
1874 2230
207 1874
2055 207
69 2055
1078 69
1150 1078
979 1150
273 979
1236 273
1003 1236
103 1003
2361 103
485 2361
1198 485
2726 1198
2413 2726
2076 2413
2082 2076
1853 2082
2823 1853
56 2823
1897 56
318 1897
2113 318
2566 2113
2626 2566
971 2626
1795 971
1697 1795
897 1697
390 897
1861 390
2078 1861
43 2078
337 43
1417 337
120 1417
806 120
181 806
234 181
544 234
1882 544
2865 1882
1982 2865
199 1982
662 199
1960 662
2187 1960
1208 2187
2184 1208
1445 2184
78 1445
721 78
2106 721
1155 2106
2234 1155
1235 2234
1238 1235
1535 1238
1548 1535
2695 1548
2003 2695
723 2003
58 723
973 58
1009 973
2840 1009
2633 2840
946 2633
414 946
671 414
2570 671
2529 2570
1041 2529
1916 1041
1409 1916
2190 1409
1899 2190
2374 1899
1229 2374
2548 1229
1610 2548
565 1610
385 565
966 385
1086 966
269 1086
940 269
1620 940
2855 1620
398 2855
2435 398
1625 2435
2559 1625
1253 2559
2704 1253
2335 2704
2163 2335
1220 2163
496 1220
71 496
7 71
2837 7
1192 2837
557 1192
2521 557
2744 2521
1458 2744
2364 1458
197 2364
2162 197
2290 2162
2745 2290
1584 2745
1676 1584
1812 1676
604 1812
1282 604
16 1282
1404 16
166 1404
2002 166
1552 2002
1629 1552
191 1629
1626 191
1501 1626
2824 1501
771 2824
708 771
1219 708
1692 1219
800 1692
2269 800
958 2269
1896 958
2006 1896
2680 2006
198 2680
2157 198
1164 2157
683 1164
2649 683
1910 2649
1984 1910
546 1984
1443 546
2846 1443
1055 2846
2362 1055
1680 2362
2167 1680
2730 2167
877 2730
57 877
70 57
1113 70
240 1113
214 240
1868 214
2903 1868
2629 2903
384 2629
2340 384
1254 2340
2229 1254
2430 2229
2090 2430
1530 2090
2706 1530
1803 2706
1723 1803
2071 1723
2201 2071
779 2201
2899 779
1582 2899
998 1582
409 998
1442 409
2897 1442
663 2897
2606 663
2417 2606
193 2417
2675 193
2279 2675
1397 2279
2493 1397
1825 2493
1538 1825
1745 1538
1170 1745
2043 1170
373 2043
1864 373
821 1864
1283 821
1365 1283
33 1365
745 33
2576 745
1190 2576
1514 1190
1280 1514
773 1280
2886 773
392 2886
2671 392
2094 2671
200 2094
912 200
260 912
2142 260
2878 2142
346 2878
2334 346
2679 2334
2796 2679
2178 2796
525 2178
2628 525
1315 2628
2291 1315
179 2291
2172 179
411 2172
1998 411
253 1998
1772 253
2024 1772
76 2024
955 76
2123 955
2013 2123
209 2013
35 209
540 35
1177 540
2882 1177
363 2882
1623 363
2265 1623
879 2265
32 879
1632 32
2015 1632
1619 2015
2831 1619
2130 2831
2089 2130
1028 2089
722 1028
1980 722
1707 1980
2601 1707
875 2601
1473 875
2117 1473
371 2117
222 371
916 222
2416 916
130 2416
226 130
2711 226
904 2711
1209 904
2357 1209
2756 2357
2545 2756
2052 2545
1332 2052
259 1332
1206 259
2467 1206
2384 2467
321 2384
1346 321
2635 1346
1196 2635
764 1196
1895 764
711 1895
142 711
374 142
1062 374
1794 1062
960 1794
416 960
1112 416
678 1112
787 678
873 787
2605 873
102 2605
1088 102
559 1088
1340 559
1440 1340
1426 1440
368 1426
1749 368
2354 1749
1173 2354
430 1173
349 430
2526 349
2763 2526
2073 2763
1699 2073
433 1699
824 433
1780 824
2707 1780
754 2707
1839 754
2849 1839
531 2849
2768 531
935 2768
895 935
680 895
1027 680
1731 1027
2746 1731
2443 2746
2458 2443
154 2458
1774 154
2896 1774
2116 2896
968 2116
1226 968
1114 1226
2647 1114
2591 2647
148 2591
1606 148
2752 1606
2436 2752
1685 2436
168 1685
936 168
1574 936
760 1574
2264 760
1406 2264
266 1406
989 266
1402 989
1701 1402
2737 1701
2785 2737
627 2785
2328 627
1583 2328
1516 1583
1657 1516
2610 1657
1836 2610
576 1836
1251 576
674 1251
1814 674
1344 1814
1100 1344
152 1100
1180 152
529 1180
1014 529
698 1014
536 698
1493 536
1378 1493
2611 1378
1783 2611
503 1783
2060 503
1246 2060
109 1246
1090 109
1395 1090
2518 1395
1325 2518
1429 1325
2564 1429
2479 2564
172 2479
401 172
701 401
167 701
218 167
1752 218
906 1752
2079 906
1162 2079
474 1162
2182 474
2459 2182
1297 2459
2716 1297
984 2716
2431 984
1022 2431
2477 1022
2232 2477
2657 2232
1824 2657
1654 1824
1383 1654
2321 1383
914 2321
1117 914
1058 1117
2696 1058
2514 2696
1800 2514
2663 1800
2414 2663
355 2414
471 355
509 471
717 509
682 717
2224 682
205 2224
1557 205
2621 1557
2442 2621
1616 2442
1876 1616
1659 1876
1264 1659
545 1264
655 545
2527 655
631 2527
243 631
756 243
2188 756
685 2188
1835 685
2237 1835
2220 2237
1999 2220
443 1999
2533 443
397 2533
774 397
2622 774
258 2622
2446 258
1792 2446
1843 1792
789 1843
1083 789
1441 1083
1708 1441
1576 1708
1972 1576
2710 1972
427 2710
1234 427
1894 1234
1420 1894
262 1420
1760 262
799 1760
828 799
654 828
1950 654
2699 1950
2639 2699
650 2639
928 650
570 928
2298 570
112 2298
1248 112
2372 1248
1133 2372
725 1133
1838 725
2594 1838
1366 2594
667 1366
1361 667
659 1361
2181 659
47 2181
72 47
1045 72
911 1045
424 911
1137 424
965 1137
328 965
2160 328
640 2160
919 640
140 919
1252 140
1531 1252
817 1531
1645 817
2258 1645
2712 2258
479 2712
244 479
1534 244
2731 1534
1578 2731
2212 1578
833 2212
1299 833
1098 1299
2898 1098
2242 2898
1242 2242
867 1242
203 867
1284 203
695 1284
449 695
1424 449
514 1424
1205 514
2271 1205
1905 2271
2562 1905
1888 2562
857 1888
1641 857
1987 1641
975 1987
944 975
1832 944
786 1832
165 786
1492 165
2632 1492
1510 2632
2057 1510
1978 2057
1922 1978
2804 1922
2308 2804
854 2308
2888 854
929 2888
2095 929
2852 2095
2164 2852
2101 2164
1034 2101
2119 1034
2124 2119
757 2124
163 757
2326 163
1644 2326
1580 1644
2319 1580
2227 2319
1207 2227
1696 1207
463 1696
1742 463
2180 1742
223 2180
1161 223
720 1161
1712 720
1107 1712
1555 1107
104 1555
2703 104
2196 2703
1218 2196
2801 1218
306 2801
675 306
100 675
2087 100
1569 2087
1125 1569
2216 1125
1513 2216
2490 1513
2246 2490
114 2246
2803 114
969 2803
2244 969
1303 2244
705 1303
706 705
1006 706
2062 1006
1411 2062
2498 1411
533 2498
1500 533
480 1500
1790 480
2815 1790
2769 2815
580 2769
853 580
2590 853
750 2590
852 750
1932 852
815 1932
116 815
2252 116
1448 2252
248 1448
143 248
805 143
505 805
2034 505
1842 2034
1189 1842
937 1189
184 937
995 184
2233 995
1871 2233
1255 1871
790 1255
2075 790
1721 2075
1127 1721
836 1127
1846 836
428 1846
2561 428
44 2561
1695 44
1522 1695
2719 1522
175 2719
456 175
1077 456
359 1077
2379 359
1087 2379
1740 1087
1389 1740
699 1389
2332 699
651 2332
235 651
1338 235
1369 1338
475 1369
1231 475
1854 1231
153 1854
930 153
649 930
1476 649
1439 1476
1159 1439
2854 1159
1525 2854
1963 1525
492 1963
1141 492
426 1141
1949 426
1518 1949
309 1518
2503 309
2257 2503
871 2257
1224 871
2776 1224
482 2776
336 482
743 336
2723 743
498 2723
2613 498
2170 2613
888 2170
1828 888
2501 1828
1302 2501
1753 1302
2028 1753
554 2028
2825 554
2773 2825
2048 2773
2048 497
268 178
25 268
17 25
1423 17
903 1423
2678 903
1515 2678
2772 1515
1373 2772
1529 1373
79 1529
1194 79
1400 1194
1042 1400
1120 1042
1660 1120
880 1660
293 880
1481 293
2147 1481
1482 2147
2677 1482
1464 2677
2411 1464
2457 2411
2096 2457
793 2096
108 793
2571 108
767 2571
1747 767
1305 1747
2001 1305
2700 2001
569 2700
477 569
2689 477
553 2689
1217 553
126 1217
1271 126
493 1271
1713 493
2428 1713
1211 2428
2141 1211
1499 2141
2389 1499
2713 2389
2393 2713
1221 2393
2259 1221
2853 2259
2011 2853
388 2011
978 388
2063 978
945 2063
286 945
2543 286
2353 2543
2642 2353
1797 2642
2058 1797
2487 2058
613 2487
691 613
599 691
1165 599
2133 1165
1918 2133
185 1918
356 185
2702 356
1741 2702
29 1741
679 29
1820 679
333 1820
918 333
1348 918
2166 1348
2341 2166
842 2341
192 842
227 192
299 227
2662 299
2451 2662
13 2451
1239 13
1360 1239
870 1360
2620 870
633 2620
499 633
2464 499
2538 2464
195 2538
932 195
1154 932
658 1154
2148 658
1485 2148
2131 1485
1855 2131
1908 1855
1318 1908
75 1318
285 75
1605 285
2426 1605
780 2426
1857 780
2022 1857
2672 2022
609 2672
366 609
639 366
1509 639
1357 1509
704 1357
761 704
1765 761
418 1765
1926 418
642 1926
2005 642
1859 2005
884 1859
737 884
298 737
744 298
2900 744
2879 2900
1767 2879
2650 1767
2783 2650
272 2783
522 272
970 522
586 970
212 586
2901 212
454 2901
125 454
796 125
1714 796
2218 1714
1470 2218
2608 1470
866 2608
2686 866
1562 2686
2283 1562
1171 2283
1491 1171
1925 1491
2492 1925
1575 2492
2091 1575
1040 2091
1285 1040
1033 1285
752 1033
410 752
275 410
2344 275
2729 2344
1136 2729
784 1136
1084 784
365 1084
862 365
2297 862
2623 2297
2778 2623
1024 2778
1126 1024
1866 1126
2842 1866
445 2842
2122 445
2813 2122
278 2813
2140 278
232 2140
2822 232
1928 2822
840 1928
964 840
864 964
202 864
1809 202
1743 1809
2600 1743
534 2600
300 534
1076 300
158 1076
158 497
635 2390
1652 635
1947 1652
2790 1947
361 2790
2223 361
501 2223
977 501
2664 977
669 2664
372 669
1929 372
1193 1929
1105 1193
2532 1105
2107 2532
68 2107
2807 68
2099 2807
1627 2099
882 1627
115 882
2895 115
2438 2895
2301 2438
2568 2301
2275 2568
2553 2275
1889 2553
1609 1889
470 1609
19 470
860 19
2009 860
673 2009
2088 673
399 2088
2338 399
504 2338
1536 504
2541 1536
813 2541
2607 813
1791 2607
403 1791
1257 403
41 1257
1961 41
834 1961
431 834
1946 431
1798 1946
2376 1798
1054 2376
1245 1054
2597 1245
1327 2597
2266 1327
638 2266
124 638
1799 124
297 1799
770 297
1333 770
1818 1333
2470 1818
2741 2470
1898 2741
1405 1898
1412 1405
173 1412
462 173
1306 462
1635 1306
1757 1635
66 1757
643 66
2171 643
2093 2171
814 2093
2890 814
2534 2890
1099 2534
2444 1099
1363 2444
811 1363
976 811
980 976
46 980
644 46
2367 644
538 2367
393 538
2563 393
2690 2563
939 2690
2441 939
719 2441
11 719
206 11
1375 206
1215 1375
2810 1215
1711 2810
2838 1711
2468 2838
2315 2468
2508 2315
2856 2508
2519 2856
1689 2519
341 1689
1421 341
137 1421
12 137
2255 12
2867 2255
2560 2867
1037 2560
967 1037
2860 967
1268 2860
1444 1268
1649 1444
256 1649
781 256
1370 781
1152 1370
1145 1152
2665 1145
2683 2665
1793 2683
1109 1793
1324 1109
2820 1324
2155 2820
2383 2155
561 2383
2480 561
1387 2480
2511 1387
963 2511
2299 963
1122 2299
2797 1122
407 2797
2786 407
2251 2786
264 2251
1722 264
489 1722
1542 489
2583 1542
1750 2583
602 1750
80 602
276 80
63 276
1613 63
563 1613
1739 563
1682 1739
1052 1682
2494 1052
2128 2494
1278 2128
1912 1278
4 1912
541 4
2174 541
2661 2174
1852 2661
2173 1852
933 2173
614 933
412 614
1934 412
542 1934
2329 542
1104 2329
2781 1104
1489 2781
2581 1489
1991 2581
2159 1991
1496 2159
2432 1496
2240 2432
843 2240
2755 843
907 2755
1506 907
453 1506
201 453
2588 201
686 2588
1379 686
1123 1379
308 1123
2766 308
2766 497
2368 178 2016
2368 2390 1567
