2225 3000
589 1199
1199 1599
1599 472
472 1942
1942 532
532 196
196 1863
1863 2205
2205 178
178 1043
1043 1727
1727 1163
1163 866
866 34
34 2066
2066 2003
2003 1825
1825 707
707 1579
1579 1249
1249 1398
1398 1353
1353 1708
1708 1722
1722 2150
2150 2190
2190 1828
1828 519
519 649
649 2043
2043 576
576 1233
1233 647
647 1305
1305 1864
1864 1794
1794 859
859 1650
1650 1185
1185 505
505 229
229 1910
1910 1209
1209 1333
1333 2072
2072 1380
1380 767
767 1174
1174 345
345 325
325 13
13 768
768 650
650 943
943 2189
2189 1372
1372 454
454 1099
1099 449
449 789
789 1057
1057 1022
1022 2160
2160 1810
1810 2143
2143 1866
1866 2135
2135 1594
1594 1247
1247 1458
1458 1706
1706 139
139 645
645 14
14 148
148 1766
1766 2020
2020 1062
1062 621
621 2193
2193 848
848 213
213 1042
1042 699
699 1826
1826 605
605 474
474 2077
2077 776
776 203
203 297
297 1193
1193 1841
1841 1870
1870 893
893 431
431 451
451 771
771 383
383 1096
1096 39
39 1775
1775 2153
2153 2208
2208 742
742 1206
1206 1489
1489 469
469 1857
1857 897
897 869
869 1635
1635 1448
1448 434
434 1521
1521 1997
1997 221
221 321
321 911
911 952
952 1160
1160 2076
2076 1055
1055 2166
2166 1409
1409 1837
1837 2060
2060 63
63 600
600 867
867 2220
2220 338
338 2173
2173 1771
1771 1048
1048 637
637 1517
1517 278
278 2218
2218 1548
1548 2097
2097 616
616 217
217 667
667 1946
1946 908
908 142
142 953
953 1440
1440 1557
1557 681
681 895
895 562
562 36
36 1447
1447 1150
1150 1363
1363 1430
1430 414
414 1926
1926 60
60 1903
1903 59
59 71
71 1375
1375 1569
1569 1255
1255 2136
2136 676
676 1898
1898 812
812 1426
1426 652
652 303
303 1836
1836 1058
1058 224
224 831
831 735
735 33
33 2058
2058 903
903 254
254 1493
1493 2128
2128 1415
1415 940
940 685
685 2064
2064 132
132 1499
1499 504
504 1491
1491 1311
1311 154
154 174
174 293
293 1122
1122 1021
1021 916
916 253
253 158
158 1647
1647 1528
1528 1808
1808 1735
1735 901
901 752
752 769
769 999
999 2049
2049 1192
1192 1237
1237 1040
1040 1054
1054 385
385 1505
1505 1999
1999 1730
1730 353
353 1971
1971 1514
1514 2142
2142 1129
1129 259
259 87
87 1549
1549 1737
1737 1000
1000 722
722 1823
1823 1047
1047 1721
1721 1295
1295 1897
1897 2068
2068 1480
1480 2070
2070 987
987 1492
1492 152
152 1432
1432 1419
1419 427
427 1685
1685 386
386 624
624 2215
2215 2022
2022 360
360 1550
1550 159
159 2046
2046 380
380 1780
1780 2179
2179 1485
1485 2144
2144 1044
1044 740
740 358
358 2202
2202 1035
1035 1327
1327 1260
1260 810
810 1624
1624 814
814 961
961 225
225 1162
1162 25
25 184
184 612
612 1667
1667 1855
1855 1219
1219 10
10 1504
1504 883
883 1483
1483 1277
1277 307
307 165
165 523
523 1702
1702 712
712 923
923 665
665 802
802 1302
1302 1713
1713 1779
1779 770
770 956
956 1097
1097 983
983 1856
1856 268
268 2042
2042 594
594 413
413 2122
2122 1423
1423 838
838 1778
1778 634
634 1844
1844 1068
1068 1621
1621 1270
1270 453
453 1205
1205 1560
1560 1297
1297 818
818 2092
2092 2057
2057 1349
1349 1345
1345 1588
1588 182
182 2217
2217 817
817 1495
1495 960
960 2067
2067 28
28 1527
1527 1707
1707 75
75 1121
1121 131
131 115
115 1797
1797 1118
1118 1025
1025 846
846 998
998 1310
1310 914
914 784
784 2053
2053 644
644 209
209 794
794 683
683 350
350 50
50 2031
2031 710
710 775
775 603
603 1626
1626 1795
1795 286
286 471
471 1686
1686 446
446 1663
1663 601
601 404
404 515
515 1500
1500 1336
1336 1286
1286 1715
1715 1414
1414 979
979 1623
1623 141
141 2018
2018 706
706 732
732 541
541 202
202 1551
1551 2117
2117 2012
2012 84
84 1742
1742 2197
2197 913
913 1540
1540 1273
1273 1889
1889 262
262 1343
1343 476
476 1915
1915 1723
1723 1902
1902 185
185 1224
1224 936
936 1144
1144 161
161 1239
1239 329
329 40
40 1030
1030 1262
1262 5
5 1582
1582 520
520 1534
1534 77
77 2094
2094 1242
1242 865
865 1005
1005 92
92 1574
1574 1114
1114 935
935 2224
2224 1392
1392 365
365 522
522 1640
1640 344
344 1179
1179 932
932 1156
1156 1128
1128 1591
1591 2024
2024 832
832 759
759 1187
1187 1752
1752 1718
1718 1719
1719 633
633 1927
1927 530
530 1267
1267 1230
1230 1346
1346 366
366 508
508 1920
1920 1978
1978 49
49 927
927 364
364 56
56 1072
1072 1354
1354 82
82 94
94 1291
1291 1111
1111 197
197 1301
1301 1469
1469 1063
1063 379
379 494
494 227
227 1923
1923 1697
1697 996
996 939
939 2213
2213 1123
1123 751
751 183
183 294
294 1112
1112 1593
1593 2146
2146 687
687 929
929 663
663 1208
1208 102
102 905
905 1077
1077 693
693 1248
1248 119
119 534
534 1604
1604 885
885 83
83 305
305 1001
1001 525
525 1989
1989 1263
1263 103
103 1319
1319 362
362 170
170 1802
1802 2183
2183 1256
1256 1858
1858 1124
1124 1570
1570 856
856 403
403 974
974 2026
2026 1476
1476 1698
1698 193
193 1568
1568 1102
1102 400
400 1366
1366 582
582 448
448 343
343 558
558 1979
1979 977
977 401
401 1520
1520 1782
1782 1228
1228 533
533 200
200 1036
1036 2155
2155 1089
1089 1724
1724 604
604 1466
1466 2106
2106 821
821 127
127 371
371 2014
2014 618
618 1535
1535 1284
1284 631
631 1725
1725 1563
1563 639
639 416
416 909
909 2030
2030 1461
1461 1860
1860 1991
1991 373
373 1244
1244 1633
1633 1399
1399 1629
1629 42
42 529
529 925
925 888
888 465
465 384
384 1928
1928 557
557 2089
2089 755
755 1564
1564 1925
1925 1644
1644 985
985 795
795 962
962 968
968 211
211 713
713 673
673 510
510 1404
1404 150
150 22
22 424
424 1334
1334 72
72 572
572 1307
1307 2216
2216 1976
1976 833
833 517
517 230
230 1906
1906 1776
1776 1413
1413 719
719 696
696 1494
1494 797
797 1197
1197 540
540 2222
2222 1996
1996 835
835 1091
1091 671
671 1312
1312 1904
1904 1648
1648 625
625 62
62 2047
2047 912
912 1214
1214 989
989 124
124 743
743 1754
1754 1170
1170 1323
1323 2156
2156 760
760 1328
1328 2165
2165 2196
2196 2111
2111 1490
1490 951
951 330
330 736
736 1108
1108 1402
1402 1914
1914 426
426 43
43 1101
1101 2157
2157 1790
1790 1173
1173 926
926 978
978 793
793 1282
1282 245
245 372
372 1704
1704 772
772 12
12 544
544 854
854 1753
1753 954
954 1487
1487 166
166 483
483 1847
1847 1559
1559 1352
1352 898
898 363
363 1843
1843 339
339 1127
1127 231
231 2001
2001 447
447 1510
1510 1852
1852 310
310 1462
1462 963
963 1692
1692 1049
1049 443
443 1370
1370 2109
2109 402
402 918
918 1216
1216 684
684 1759
1759 1365
1365 1436
1436 1631
1631 110
110 861
861 304
304 711
711 1974
1974 79
79 1104
1104 1772
1772 1391
1391 105
105 2185
2185 1266
1266 946
946 1497
1497 1671
1671 1082
1082 1603
1603 1008
1008 1120
1120 836
836 1511
1511 1872
1872 829
829 74
74 579
579 1760
1760 2041
2041 1712
1712 1051
1051 1805
1805 1515
1515 300
300 896
896 1332
1332 1830
1830 480
480 1455
1455 2110
2110 1746
1746 1542
1542 502
502 411
411 169
169 112
112 2140
2140 1769
1769 1596
1596 1422
1422 439
439 1879
1879 1761
1761 611
611 1140
1140 1283
1283 1482
1482 992
992 1412
1412 496
496 1744
1744 682
682 1616
1616 1154
1154 2167
2167 1970
1970 1024
1024 564
564 1868
1868 1835
1835 1235
1235 875
875 1972
1972 1968
1968 746
746 70
70 1552
1552 570
570 1444
1444 1728
1728 2126
2126 1182
1182 1450
1450 109
109 723
723 1381
1381 100
100 2004
2004 1428
1428 1804
1804 2098
2098 1151
1151 1981
1981 635
635 1745
1745 51
51 882
882 1304
1304 970
970 1899
1899 7
7 966
966 234
234 1131
1131 874
874 823
823 806
806 1308
1308 2037
2037 1572
1572 1743
1743 1886
1886 390
390 1437
1437 1011
1011 359
359 433
433 73
73 239
239 1657
1657 1031
1031 118
118 1364
1364 674
674 841
841 1117
1117 1393
1393 1119
1119 845
845 1865
1865 632
632 2071
2071 1180
1180 646
646 1628
1628 779
779 327
327 1210
1210 588
588 1938
1938 1069
1069 1679
1679 917
917 1026
1026 815
815 497
497 423
423 744
744 1296
1296 1342
1342 890
890 191
191 1508
1508 1360
1360 1934
1934 503
503 714
714 1488
1488 1028
1028 1190
1190 1143
1143 312
312 277
277 825
825 470
470 1079
1079 1090
1090 629
629 850
850 422
422 1223
1223 1853
1853 46
46 1322
1322 1932
1932 780
780 728
728 1638
1638 1290
1290 282
282 44
44 1172
1172 249
249 30
30 2015
2015 583
583 1610
1610 1796
1796 251
251 1762
1762 1149
1149 2114
2114 2164
2164 614
614 778
778 1581
1581 1877
1877 873
873 988
988 260
260 910
910 123
123 1431
1431 2130
2130 573
573 1977
1977 97
97 2161
2161 1619
1619 1202
1202 2120
2120 1269
1269 1138
1138 1361
1361 1690
1690 753
753 2186
2186 485
485 1167
1167 2159
2159 2198
2198 2011
2011 398
398 1784
1784 1060
1060 617
617 501
501 1435
1435 640
640 195
195 2199
2199 1558
1558 38
38 1254
1254 2152
2152 348
348 284
284 2187
2187 1325
1325 1821
1821 1544
1544 1893
1893 1643
1643 1168
1168 328
328 1351
1351 1585
1585 1846
1846 1656
1656 1012
1012 1661
1661 1951
1951 947
947 1842
1842 608
608 2008
2008 1705
1705 1125
1125 1575
1575 1213
1213 1921
1921 367
367 906
906 76
76 894
894 549
549 1613
1613 852
852 1738
1738 560
560 1147
1147 464
464 1781
1781 1137
1137 2137
2137 599
599 1597
1597 1975
1975 2112
2112 1609
1609 1882
1882 1662
1662 1598
1598 1756
1756 1438
1438 1234
1234 272
272 1348
1348 292
292 804
804 1309
1309 1116
1116 1888
1888 243
243 1931
1931 1601
1601 849
849 1664
1664 1396
1396 1498
1498 749
749 113
113 528
528 803
803 2075
2075 1355
1355 765
765 1793
1793 1403
1403 349
349 120
120 149
149 837
837 1545
1545 678
678 341
341 1800
1800 1583
1583 1341
1341 78
78 1632
1632 619
619 1907
1907 491
491 1684
1684 729
729 2059
2059 700
700 270
270 106
106 347
347 2178
2178 507
507 1316
1316 264
264 1627
1627 252
252 677
677 332
332 972
972 138
138 957
957 948
948 1066
1066 1227
1227 1845
1845 790
790 626
626 290
290 545
545 1512
1512 891
891 934
934 1452
1452 1098
1098 1993
1993 1816
1816 1739
1739 827
827 705
705 1541
1541 1936
1936 596
596 1905
1905 1126
1126 920
920 1736
1736 1094
1094 436
436 1253
1253 247
247 479
479 1608
1608 2006
2006 461
461 495
495 1331
1331 418
418 176
176 99
99 1425
1425 1177
1177 337
337 31
31 1250
1250 1887
1887 2162
2162 2002
2002 892
892 1211
1211 2121
2121 1990
1990 1007
1007 1592
1592 361
361 1881
1881 242
242 878
878 704
704 1029
1029 1074
1074 137
137 1584
1584 1050
1050 1103
1103 442
442 527
527 1095
1095 1792
1792 2054
2054 215
215 1198
1198 35
35 121
121 757
757 326
326 45
45 1537
1537 3
3 1084
1084 2090
2090 716
716 129
129 125
125 281
281 1678
1678 1798
1798 1339
1339 146
146 548
548 1950
1950 1577
1577 1525
1525 1441
1441 135
135 151
151 2138
2138 258
258 1473
1473 1471
1471 1954
1954 1486
1486 389
389 737
737 1587
1587 1859
1859 613
613 788
788 2151
2151 575
575 511
511 173
173 1201
1201 399
399 933
933 1086
1086 919
919 1994
1994 1913
1913 1747
1747 177
177 1983
1983 1824
1824 1186
1186 157
157 484
484 376
376 2192
2192 1862
1862 275
275 585
585 1652
1652 1315
1315 672
672 1553
1553 168
168 1212
1212 1952
1952 117
117 1496
1496 136
136 175
175 1446
1446 1731
1731 2093
2093 1289
1289 1891
1891 2025
2025 20
20 1799
1799 1236
1236 1265
1265 1791
1791 1689
1689 1092
1092 456
456 130
130 708
708 1695
1695 1183
1183 628
628 1618
1618 1714
1714 1586
1586 86
86 731
731 1397
1397 787
787 179
179 441
441 2000
2000 1340
1340 1110
1110 122
122 216
216 1672
1672 1039
1039 922
922 1052
1052 2131
2131 430
430 1676
1676 1061
1061 1318
1318 1276
1276 1703
1703 1113
1113 1465
1465 47
47 1634
1634 2084
2084 466
466 391
391 717
717 1464
1464 280
280 2115
2115 1059
1059 331
331 2201
2201 478
478 1646
1646 1053
1053 565
565 1369
1369 192
192 1916
1916 1680
1680 1612
1612 688
688 1607
1607 210
210 591
591 1139
1139 1884
1884 1279
1279 1768
1768 160
160 458
458 1547
1547 824
824 1992
1992 1023
1023 761
761 826
826 48
48 574
574 1148
1148 941
941 1630
1630 1009
1009 513
513 543
543 1454
1454 975
975 899
899 250
250 6
6 2069
2069 1940
1940 993
993 2044
2044 1481
1481 1073
1073 81
81 336
336 2118
2118 1871
1871 1460
1460 1033
1033 500
500 727
727 690
690 1417
1417 1809
1809 1176
1176 1917
1917 1503
1503 641
641 1918
1918 406
406 1474
1474 1880
1880 1651
1651 1241
1241 2158
2158 1165
1165 107
107 324
324 1076
1076 984
984 2033
2033 1457
1457 2124
2124 902
902 263
263 317
317 1894
1894 8
8 1134
1134 90
90 1135
1135 680
680 1189
1189 924
924 1383
1383 598
598 295
295 190
190 764
764 1988
1988 155
155 774
774 1287
1287 156
156 686
686 1246
1246 1285
1285 662
662 1691
1691 872
872 1567
1567 955
955 163
163 2056
2056 1456
1456 267
267 1526
1526 661
661 1867
1867 1222
1222 1379
1379 2127
2127 655
655 813
813 444
444 1268
1268 318
318 2028
2028 868
868 1561
1561 1037
1037 1018
1018 1602
1602 1382
1382 2212
2212 415
415 2204
2204 1071
1071 763
763 748
748 98
98 388
388 352
352 374
374 228
228 19
19 1538
1538 1827
1827 134
134 698
698 412
412 377
377 309
309 32
32 2081
2081 1303
1303 162
162 1817
1817 657
657 1729
1729 1240
1240 1673
1673 1002
1002 279
279 91
91 1665
1665 937
937 1321
1321 140
140 997
997 720
720 189
189 473
473 1502
1502 1966
1966 730
730 1453
1453 1785
1785 851
851 69
69 2102
2102 1257
1257 1317
1317 2061
2061 143
143 1280
1280 2052
2052 766
766 357
357 1922
1922 186
186 16
16 322
322 1275
1275 334
334 1155
1155 2005
2005 397
397 526
526 233
233 1184
1184 2116
2116 1869
1869 607
607 950
950 656
656 257
257 1533
1533 306
306 1145
1145 1141
1141 1298
1298 1171
1171 187
187 1813
1813 563
563 407
407 2040
2040 1169
1169 733
733 54
54 302
302 945
945 855
855 1191
1191 786
786 785
785 1424
1424 1207
1207 1506
1506 536
536 463
463 256
256 1763
1763 218
218 1358
1358 1067
1067 942
942 976
976 1987
1987 550
550 805
805 1153
1153 1822
1822 1442
1442 2125
2125 1041
1041 1350
1350 1106
1106 477
477 1699
1699 1930
1930 206
206 870
870 378
378 346
346 237
237 969
969 1840
1840 238
238 944
944 1509
1509 1411
1411 1326
1326 556
556 2103
2103 2147
2147 1433
1433 2182
2182 1330
1330 261
261 1803
1803 1806
1806 2
2 1530
1530 1389
1389 108
108 487
487 2105
2105 368
368 1944
1944 1218
1218 800
800 486
486 1484
1484 1468
1468 2177
2177 537
537 792
792 538
538 2207
2207 369
369 1659
1659 1998
1998 651
651 240
240 798
798 871
871 205
205 1606
1606 1152
1152 1595
1595 488
488 2019
2019 1390
1390 111
111 615
615 949
949 410
410 52
52 552
552 567
567 2133
2133 1696
1696 990
990 199
199 2029
2029 2132
2132 606
606 2119
2119 973
973 1075
1075 834
834 1388
1388 1467
1467 1434
1434 1701
1701 1980
1980 860
860 1711
1711 468
468 283
283 1819
1819 858
858 455
455 1347
1347 490
490 2007
2007 1614
1614 1811
1811 1617
1617 811
811 1885
1885 1231
1231 1908
1908 2017
2017 828
828 64
64 26
26 959
959 981
981 1299
1299 2209
2209 1133
1133 452
452 2013
2013 1555
1555 1933
1933 2078
2078 2163
2163 2036
2036 2129
2129 1578
1578 889
889 351
351 2009
2009 172
172 299
299 982
982 1654
1654 489
489 212
212 1427
1427 1226
1226 133
133 1259
1259 1261
1261 1767
1767 1420
1420 1478
1478 1479
1479 620
620 1531
1531 1377
1377 1850
1850 857
857 2021
2021 2154
2154 1314
1314 555
555 1451
1451 1600
1600 1655
1655 153
153 506
506 1896
1896 104
104 1238
1238 114
114 1566
1566 809
809 1020
1020 1783
1783 1959
1959 822
822 1681
1681 66
66 27
27 1368
1368 147
147 481
481 323
323 246
246 1669
1669 1006
1006 1750
1750 2176
2176 2195
2195 395
395 1937
1937 61
61 1272
1272 1501
1501 88
88 773
773 1085
1085 1157
1157 512
512 493
493 2062
2062 2181
2181 1807
1807 653
653 9
9 1200
1200 2145
2145 1109
1109 128
128 2073
2073 820
820 1834
1834 1967
1967 1418
1418 1818
1818 546
546 2085
2085 1357
1357 232
232 781
781 1394
1394 638
638 980
980 2039
2039 445
445 1693
1693 208
208 335
335 1065
1065 1812
1812 285
285 1373
1373 2032
2032 1589
1589 819
819 1232
1232 648
648 420
420 2180
2180 660
660 2065
2065 85
85 877
877 799
799 1337
1337 1194
1194 1518
1518 1264
1264 1580
1580 96
96 1245
1245 1523
1523 435
435 741
741 1324
1324 1955
1955 881
881 2123
2123 55
55 1195
1195 584
584 1815
1815 2023
2023 2171
2171 994
994 967
967 1016
1016 68
68 1801
1801 622
622 1751
1751 265
265 67
67 1757
1757 1164
1164 1470
1470 1943
1943 1958
1958 568
568 2050
2050 1445
1445 370
370 1158
1158 298
298 2063
2063 342
342 991
991 2225
2225 2188
2188 747
747 1773
1773 1243
1243 271
271 1740
1740 1407
1407 432
432 1786
1786 89
89 587
587 1472
1472 586
586 1400
1400 1963
1963 551
551 593
593 561
561 15
15 457
457 609
609 223
223 409
409 807
807 964
964 23
23 266
266 1329
1329 2172
2172 482
482 1142
1142 1387
1387 1774
1774 597
597 1532
1532 333
333 547
547 1851
1851 559
559 1883
1883 1788
1788 417
417 1046
1046 636
636 1838
1838 1911
1911 24
24 1984
1984 1945
1945 569
569 1694
1694 1294
1294 577
577 226
226 1338
1338 1622
1622 354
354 1258
1258 862
862 1556
1556 1935
1935 340
340 1895
1895 248
248 1576
1576 2016
2016 356
356 1278
1278 1429
1429 627
627 1969
1969 319
319 1017
1017 843
843 1919
1919 419
419 904
904 2027
2027 21
21 308
308 1078
1078 2104
2104 421
421 745
745 1890
1890 145
145 668
668 610
610 2200
2200 689
689 2168
2168 718
718 1203
1203 1320
1320 2088
2088 679
679 460
460 387
387 1064
1064 1385
1385 734
734 958
958 1683
1683 57
57 273
273 1013
1013 2035
2035 438
438 101
101 244
244 553
553 840
840 180
180 1641
1641 116
116 2221
2221 590
590 440
440 1416
1416 1892
1892 1873
1873 1463
1463 1733
1733 701
701 2038
2038 1080
1080 1529
1529 535
535 1281
1281 539
539 222
222 53
53 2099
2099 2045
2045 853
853 1709
1709 1615
1615 1175
1175 791
791 1513
1513 291
291 1038
1038 1726
1726 1611
1611 782
782 2055
2055 1571
1571 2101
2101 1378
1378 1443
1443 725
725 2219
2219 1136
1136 602
602 1939
1939 2174
2174 2184
2184 1132
1132 1188
1188 581
581 296
296 355
355 1660
1660 965
965 2203
2203 2214
2214 1636
1636 1734
1734 675
675 863
863 1949
1949 971
971 1015
1015 18
18 2210
2210 1522
1522 1107
1107 1519
1519 467
467 241
241 666
666 664
664 1293
1293 1639
1639 654
654 1765
1765 1861
1861 630
630 392
392 1674
1674 726
726 715
715 214
214 1539
1539 900
900 2223
2223 1562
1562 995
995 514
514 1749
1749 884
884 1215
1215 642
642 921
921 2170
2170 930
930 1083
1083 1720
1720 2149
2149 167
167 516
516 750
750 1274
1274 1962
1962 1251
1251 313
313 1421
1421 437
437 287
287 1741
1741 1625
1625 1386
1386 1056
1056 1313
1313 796
796 255
255 2100
2100 659
659 816
816 1848
1848 11
11 4
4 691
691 1371
1371 236
236 1384
1384 459
459 17
17 1475
1475 643
643 1875
1875 144
144 204
204 1986
1986 188
188 1536
1536 1159
1159 844
844 207
207 393
393 1637
1637 311
311 498
498 1605
1605 808
808 95
95 1221
1221 938
938 1642
1642 1196
1196 1045
1045 2048
2048 542
542 1710
1710 181
181 1675
1675 1912
1912 876
876 1957
1957 670
670 1789
1789 1003
1003 703
703 2107
2107 1961
1961 2108
2108 1982
1982 1105
1105 2206
2206 29
29 1833
1833 847
847 777
777 1849
1849 595
595 1439
1439 694
694 1449
1449 554
554 194
194 1220
1220 425
425 1014
1014 521
521 1178
1178 220
220 1876
1876 1645
1645 126
126 580
580 724
724 301
301 80
80 2074
2074 1960
1960 1306
1306 1764
1764 1367
1367 2087
2087 531
531 1516
1516 1670
1670 276
276 2086
2086 1839
1839 164
164 1459
1459 171
171 1831
1831 1956
1956 509
509 492
492 2082
2082 1524
1524 887
887 1115
1115 1688
1688 524
524 1204
1204 931
931 2051
2051 37
37 1410
1410 566
566 1300
1300 1374
1374 429
429 1477
1477 198
198 1854
1854 1401
1401 2034
2034 1546
1546 2095
2095 394
394 1666
1666 1820
1820 1335
1335 1376
1376 1620
1620 1590
1590 1225
1225 1716
1716 314
314 1909
1909 754
754 1732
1732 518
518 1985
1985 2169
2169 1901
1901 1362
1362 879
879 1554
1554 1100
1100 288
288 274
274 830
830 1787
1787 1565
1565 1832
1832 1229
1229 1359
1359 1900
1900 692
692 1687
1687 269
269 801
801 1161
1161 1271
1271 405
405 93
93 1406
1406 1356
1356 2091
2091 2079
2079 1088
1088 1770
1770 1166
1166 289
289 1941
1941 1181
1181 1874
1874 375
375 864
864 450
450 1700
1700 2010
2010 1070
1070 907
907 2148
2148 1777
1777 1929
1929 880
880 235
235 1034
1034 756
756 2080
2080 697
697 1004
1004 201
201 1677
1677 219
219 315
315 2113
2113 658
658 1032
1032 41
41 1252
1252 578
578 1507
1507 1027
1027 2141
2141 1408
1408 462
462 709
709 428
428 886
886 316
316 396
396 721
721 1649
1649 2191
2191 2083
2083 1217
1217 1653
1653 1748
1748 915
915 986
986 1146
1146 739
739 2175
2175 1405
1405 695
695 669
669 1668
1668 320
320 1288
1288 1924
1924 1947
1947 1814
1814 2211
2211 1948
1948 408
408 475
475 382
382 2096
2096 1
1 1758
1758 1717
1717 762
762 738
738 928
928 2194
2194 571
571 783
783 839
839 1682
1682 65
65 1755
1755 2139
2139 58
58 1965
1965 1878
1878 1081
1081 758
758 1087
1087 1953
1953 592
592 1130
1130 1292
1292 1829
1829 1973
1973 623
623 1019
1019 2134
2134 1395
1395 1995
1995 1573
1573 1010
1010 1658
1658 499
499 381
381 1964
1964 1344
1344 842
842 1543
1543 1093
1093 702
2016 1278
1259 1420
1087 592
2080 2113
1167 1784
1155 950
1261 857
1793 341
1959 1669
1201 1994
1873 535
2189 2160
122 2131
673 572
2219 2174
1577 1954
837 341
1867 2028
359 118
1791 1714
952 600
1262 520
395 773
2182 1530
2069 336
609 266
849 1396
807 482
2122 1844
166 1847
348 1325
1099 1594
356 1429
1007 361
814 612
1243 89
1305 1185
480 169
536 942
2136 812
1521 1160
1712 300
714 1079
1478 2021
1020 1681
870 346
152 386
158 1735
1360 1488
497 1360
1680 591
656 306
2120 1361
1678 1339
398 195
444 1382
1475 1986
1511 1805
1629 529
487 2177
1168 1585
1419 159
1755 58
272 849
1127 447
2221 1733
2135 1706
1411 556
1809 1880
7 874
1840 2103
536 218
2030 42
1481 500
1349 960
1814 2096
1028 850
1784 501
1718 1346
1098 1816
499 1093
985 673
388 1538
1259 1767
1943 342
1628 1938
1972 1182
1754 2156
1685 2046
129 281
272 1931
973 468
237 2103
1195 2171
1043 2003
789 1810
1989 103
2053 2031
438 590
299 1259
1672 1703
737 2151
2084 2115
2167 875
1039 1276
1280 186
157 376
455 1885
444 1561
2139 1965
933 1983
1874 2148
1186 585
850 1638
1960 1516
1990 1029
546 1357
1202 1269
1270 1560
833 1413
1321 997
1675 2108
1256 193
340 248
92 1640
27 2176
725 1136
783 1965
2173 278
576 859
1395 1543
198 1376
2035 116
1861 715
1228 1466
1775 1206
1548 953
292 1309
1234 1348
475 928
1008 836
550 1442
722 1047
1299 2036
1802 403
781 1693
592 623
1049 1370
820 1818
2087 1831
2081 1817
977 533
1684 106
1274 1056
1135 598
1905 1736
1128 1752
964 482
139 848
1730 87
626 891
479 418
2186 617
1711 1819
741 2023
646 779
1749 167
2152 1168
196 1727
791 2055
1055 63
637 616
1298 54
574 513
182 1495
687 102
1852 1370
696 2222
248 1278
456 1618
213 605
820 1967
226 1935
289 450
422 46
1541 1126
1598 804
913 262
387 273
2071 646
190 1988
1471 2151
274 692
1535 2030
1420 620
1178 1960
1890 1203
183 663
1338 354
680 190
998 914
544 166
1575 1613
1199 1942
2048 1957
1970 70
1789 1982
1092 708
81 727
960 1121
229 1380
1655 809
480 112
1872 2041
187 2040
298 1243
843 2027
2022 1485
384 962
1896 114
166 231
1744 1835
1247 645
456 708
1518 1955
1901 879
1374 2095
259 722
1764 164
1689 1586
109 1804
2217 1495
1544 1012
1592 137
1628 917
1741 1386
1584 215
802 2042
989 1170
1914 1282
1775 1857
1671 74
324 317
1208 1248
723 635
1221 181
19 2081
1654 1226
1846 2008
1150 1926
2113 578
295 1285
742 869
426 978
33 1493
615 2133
340 1278
32 657
514 1720
968 713
613 919
1437 73
599 1756
2077 893
1457 680
1025 2053
1759 304
1326 2147
292 1664
1226 1479
1817 1673
752 1054
1317 766
2163 299
773 1200
862 340
1806 1944
177 1862
2031 1626
1368 481
1141 54
946 1082
2161 2186
1166 1070
988 97
1143 825
233 1145
1294 1622
1567 267
1888 1664
1159 1221
335 2032
579 2041
844 808
355 1949
450 1777
101 1641
1792 35
2198 398
594 1778
2119 834
1336 541
154 1122
1710 1003
2134 842
2184 1636
1997 1409
207 498
2129 1654
1667 10
1791 1695
1017 1919
30 1796
316 2083
132 1311
1022 1247
1905 479
191 1934
1818 1394
522 344
858 1231
735 1493
178 2003
1799 1183
495 1250
1112 687
431 1096
397 1869
1607 824
80 1306
909 1860
1110 1039
1798 151
486 1659
1137 1756
1642 1675
1830 411
9 1418
2156 1328
1547 761
2155 371
1379 1037
1305 1794
2008 367
2140 1482
444 2212
814 1219
206 1411
280 1369
2159 2011
686 163
840 116
311 95
1955 55
1257 766
1620 754
376 585
1824 2192
1894 924
2206 847
425 521
121 129
1135 190
363 1510
1386 2100
978 772
1830 169
1026 744
1343 1902
2160 1594
1964 1093
1769 1283
557 968
445 1812
781 1812
239 1393
1196 1710
1257 2061
1761 1616
2151 933
1897 1685
2221 440
1491 154
1193 383
1252 886
633 49
1886 239
1818 781
1114 522
2043 1185
212 1226
1504 307
1295 152
1572 1011
2135 2020
205 1595
641 107
529 888
883 1277
758 1953
41 709
437 2100
1953 1130
2172 333
1626 515
133 1531
321 2166
575 1086
2090 1678
775 601
1060 1254
390 118
238 1326
1318 2084
1343 1915
1411 2103
1289 1236
960 115
1396 749
2190 576
1813 1191
299 1654
859 1380
1074 1792
1979 1089
991 2188
586 609
495 1425
658 1408
390 1657
1063 1923
1222 655
885 103
193 558
35 716
1784 2199
992 564
1187 633
1225 2169
908 895
57 1013
455 490
2169 830
1266 1120
1670 1831
1911 569
1707 1121
237 556
2103 2
658 2141
877 1523
871 1390
1864 859
700 106
234 1743
1515 480
140 851
2149 287
839 758
1000 1295
220 301
2074 276
251 614
314 2169
1537 1339
1973 499
1873 1281
1324 2123
297 893
1340 922
938 2048
1034 315
1618 179
1328 330
773 653
1987 805
2184 296
1071 1827
1330 1530
812 303
1493 1491
2136 303
2023 1801
170 1124
1634 391
1438 1931
1436 1391
247 495
619 700
1523 1815
37 198
1551 2197
1749 2149
181 703
1137 1975
342 271
1135 155
740 1327
464 599
1568 977
763 134
2218 217
969 2103
1582 1574
1111 1469
1336 1414
393 1221
1799 1265
1293 726
1509 2103
981 1133
900 2170
1830 1542
1294 1935
398 1558
98 228
60 812
1139 1992
1305 1910
507 332
743 760
1468 792
1104 1497
1310 683
931 1477
636 24
401 1228
1866 148
1508 1143
1059 1369
308 421
2180 1337
535 2099
933 1913
1705 76
1785 1257
309 1729
1929 235
526 1533
1307 517
1954 575
128 1818
883 665
2193 1042
592 1573
584 2023
2090 146
1487 1559
507 1627
1475 188
153 1566
245 1487
1616 875
1318 466
51 234
2035 244
518 288
314 518
2175 695
1640 759
296 965
593 23
603 1686
1602 415
576 647
120 1341
1473 389
195 1821
106 677
1523 1324
1738 2112
479 1425
597 417
882 1899
887 566
784 2031
1920 1354
120 1545
908 1440
335 819
513 975
704 1050
355 675
1797 998
1513 1038
1090 422
1876 580
1939 581
1816 1936
375 2010
2165 330
2215 380
1027 886
1295 427
654 715
1715 141
127 1284
1397 122
1134 1135
714 277
1699 969
2153 1635
3 129
1498 1403
1390 1696
134 1817
2030 529
174 158
35 1537
576 505
1888 113
717 565
1761 1744
959 1299
335 1232
342 1407
1588 1527
1056 796
2144 1624
49 197
1613 2137
1437 359
88 1807
916 752
453 1297
98 134
451 39
1133 2036
543 993
1235 1552
378 556
574 1009
1118 794
412 1240
79 1082
1674 995
135 737
743 2165
2049 1999
546 232
801 93
2047 760
417 569
408 928
1182 100
575 1994
2081 91
605 297
1722 1233
1098 1541
1636 1522
170 403
12 854
602 1660
697 2113
861 1974
648 2065
39 742
2124 90
689 1320
1511 1760
2095 1666
1930 969
1307 719
982 1767
1180 1069
43 1790
1639 1674
1126 2006
227 1123
1953 1292
1866 1594
670 29
421 2200
1345 182
1709 1611
1766 1826
1787 1687
732 202
1053 192
2148 201
1458 14
839 58
1483 307
275 1952
818 817
684 711
1 783
1162 1855
778 873
1987 477
1384 204
833 696
521 126
1608 1331
1822 477
1868 70
664 630
710 286
899 1481
1342 1028
855 463
963 2109
149 1632
2089 968
2029 1388
357 334
1588 1707
1916 1279
530 49
2140 1761
861 2185
469 221
91 1321
1933 2129
756 2113
691 17
523 1779
884 2170
1119 2071
675 467
1234 243
1586 2000
1160 63
186 2005
302 785
2210 1293
174 1735
1914 926
1924 2211
523 956
2040 1191
1655 506
1644 150
1665 720
2109 1436
643 1986
2084 1464
2206 777
677 1227
1651 1457
837 1583
13 789
2016 1017
1505 1730
1053 1612
667 681
2186 501
1781 2137
1124 1698
329 1242
1150 59
1489 869
1913 1983
335 648
755 713
111 990
1027 462
388 19
1765 726
1301 2213
476 1723
606 1434
202 1742
2211 1
1545 341
405 1770
1412 1868
182 817
354 248
2093 1265
1494 1996
254 940
1945 862
1441 389
1471 1587
589 702 709
589 702 895
