100 99
10 91
10 8
10 29
10 96
96 13
29 60
13 71
13 50
96 23
23 83
83 40
83 38
96 36
91 2
83 77
40 78
38 18
2 25
71 21
50 24
24 48
18 92
29 90
21 64
21 75
38 33
78 98
36 49
48 42
21 1
91 28
2 53
25 15
91 5
77 81
64 47
48 69
96 57
90 14
98 66
40 12
53 6
48 34
71 94
2 55
1 56
55 46
56 76
81 22
18 43
81 19
22 16
92 62
42 80
33 63
24 72
80 20
64 65
33 61
10 74
40 26
24 52
29 27
91 39
43 82
39 87
15 93
50 86
82 95
46 100
63 67
6 70
90 89
91 37
66 99
26 84
25 68
74 11
56 88
99 44
42 41
39 45
25 4
26 58
68 7
64 79
49 54
25 9
46 85
49 73
40 32
70 59
1 97
49 51
75 3
25 30
63 31
14 35
57 17
3 10 9
48 69 6
