2999 3000
2408 1553
228 2408
1253 228
2508 1253
2179 2508
1409 2179
2398 1409
1298 2398
2543 1298
1510 2543
1579 1510
2684 1579
1339 2684
454 1339
2409 454
1894 2409
1648 1894
2900 1648
2276 2900
1621 2276
2547 1621
1017 2547
858 1017
2494 858
1430 2494
424 1430
2935 424
201 2935
286 201
1647 286
1543 1647
1150 1543
368 1150
2690 368
1157 2690
567 1157
782 567
807 782
987 807
853 987
1102 853
2255 1102
1067 2255
2856 1067
2594 2856
1121 2594
1421 1121
852 1421
2170 852
1350 2170
581 1350
1977 581
224 1977
2644 224
49 2644
1022 49
2965 1022
2284 2965
2845 2284
2568 2845
2942 2568
165 2942
300 165
1130 300
2 1130
214 2
1546 214
505 1546
959 505
2876 959
2998 2876
699 2998
833 699
497 833
50 497
2573 50
546 2573
1125 546
2155 1125
1962 2155
1314 1962
106 1314
1655 106
1213 1655
2818 1213
2000 2818
1423 2000
182 1423
1957 182
376 1957
2263 376
503 2263
980 503
1223 980
759 1223
176 759
1692 176
856 1692
1408 856
902 1408
725 902
77 725
1940 77
2337 1940
2922 2337
2557 2922
1644 2557
1716 1644
2898 1716
899 2898
640 899
521 640
1327 521
1312 1327
2968 1312
698 2968
2820 698
2287 2820
2704 2287
2242 2704
102 2242
849 102
2126 849
1202 2126
2303 1202
1890 2303
1175 1890
2514 1175
2963 2514
549 2963
2720 549
977 2720
1073 977
2816 1073
1346 2816
1786 1346
2688 1786
1500 2688
2539 1500
220 2539
1400 220
1305 1400
2052 1305
69 2052
1688 69
2342 1688
179 2342
2458 179
2249 2458
2186 2249
1261 2186
1966 1261
633 1966
813 633
925 813
2990 925
527 2990
843 527
284 843
2031 284
1533 2031
354 1533
341 354
2790 341
193 2790
501 193
1657 501
2283 1657
2227 2283
1391 2227
1446 1391
1984 1446
478 1984
1779 478
661 1779
2381 661
124 2381
2492 124
682 2492
778 682
803 778
2840 803
2952 2840
2367 2952
122 2367
919 122
2535 919
2806 2535
2629 2806
701 2629
366 701
2219 366
2359 2219
623 2359
1797 623
2199 1797
2412 2199
2877 2412
2153 2877
239 2153
2571 239
783 2571
610 783
177 610
2368 177
2394 2368
263 2394
2135 263
331 2135
2634 331
2945 2634
869 2945
151 869
1674 151
832 1674
983 832
1983 983
934 1983
2852 934
1483 2852
1713 1483
360 1713
995 360
948 995
2757 948
2799 2757
2615 2799
1702 2615
186 1702
20 186
2944 20
2551 2944
1000 2551
2189 1000
2328 2189
1221 2328
2488 1221
484 2488
2068 484
1616 2068
507 1616
2937 507
2751 2937
357 2751
646 357
1850 646
1931 1850
1189 1931
2435 1189
474 2435
2356 474
2552 2356
468 2552
1560 468
526 1560
490 526
2282 490
2083 2282
2520 2083
1385 2520
2067 1385
396 2067
2516 396
2620 2516
943 2620
395 943
1838 395
1205 1838
115 1205
2640 115
2484 2640
426 2484
1469 426
916 1469
656 916
990 656
1750 990
1592 1750
2139 1592
2657 2139
1907 2657
565 1907
1268 565
969 1268
1001 969
2596 1001
1991 2596
2123 1991
1651 2123
55 1651
279 55
1138 279
1161 1138
1165 1161
999 1165
2296 999
2703 2296
2422 2703
1930 2422
327 1930
1681 327
1773 1681
2736 1773
2134 2736
81 2134
2530 81
1738 2530
2750 1738
24 2750
2418 24
1146 2418
1723 1146
2081 1723
1105 2081
1836 1105
208 1836
2251 208
744 2251
2770 744
2092 2770
740 2092
2486 740
2003 2486
429 2003
2474 429
1039 2474
134 1039
1752 134
1662 1752
159 1662
2029 159
1445 2029
1637 1445
1403 1637
2253 1403
1854 2253
676 1854
2165 676
1774 2165
1236 1774
598 1236
1142 598
2550 1142
2673 2550
2786 2673
510 2786
2635 510
142 2635
427 142
358 427
2300 358
232 2300
2401 232
2372 2401
391 2372
2904 391
2348 2904
1002 2348
1825 1002
2447 1825
2901 2447
1291 2901
2829 1291
249 2829
2745 249
798 2745
2184 798
690 2184
213 690
2872 213
2045 2872
914 2045
1361 914
2625 1361
2665 2625
887 2665
643 887
1355 643
1475 1355
2589 1475
1588 2589
2017 1588
1404 2017
221 1404
2107 221
136 2107
583 136
1687 583
1420 1687
2680 1420
1306 2680
1923 1306
1120 1923
1528 1120
2737 1528
1811 2737
471 1811
975 471
192 975
2462 192
580 2462
1106 580
2861 1106
566 2861
1063 566
786 1063
1550 786
2125 1550
2132 2125
582 2132
823 582
2493 823
613 2493
1847 613
1928 1847
684 1928
2495 684
337 2495
1024 337
1517 1024
356 1517
1214 356
230 1214
57 230
2389 57
1333 2389
1988 1333
2305 1988
1111 2305
1921 1111
2177 1921
711 2177
397 711
274 397
371 274
1796 371
1365 1796
441 1365
363 441
1609 363
2672 1609
1357 2672
2277 1357
212 2277
847 212
1185 847
2075 1185
2445 2075
2682 2445
2404 2682
596 2404
2061 596
1828 2061
375 1828
532 375
2887 532
2384 2887
535 2384
939 535
552 939
2658 552
2824 2658
1087 2824
1852 1087
1849 1852
897 1849
460 897
132 460
2321 132
2558 2321
70 2558
667 70
765 667
2347 765
1817 2347
616 1817
1192 616
1018 1192
2903 1018
2779 2903
536 2779
1712 536
2322 1712
547 2322
2980 547
921 2980
1316 921
1432 1316
937 1432
113 937
2190 113
2382 2190
2079 2382
1999 2079
2722 1999
2920 2722
2912 2920
2771 2912
1231 2771
2869 1231
649 2869
2859 649
645 2859
1295 645
1084 1295
981 1084
2847 981
431 2847
76 431
472 76
2154 472
1789 2154
2913 1789
2802 2913
405 2802
2832 405
2151 2832
1932 2151
2312 1932
2823 2312
2792 2823
1603 2792
2266 1603
2479 2266
2899 2479
390 2899
512 390
313 512
1476 313
259 1476
641 259
408 641
1267 408
1618 1267
2858 1618
727 2858
1260 727
1100 1260
2697 1100
2203 2697
1297 2203
1888 1297
1288 1888
445 1288
1900 445
1506 1900
2360 1506
129 2360
2946 129
2885 2946
802 2885
1330 802
1538 1330
2245 1538
545 2245
1249 545
622 1249
384 622
2838 384
1284 2838
149 1284
573 149
1914 573
693 1914
2864 693
1110 2864
272 1110
1998 272
1405 1998
1270 1405
1074 1270
2741 1074
1387 2741
1614 1387
1608 1614
2783 1608
399 2783
1167 399
1594 1167
2221 1594
1523 2221
2280 1523
1717 2280
2013 1717
2637 2013
1496 2637
513 1496
751 513
2097 751
2871 2097
2108 2871
1897 2108
533 1897
273 533
196 273
2828 196
1857 2828
47 1857
377 47
561 377
244 561
1425 244
576 1425
1664 576
1867 1664
361 1867
1703 361
594 1703
2867 594
2932 2867
709 2932
1554 709
1439 1554
817 1439
191 817
979 191
90 979
2678 90
2677 2678
715 2677
2144 715
961 2144
91 961
1733 91
835 1733
328 835
2826 328
442 2826
672 442
1356 672
2513 1356
448 2513
2857 448
1044 2857
891 1044
815 891
2472 815
1152 2472
486 1152
976 486
912 976
1187 912
1870 1187
1557 1870
2714 1557
2019 2714
332 2019
2517 332
89 2517
2759 89
864 2759
255 864
2260 255
2018 2260
2453 2018
2999 2453
2884 2999
1334 2884
419 1334
2934 419
336 2934
570 336
1953 570
1600 1953
204 1600
2997 204
1981 2997
2470 1981
1866 2470
1642 1866
1869 1642
93 1869
1511 93
2971 1511
326 2971
1290 326
2167 1290
525 2167
343 525
2647 343
2716 2647
810 2716
2519 810
2694 2519
2961 2694
1927 2961
1800 1927
130 1800
84 130
1540 84
2315 1540
2090 2315
1949 2090
2769 1949
1340 2769
1414 1340
1924 1414
2930 1924
2662 2930
2662 200
2914 1698
1504 2914
170 1504
1080 170
1929 1080
2916 1929
1976 2916
1691 1976
663 1691
1053 663
2298 1053
10 2298
180 10
2950 180
2841 2950
225 2841
2331 225
933 2331
289 933
114 289
68 114
43 68
629 43
1534 629
1591 1534
522 1591
2269 522
1349 2269
2060 1349
1753 2060
401 1753
2511 401
1529 2511
94 1529
1274 94
569 1274
1054 569
1518 1054
563 1518
2923 563
1764 2923
1170 1764
184 1170
978 184
2244 978
100 2244
1427 100
1625 1427
1447 1625
2549 1447
2732 2549
2426 2732
1123 2426
2459 1123
1832 2459
407 1832
1458 407
1620 1458
1926 1620
2740 1926
1081 2740
31 1081
162 31
1113 162
1031 1113
2278 1031
1186 2278
1368 1186
1775 1368
309 1775
2042 309
2476 2042
901 2476
2198 901
99 2198
2449 99
2150 2449
2279 2150
1283 2279
2711 1283
1497 2711
2496 1497
881 2496
1230 881
957 1230
95 957
320 95
2642 320
492 2642
717 492
2532 717
466 2532
2475 466
967 2475
966 967
1217 966
1700 1217
194 1700
2721 194
2664 2721
347 2664
2630 347
2293 2630
1570 2293
621 1570
2380 621
955 2380
2482 955
487 2482
256 487
1109 256
488 1109
834 488
226 834
2748 226
1116 2748
1317 1116
161 1317
1843 161
1653 1843
1395 1653
986 1395
333 986
1134 333
2357 1134
311 2357
489 311
840 489
2456 840
2559 2456
1112 2559
2483 1112
2992 2483
779 2992
1754 779
761 1754
1099 761
985 1099
2853 985
1066 2853
2271 1066
846 2271
2577 846
158 2577
2379 158
1737 2379
1697 1737
1650 1697
2569 1650
216 2569
907 216
2785 907
2489 2785
597 2489
927 597
2501 927
1460 2501
496 1460
590 496
1972 590
534 1972
1396 534
1378 1396
2490 1378
258 2490
1587 258
1452 1587
2228 1452
2375 2228
465 2375
2839 465
1855 2839
722 1855
659 722
1342 659
1218 1342
2626 1218
668 2626
385 668
1239 385
1766 1239
1347 1766
2417 1347
1871 2417
947 1871
681 947
1457 681
2188 1457
1324 2188
2172 1324
1095 2172
2226 1095
673 2226
2005 673
1491 2005
1052 1491
2138 1052
2774 2138
2361 2774
1488 2361
2420 1488
2428 2420
2055 2428
2464 2055
2250 2464
710 2250
33 710
2850 33
2469 2850
794 2469
2049 794
1397 2049
482 1397
1216 482
299 1216
2967 299
296 2967
321 296
2915 321
2610 2915
733 2610
528 733
2698 528
607 2698
958 607
2201 958
602 2201
946 602
430 946
1064 430
677 1064
1143 677
2318 1143
1668 2318
1704 1668
1601 1704
2265 1601
1478 2265
2654 1478
1899 2654
741 1899
2351 741
500 2351
342 500
421 342
2837 421
1635 2837
2471 1635
889 2471
1032 889
63 1032
2906 63
2705 2906
2196 2705
768 2196
2752 768
2810 2752
603 2810
2109 603
1605 2109
2985 1605
304 2985
571 304
2499 571
1154 2499
2817 1154
2656 2817
2319 2656
745 2319
2586 745
1453 2586
2959 1453
1943 2959
1945 1943
1407 1945
388 1407
1364 388
92 1364
1545 92
1486 1545
548 1486
2056 548
2346 2056
1393 2346
1805 1393
1715 1805
2888 1715
1739 2888
1321 1739
784 1321
743 784
266 743
2438 266
612 2438
30 612
1382 30
617 1382
1556 617
1132 1556
2747 1132
2047 2747
1666 2047
1951 1666
2082 1951
2202 2082
553 2202
2988 553
306 2988
2681 306
2310 2681
1917 2310
1443 1917
150 1443
1174 150
2467 1174
1072 2467
2369 1072
462 2369
766 462
2285 766
627 2285
116 627
2163 116
1990 2163
1736 1990
2878 1736
211 2878
1413 211
483 1413
1033 483
449 1033
45 449
1508 45
2628 1508
2035 2628
2087 2035
2612 2087
2949 2612
17 2949
2728 17
820 2728
1694 820
1128 1694
1901 1128
1812 1901
2835 1812
1007 2835
1565 1007
2583 1565
1265 2583
2579 1265
544 2579
1979 544
378 1979
1450 378
1207 1450
265 1207
411 265
392 411
1242 392
1575 1242
1680 1575
2686 1680
1509 2686
1380 1509
2692 1380
1243 2692
630 1243
126 630
941 126
1515 941
1341 1515
2822 1341
171 2822
2423 171
2966 2423
319 2966
2124 319
1729 2124
2323 1729
1038 2323
543 1038
207 543
2805 207
989 2805
2036 989
447 2036
2917 447
1498 2917
1030 1498
1144 1030
169 1144
481 169
2807 481
1079 2807
2510 1079
2973 2510
2512 2973
830 2512
1896 830
1829 1896
198 1829
2712 198
2392 2712
2424 2392
635 2424
550 635
2257 550
788 2257
257 788
2529 257
1686 2529
108 1686
515 108
1351 515
2460 1351
1060 2460
2800 1060
1956 2800
6 1956
1669 6
79 1669
386 79
1938 386
838 1938
1964 838
2141 1964
1429 2141
944 1429
1987 944
1422 1987
1919 1422
1257 1919
1563 1257
2050 1563
1235 2050
2781 1235
1315 2781
935 1315
956 935
1993 956
2433 1993
1131 2433
2643 1131
2855 2643
1503 2855
451 1503
593 451
1151 593
238 1151
307 238
1961 307
2027 1961
1980 2027
2580 1980
1299 2580
253 1299
1390 253
2587 1390
1933 2587
2921 1933
2525 2921
1433 2525
776 1433
949 776
2671 949
125 2671
2101 125
878 2101
2421 878
2064 2421
748 2064
1973 748
1462 1973
642 1462
2954 642
231 2954
2180 231
322 2180
2106 322
2509 2106
2051 2509
1310 2051
892 1310
1572 892
1162 1572
2924 1162
666 2924
2892 666
973 2892
2796 973
809 2796
383 809
199 383
795 199
875 795
2669 875
792 2669
2261 792
922 2261
1792 922
718 1792
2439 718
1035 2439
2387 1035
1055 2387
346 1055
1254 346
615 1254
105 615
2121 105
696 2121
2595 696
1904 2595
2002 1904
1939 2002
2444 1939
770 2444
1858 770
141 1858
80 141
188 80
2478 188
1322 2478
1215 1322
1756 1215
1271 1756
1880 1271
723 1880
637 723
2797 637
1085 2797
2600 1085
2110 2600
689 2110
2614 689
1092 2614
303 1092
868 303
865 868
422 865
439 422
1969 439
1548 1969
1746 1548
2030 1746
882 2030
1974 882
1070 1974
2659 1070
1879 2659
911 1879
250 911
2713 250
2069 2713
264 2069
595 264
960 595
1920 960
2544 1920
1889 2544
1758 1889
243 1758
1482 243
2927 1482
618 2927
537 618
1103 537
1117 1103
373 1117
851 373
97 851
2521 97
415 2521
2059 415
316 2059
1996 316
2022 1996
206 2022
974 206
1724 974
459 1724
2297 459
1936 2297
1374 1936
1708 1374
400 1708
811 400
1530 811
1266 1530
559 1266
2844 559
1292 2844
970 1292
900 970
714 900
37 714
78 37
2905 78
2653 2905
2766 2653
219 2766
1328 219
706 1328
1358 706
1922 1358
1507 1922
2696 1507
1036 2696
1868 1036
1286 1868
2523 1286
1136 2523
2204 1136
2431 2204
523 2431
34 523
1846 34
2232 1846
819 2232
2729 819
1331 2729
1684 1331
589 1684
1885 589
475 1885
2001 475
1466 2001
46 1466
1759 46
2611 1759
1220 2611
1745 1220
2960 1745
1541 2960
2166 1541
359 2166
2919 359
716 2919
1842 716
146 1842
48 146
2256 48
829 2256
2451 829
1104 2451
692 1104
452 692
1725 452
1719 1725
2506 1719
539 2506
1068 539
423 1068
1093 423
1906 1093
2091 1906
805 2091
294 805
2854 294
1748 2854
2730 1748
2667 2730
1787 2667
2197 1787
277 2197
1019 277
1740 1019
982 1740
2338 982
2726 2338
1472 2726
52 1472
1444 52
1048 1444
1634 1048
2585 1634
781 2585
2058 781
210 2058
2220 210
520 2220
2192 520
2157 2192
861 2157
2995 861
2987 2995
1232 2987
2345 1232
241 2345
8 241
931 8
318 931
2336 318
2362 2336
381 2362
585 381
2819 585
1598 2819
1598 2275
771 1553
40 771
2078 40
1728 2078
2477 1728
1173 2477
2288 1173
2340 2288
2789 2340
992 2789
1379 992
1122 1379
2592 1122
757 2592
1401 757
1183 1401
796 1183
2707 796
2811 2707
432 2811
697 432
74 697
2267 74
1049 2267
560 1049
632 560
1343 632
2137 1343
1245 2137
329 1245
1495 329
2868 1495
695 2868
1234 695
1629 1234
2071 1629
2399 2071
1371 2399
828 1371
1641 828
1336 1641
2012 1336
694 2012
268 694
2286 268
1771 2286
822 1771
123 822
760 123
763 760
1816 763
2497 1816
734 2497
628 734
1626 628
1338 1626
485 1338
538 485
1088 538
873 1088
2039 873
662 2039
152 662
270 152
519 270
2094 519
2413 2094
315 2413
2758 315
1474 2758
2334 1474
2608 2334
2043 2608
1823 2043
1886 1823
2480 1886
764 2480
2193 764
1200 2193
2554 1200
1228 2554
2393 1228
1285 2393
352 1285
1551 352
1627 1551
2454 1627
903 2454
2268 903
1526 2268
2833 1526
2006 2833
178 2006
2795 178
2231 2795
793 2231
2024 793
2259 2024
2943 2259
1237 2943
153 1237
685 153
461 685
572 461
2897 572
516 2897
1107 516
885 1107
2564 885
1567 2564
2437 1567
2358 2437
1177 2358
2941 1177
2183 2941
1281 2183
1672 1281
1003 1672
2160 1003
1755 2160
2863 1755
2668 2863
117 2668
2419 117
2430 2419
1325 2430
455 1325
2951 455
1726 2951
674 1726
938 674
2142 938
2330 2142
185 2330
1743 185
1057 1743
1878 1057
1337 1878
2084 1337
758 2084
229 758
2225 229
101 2225
994 101
1959 994
1722 1959
1520 1722
1076 1520
2591 1076
2902 2591
904 2902
2385 904
1344 2385
1807 1344
2416 1807
473 2416
913 473
412 913
988 412
491 988
2442 491
720 2442
1058 720
691 1058
2441 691
2209 2441
2102 2209
2299 2102
2200 2299
2281 2200
2238 2281
1915 2238
2815 1915
652 2815
1876 652
735 1876
2181 735
2874 2181
147 2874
349 147
1513 349
2457 1513
2970 2457
428 2970
2491 428
857 2491
334 857
2641 334
1562 2641
2403 1562
724 2403
860 724
996 860
568 996
558 568
85 558
2958 85
128 2958
340 128
1198 340
1794 1198
1861 1794
1935 1861
1783 1935
410 1783
2883 410
1046 2883
269 1046
495 269
2402 495
1014 2402
1108 1014
2440 1108
586 2440
2353 586
1864 2353
836 1864
434 836
584 434
1623 584
2341 1623
950 2341
814 950
2313 814
2710 2313
1539 2710
1012 1539
2311 1012
281 2311
606 281
1025 606
18 1025
2262 18
2468 2262
66 2468
639 66
1573 639
926 1573
345 926
345 1516
457 1698
2355 457
282 2355
2034 282
1872 2034
190 1872
1309 190
382 1309
1916 382
2040 1916
2465 2040
2581 2465
2377 2581
2645 2377
1860 2645
444 1860
261 444
1398 261
1898 1398
2236 1898
2388 2236
2842 2388
2074 2842
2778 2074
36 2778
2208 36
2746 2208
280 2746
2993 280
369 2993
930 369
2229 930
28 2229
27 28
446 27
2978 446
650 2978
234 650
138 234
2217 138
1971 2217
338 1971
1227 338
928 1227
754 928
863 754
1595 863
2374 1595
1649 2374
2972 1649
1911 2972
1250 1911
619 1250
56 619
816 56
236 816
1559 236
1822 1559
2152 1822
2618 2152
2053 2618
2515 2053
2063 2515
1963 2063
984 1963
1877 984
2127 1877
2953 2127
2879 2953
1505 2879
2187 1505
137 2187
2248 137
15 2248
1435 15
2652 1435
154 2652
2191 154
218 2191
2763 218
1874 2763
1372 1874
1037 1372
1156 1037
1582 1156
2350 1582
896 2350
2526 896
753 2526
2254 753
2463 2254
2366 2463
2066 2366
1133 2066
2834 1133
2364 2834
1212 2364
2969 1212
785 2969
203 785
111 203
664 111
2709 664
1062 2709
705 1062
2576 705
1818 2576
1502 1818
2788 1502
591 2788
1490 591
1997 1490
2604 1997
2425 2604
1473 2425
1804 1473
1451 1804
529 1451
1859 529
1209 1859
1203 1209
1844 1203
951 1844
1780 951
2237 1780
2156 2237
1968 2156
780 1968
1264 780
1178 1264
2773 1178
541 2773
2955 541
1727 2955
2194 1727
418 2194
2638 418
82 2638
1566 82
2981 1566
806 2981
653 806
671 653
1568 671
1839 1568
2405 1839
968 2405
2214 968
1335 2214
651 1335
2613 651
453 2613
721 453
227 721
971 227
1381 971
1985 1381
1190 1985
2989 1190
1679 2989
2772 1679
394 2772
350 394
680 350
2938 680
964 2938
2683 964
1077 2683
2057 1077
2400 2057
278 2400
2572 278
1584 2572
2754 1584
577 2754
1663 577
2015 1663
2907 2015
3 2907
644 3
1043 644
2111 1043
1272 2111
713 1272
1580 713
2007 1580
2054 2007
1426 2054
1602 1426
1489 1602
1827 1489
2168 1827
2910 2168
1536 2910
908 1536
1975 908
297 1975
2466 297
1459 2466
542 1459
2821 542
1731 2821
2147 1731
2582 2147
2724 2582
2371 2724
2718 2371
2503 2718
1240 2503
1204 1240
826 1204
1714 826
1196 1714
2894 1196
1718 2894
2663 1718
477 2663
756 477
839 756
1311 839
2753 1311
831 2753
670 831
1419 670
678 1419
1865 678
2376 1865
1176 2376
2527 1176
393 2527
2700 393
1013 2700
2593 1013
624 2593
1665 624
96 1665
440 96
2566 440
1994 2566
1994 1516
1139 200
1184 1139
325 1184
1821 325
2909 1821
2762 2909
1875 2762
1965 1875
2325 1965
1645 2325
479 1645
2545 479
638 2545
614 638
175 614
1561 175
2500 1561
920 2500
1734 920
1925 1734
2983 1925
155 2983
2699 155
109 2699
2117 109
2115 2117
1 2115
575 1
2624 575
247 2624
2207 247
2925 2207
2308 2925
2434 2308
1569 2434
2831 1569
1937 2831
1348 1937
1096 1348
237 1096
730 237
1577 730
2562 1577
314 2562
502 314
2570 502
1986 2570
574 1986
2725 574
398 2725
688 398
348 688
2373 348
104 2373
1360 104
335 1360
2891 335
1593 2891
1431 1593
1532 1431
1992 1532
1041 1992
2632 1041
64 2632
2601 64
1707 2601
2004 1707
2606 2004
965 2606
2354 965
742 2354
330 742
952 330
1461 952
1630 1461
2939 1630
1296 2939
2609 1296
1323 2609
2556 1323
498 2556
2216 498
1751 2216
1851 1751
824 1851
1415 824
842 1415
657 842
1411 657
1955 1411
476 1955
1465 476
131 1465
2908 131
2996 2908
1810 2996
235 1810
2893 235
1045 2893
1893 1045
223 1893
862 223
729 862
2273 729
2023 2273
1188 2023
2076 1188
620 2076
1208 620
2481 1208
1127 2481
2391 1127
1424 2391
2851 1424
2691 2851
1199 2691
554 1199
1660 554
749 1660
2096 749
2122 2096
1293 2122
2307 1293
469 2307
2803 469
1493 2803
1464 1493
1197 1464
1947 1197
1224 1947
88 1224
1263 88
1958 1263
1934 1958
1732 1934
2735 1732
609 2735
2185 609
932 2185
1023 932
2301 1023
1471 2301
1182 1471
456 1182
13 456
1521 13
1034 1521
2415 1034
2120 2415
1051 2120
2407 1051
2485 2407
38 2485
2627 38
2957 2627
2890 2957
1793 2890
2560 1793
2304 2560
2979 2304
2808 2979
493 2808
2429 493
1370 2429
738 1370
2541 738
2649 2541
2037 2649
1090 2037
1785 1090
1098 1785
98 1098
2264 98
1762 2264
1542 1762
1047 1542
1377 1047
876 1377
16 876
1211 16
2926 1211
1769 2926
2272 1769
518 2272
1118 518
2984 1118
877 2984
308 877
1247 308
120 1247
2080 120
2363 2080
406 2363
866 406
2213 866
2977 2213
2994 2977
1011 2994
2145 1011
893 2145
2205 893
1749 2205
2666 1749
1824 2666
1008 1824
1882 1008
1798 1882
1652 1798
1701 1652
1440 1701
2911 1440
648 2911
1690 648
2706 1690
298 2706
1086 298
145 1086
2129 145
1367 2129
380 1367
874 380
2787 874
600 2787
1903 600
2089 1903
44 2089
1280 44
2118 1280
707 2118
2161 707
588 2161
1392 588
2182 1392
1082 2182
1137 1082
1640 1137
2956 1640
2623 2956
409 2623
409 942
32 2275
364 32
1683 364
2026 1683
746 2026
248 746
1304 248
1685 1304
700 1685
183 700
1610 183
1873 1610
12 1873
625 12
291 625
2222 291
2446 2222
1301 2446
2827 1301
1678 2827
506 1678
1659 506
1826 1659
21 1826
626 21
1255 626
2866 1255
1363 2866
1788 1363
1303 1788
1056 1303
1514 1056
1578 1514
2651 1578
1353 2651
804 1353
2130 804
2563 2130
2717 2563
1967 2717
2093 1967
2687 2093
1148 2687
1153 1148
1654 1153
1910 1654
2162 1910
1160 2162
2395 1160
2397 2395
2843 2397
2010 2843
737 2010
2349 737
494 2349
288 494
679 288
283 679
2289 283
2655 2289
848 2655
1388 848
1436 1388
71 1436
262 71
389 262
2252 389
29 2252
1172 29
827 1172
1884 827
164 1884
1094 164
2590 1094
890 2590
53 890
1527 53
436 1527
1531 436
1670 1531
1905 1670
940 1905
2962 940
11 2962
953 11
799 953
767 799
1535 767
1069 1535
75 1069
2533 75
1891 2533
2727 1891
2143 2727
2070 2143
1776 2070
1909 1776
2622 1909
511 2622
1611 511
1613 1611
310 1613
1589 310
1480 1589
683 1480
2212 683
1169 2212
879 1169
2173 879
1383 2173
1210 1383
443 1210
403 443
1802 403
1791 1802
435 1791
2896 435
2780 2896
2171 2780
2542 2171
2098 2542
156 2098
1705 156
1277 1705
2432 1277
2333 2432
655 2333
2044 655
2048 2044
872 2048
2033 872
1830 2033
2848 1830
1895 2848
1313 1895
1042 1313
2760 1042
654 2760
1078 654
1273 1078
2136 1273
2290 2136
2584 2290
1757 2584
1251 1757
800 1251
1599 800
2598 1599
1585 2598
2406 1585
2116 2406
2332 2116
2246 2332
608 2246
658 608
140 658
1946 140
2670 1946
2974 2670
1730 2974
991 1730
1181 991
1454 1181
295 1454
1059 295
1631 1059
133 1631
1010 133
924 1010
1636 924
2605 1636
339 2605
260 339
1386 260
245 1386
463 245
1881 463
2809 1881
1841 2809
1978 1841
2164 1978
1658 2164
812 1658
2676 812
1050 2676
719 1050
119 719
2504 119
271 2504
2317 271
1129 2317
1307 1129
2882 1307
665 2882
1519 665
1015 1519
233 1015
2830 233
1581 2830
514 1581
1675 514
292 1675
2140 292
1501 2140
2679 1501
1449 2679
1006 1449
2104 1006
2561 2104
2574 2561
801 2574
438 801
254 438
2095 254
972 2095
2639 972
918 2639
2616 918
2756 2616
1441 2756
923 1441
1840 923
808 1840
2546 808
1124 2546
1808 1124
470 1808
1282 470
2410 1282
1544 2410
726 1544
1463 726
1524 1463
1373 1524
2646 1373
747 2646
2505 747
285 2505
2032 285
2032 942
2537 1516
2240 2537
777 2240
2812 777
1275 2812
480 1275
2768 480
1772 2768
2708 1772
72 2708
1801 72
1735 1801
2327 1735
2302 2327
2870 2302
2498 2870
1394 2498
58 1394
1089 58
880 1089
2531 880
1586 2531
2329 1586
1326 2329
2487 1326
2793 2487
61 2793
2175 61
1195 2175
2731 1195
2765 2731
2555 2765
1416 2555
1083 1416
2025 1083
65 2025
86 65
2660 86
2784 2660
1677 2784
2548 1677
790 2548
787 790
601 787
181 601
157 181
67 157
110 67
557 110
2518 557
135 2518
1615 135
458 1615
894 458
1612 894
993 1612
936 993
62 936
2178 62
2540 2178
1155 2540
1287 1155
433 1287
906 433
1040 906
791 1040
143 791
2452 143
755 2452
2794 755
2077 2794
2119 2077
2455 2119
2947 2455
2114 2947
1806 2114
531 1806
2607 531
1269 2607
305 1269
1362 305
2241 1362
517 2241
562 517
1795 562
762 1795
2239 762
1574 2239
954 1574
1831 954
2343 1831
1583 2343
1020 1583
1633 1020
1262 1633
1376 1262
1558 1376
1477 1558
2291 1477
1638 2291
317 1638
2674 317
1856 2674
2931 1856
888 2931
2933 888
750 2933
2396 750
1696 2396
1487 1696
2243 1487
2112 2243
1369 2112
1456 1369
202 1456
2633 202
2352 2633
1944 2352
2233 1944
884 2233
370 884
871 370
2320 871
25 2320
312 25
1784 312
112 1784
1676 112
2976 1676
2450 2976
1499 2450
2767 1499
2986 2767
1834 2986
362 1834
1276 362
2588 1276
1332 2588
1950 1332
2538 1950
998 2538
587 998
1699 587
42 1699
464 42
1159 464
1837 1159
1241 1837
2103 1241
1126 2103
2865 1126
728 2865
353 728
2234 353
1744 2234
739 1744
2113 739
1606 2113
2813 1606
35 2813
1765 35
54 1765
2777 54
883 2777
675 883
324 675
997 324
2046 997
2685 2046
2008 2685
1555 2008
1918 1555
1709 1918
1768 1709
355 1768
772 355
1028 772
611 1028
1246 611
2775 1246
669 2775
1470 669
2814 1470
4 2814
2719 4
7 2719
1643 7
773 1643
2383 773
2738 2383
2258 2738
508 2258
2648 508
867 2648
2314 867
205 2314
1720 205
1029 1720
2755 1029
1913 2755
87 1913
2411 87
1009 2411
2575 1009
2693 2575
1596 2693
167 1596
2836 167
686 2836
1813 686
1180 1813
555 1180
2650 555
144 2650
540 144
855 540
2247 855
163 2247
2889 163
1278 2889
1485 1278
1375 1485
1252 1375
252 1252
1244 252
103 1244
1225 103
372 1225
1468 372
1366 1468
1308 1366
19 1308
217 19
634 217
209 634
2715 209
789 2715
2159 789
2675 2159
1004 2675
1989 1004
1547 1989
1135 1547
1628 1135
859 1628
636 859
275 636
2028 275
1673 2028
2940 1673
702 2940
2599 702
1005 2599
929 1005
962 929
2825 962
450 2825
1158 450
2218 1158
59 2218
1279 59
818 1279
5 818
1815 5
1201 1815
416 1201
1359 416
564 1359
2849 564
1693 2849
1820 1693
825 1820
1619 825
417 1619
2798 417
1948 2798
499 1948
1883 499
2801 1883
246 2801
2215 246
1721 2215
2324 1721
1682 2324
898 1682
1689 898
60 1689
504 60
148 504
2602 148
551 2602
845 551
1140 845
1418 1140
605 1418
850 605
1778 850
2427 1778
1071 2427
1119 1071
26 1119
1145 26
774 1145
2603 774
2733 2603
1384 2733
222 1384
797 222
2443 797
2065 2443
242 2065
660 242
1706 660
2895 1706
2206 2895
2846 2206
1115 2846
530 1115
1256 530
917 1256
1571 917
604 1571
945 604
1171 945
2860 1171
2292 2860
1320 2292
1300 1320
1021 1300
1845 1021
1902 1845
2086 1902
2306 2086
1782 2306
556 1782
1448 556
2014 1448
168 2014
2948 168
1781 2948
2975 1781
2131 2975
2224 2131
1319 2224
267 1319
647 267
2597 647
1091 2597
1952 1091
631 1952
1892 631
915 1892
1484 915
1607 1484
1289 1607
1437 1289
1206 1437
1741 1206
1853 1741
174 1853
2105 174
2619 2105
1114 2619
1941 1114
1417 1941
166 1417
2723 166
1097 2723
1193 1097
2235 1193
2701 2235
704 2701
2295 704
379 2295
2918 379
1101 2918
2176 1101
2875 2176
1814 2875
2743 1814
23 2743
963 23
2211 963
2567 2211
2507 2567
1428 2507
2873 1428
420 2873
14 420
2085 14
1467 2085
118 1467
1622 118
365 1622
2210 365
579 2210
769 579
2133 769
1639 2133
1442 1639
1479 1442
1075 1479
2370 1075
1777 2370
1809 1777
1656 1809
2041 1656
2062 2041
2862 2062
2414 2862
1590 2414
1294 1590
73 1294
1799 73
2695 1799
1819 2695
2386 1819
1302 2386
1248 1302
1406 1248
9 1406
2702 9
775 2702
1194 775
2886 1194
195 2886
2742 195
301 2742
2734 301
39 2734
1995 39
2744 1995
402 2744
1908 402
2982 1908
870 2982
2099 870
2195 2099
425 2195
1711 425
2021 1711
592 2021
1027 592
1887 1027
2881 1887
895 2881
841 895
2309 841
1166 2309
1494 1166
2776 1494
197 2776
1147 197
886 1147
1632 886
1576 1632
732 1576
1402 732
1258 1402
2390 1258
2631 2390
467 2631
1767 467
2223 1767
1481 2223
2020 1481
2128 2020
1233 2128
1354 1233
1747 1354
387 1747
1512 387
189 1512
1191 189
251 1191
1061 251
302 1061
2274 302
1434 2274
1667 1434
351 1667
2230 351
51 2230
2073 51
287 2073
2929 287
578 2929
2636 578
413 2636
2534 413
2270 2534
107 2270
1399 107
1833 1399
2072 1833
2448 2072
41 2448
2378 41
215 2378
437 215
2088 437
1803 2088
2316 1803
1016 2316
910 1016
1982 910
1238 1982
404 1238
1549 404
1168 1549
1862 1168
1863 1862
821 1863
736 821
2335 736
2761 2335
1492 2761
2617 1492
708 2617
127 708
367 127
276 367
1848 276
2326 1848
1790 2326
1389 1790
2804 1389
2536 2804
687 2536
2578 687
1954 2578
1742 1954
2011 1742
1552 2011
172 1552
344 172
1222 344
1604 1222
2964 1604
1410 2964
1695 1410
1960 1695
121 1960
1761 121
1537 1761
1141 1537
1617 1141
703 1617
1525 703
2365 1525
1942 2365
1438 1942
2621 1438
599 2621
374 599
1149 374
2344 1149
2565 2344
2146 2565
524 2146
2739 524
2502 2739
1219 2502
1835 1219
1564 1835
1164 1564
187 1164
2661 187
1329 2661
2524 1329
2169 2524
290 2169
2749 290
2782 2749
1226 2782
2100 1226
844 2100
2339 844
1912 2339
173 1912
1412 173
2436 1412
712 2436
2038 712
731 2038
139 731
2149 139
1597 2149
1710 1597
1163 1710
1671 1163
160 1671
2880 160
2294 2880
1345 2294
837 1345
1760 837
1763 1760
1624 1763
752 1624
509 752
2991 509
2936 2991
1646 2936
2174 1646
414 2174
2016 414
83 2016
1455 83
2461 1455
1661 2461
909 1661
323 909
1229 323
1318 1229
1065 1318
2528 1065
905 2528
1770 905
854 1770
1179 854
240 1179
2158 240
2009 2158
1522 2009
2473 1522
2764 2473
1970 2764
2689 1970
1259 2689
2928 1259
293 2928
22 293
2148 22
1026 2148
1352 1026
2791 1352
2553 2791
2522 2553
2522 942
1553 200 2111
2275 1698 2024
