2048 3000
1887 1371
1371 1390
1390 1344
1344 1882
1882 180
180 1288
1288 687
687 849
849 530
530 1604
1604 1365
1365 1094
1094 1011
1011 129
129 1353
1353 509
509 1168
1168 825
825 914
914 877
877 95
95 241
241 1294
1294 310
310 1990
1990 638
638 1422
1422 1462
1462 1251
1251 1058
1058 811
811 154
154 1024
1024 1514
1514 1443
1443 750
750 558
558 678
678 457
457 1147
1147 616
616 1723
1723 2026
2026 1645
1645 2010
2010 1809
1809 500
500 823
823 807
807 1692
1692 1627
1627 424
424 739
739 1733
1733 1631
1631 495
495 1590
1590 1385
1385 460
460 151
151 504
504 45
45 317
317 619
619 1479
1479 584
584 1635
1635 1543
1543 122
122 51
51 377
377 280
280 440
440 1477
1477 657
657 1301
1301 119
119 717
717 644
644 1956
1956 1513
1513 227
227 1558
1558 540
540 1574
1574 912
912 1948
1948 1492
1492 1228
1228 1350
1350 423
423 1472
1472 405
405 1915
1915 1430
1430 796
796 1791
1791 1380
1380 741
741 977
977 1747
1747 103
103 1245
1245 650
650 814
814 590
590 812
812 1415
1415 1967
1967 1348
1348 649
649 927
927 1707
1707 1252
1252 1624
1624 783
783 1587
1587 1143
1143 1629
1629 2037
2037 1457
1457 501
501 990
990 1152
1152 1177
1177 1337
1337 525
525 1322
1322 1955
1955 1824
1824 546
546 719
719 1275
1275 742
742 72
72 602
602 965
965 1951
1951 200
200 301
301 256
256 1261
1261 1557
1557 1468
1468 1194
1194 567
567 1888
1888 1524
1524 918
918 1277
1277 1397
1397 673
673 143
143 1999
1999 1710
1710 1394
1394 907
907 587
587 1633
1633 203
203 1542
1542 1533
1533 1799
1799 831
831 1608
1608 706
706 632
632 736
736 1583
1583 1129
1129 78
78 1110
1110 403
403 480
480 1748
1748 1398
1398 90
90 1049
1049 711
711 3
3 1614
1614 967
967 598
598 1763
1763 2005
2005 961
961 1178
1178 1517
1517 1806
1806 527
527 1848
1848 1928
1928 560
560 793
793 1059
1059 1662
1662 1135
1135 1686
1686 1113
1113 1820
1820 117
117 220
220 954
954 981
981 186
186 1844
1844 1276
1276 1424
1424 1384
1384 1244
1244 1445
1445 15
15 23
23 1204
1204 399
399 931
931 1520
1520 449
449 1916
1916 1743
1743 455
455 1075
1075 433
433 1836
1836 1927
1927 491
491 1637
1637 1811
1811 1161
1161 1068
1068 552
552 465
465 1734
1734 973
973 116
116 1979
1979 1880
1880 1069
1069 947
947 1254
1254 2024
2024 91
91 848
848 1563
1563 389
389 1165
1165 550
550 383
383 533
533 506
506 1419
1419 1238
1238 86
86 1628
1628 636
636 1754
1754 197
197 1183
1183 1966
1966 909
909 1452
1452 1612
1612 1555
1555 372
372 1708
1708 920
920 1174
1174 1630
1630 282
282 1907
1907 690
690 724
724 187
187 1908
1908 968
968 1461
1461 393
393 1547
1547 806
806 1591
1591 859
859 98
98 544
544 219
219 1777
1777 593
593 452
452 1046
1046 456
456 1808
1808 169
169 1783
1783 1683
1683 1410
1410 1370
1370 1097
1097 290
290 1163
1163 1559
1559 262
262 1503
1503 471
471 1329
1329 88
88 935
935 565
565 494
494 1509
1509 1267
1267 1460
1460 1512
1512 886
886 9
9 680
680 864
864 916
916 1544
1544 1151
1151 83
83 738
738 112
112 1285
1285 571
571 1695
1695 1671
1671 277
277 1599
1599 1333
1333 1620
1620 182
182 397
397 346
346 1402
1402 74
74 865
865 311
311 478
478 1339
1339 817
817 932
932 1349
1349 765
765 52
52 557
557 2
2 625
625 1919
1919 911
911 292
292 38
38 107
107 999
999 1396
1396 148
148 1717
1717 2034
2034 688
688 1124
1124 1260
1260 67
67 731
731 1681
1681 1310
1310 289
289 338
338 137
137 517
517 1418
1418 1270
1270 1455
1455 1377
1377 957
957 1264
1264 1048
1048 784
784 1086
1086 1282
1282 1603
1603 1042
1042 1408
1408 1729
1729 1584
1584 414
414 235
235 938
938 1718
1718 53
53 1225
1225 569
569 915
915 1939
1939 1197
1197 607
607 1947
1947 421
421 1026
1026 1817
1817 917
917 1828
1828 1031
1031 352
352 56
56 355
355 829
829 1735
1735 610
610 646
646 435
435 1066
1066 369
369 1949
1949 887
887 1511
1511 1685
1685 1840
1840 175
175 1198
1198 406
406 1387
1387 73
73 1102
1102 1340
1340 85
85 1903
1903 125
125 1139
1139 316
316 1019
1019 1495
1495 1688
1688 113
113 656
656 76
76 192
192 681
681 179
179 1871
1871 767
767 594
594 624
624 655
655 69
69 308
308 2002
2002 815
815 675
675 1175
1175 692
692 609
609 614
614 956
956 1098
1098 1500
1500 100
100 58
58 537
537 1607
1607 1619
1619 588
588 1389
1389 1937
1937 139
139 758
758 12
12 61
61 1125
1125 275
275 1361
1361 892
892 1025
1025 1105
1105 832
832 1044
1044 1176
1176 1087
1087 1911
1911 1617
1617 779
779 510
510 1312
1312 1002
1002 1655
1655 163
163 1849
1849 248
248 1507
1507 1605
1605 944
944 199
199 1099
1099 1488
1488 626
626 1552
1552 1286
1286 840
840 1893
1893 1889
1889 64
64 2041
2041 1722
1722 591
591 1958
1958 159
159 174
174 1988
1988 790
790 238
238 1231
1231 42
42 1269
1269 635
635 1304
1304 47
47 239
239 1070
1070 919
919 425
425 1775
1775 1114
1114 1833
1833 1523
1523 1030
1030 127
127 27
27 1649
1649 800
800 1818
1818 1516
1516 781
781 785
785 166
166 658
658 1263
1263 1642
1642 1861
1861 538
538 1010
1010 13
13 412
412 155
155 1433
1433 288
288 1998
1998 1237
1237 2019
2019 1890
1890 2028
2028 1593
1593 115
115 110
110 1884
1884 1164
1164 334
334 733
733 756
756 721
721 146
146 1878
1878 226
226 172
172 1829
1829 995
995 492
492 575
575 1109
1109 592
592 1796
1796 1404
1404 2046
2046 1208
1208 1160
1160 30
30 1271
1271 270
270 665
665 1128
1128 845
845 1401
1401 284
284 900
900 25
25 611
611 715
715 1486
1486 194
194 844
844 442
442 114
114 835
835 2007
2007 375
375 536
536 1910
1910 545
545 1737
1737 1972
1972 459
459 826
826 730
730 629
629 752
752 1728
1728 46
46 1873
1873 1774
1774 333
333 808
808 830
830 1664
1664 1745
1745 1945
1945 934
934 479
479 1575
1575 345
345 2030
2030 356
356 218
218 463
463 1853
1853 469
469 77
77 1482
1482 124
124 1994
1994 1311
1311 1321
1321 1411
1411 385
385 630
630 578
578 639
639 1343
1343 466
466 2043
2043 488
488 1141
1141 1856
1856 1376
1376 889
889 1081
1081 1790
1790 481
481 874
874 1089
1089 390
390 1354
1354 959
959 165
165 747
747 1320
1320 929
929 998
998 685
685 14
14 87
87 225
225 898
898 1636
1636 365
365 1104
1104 1954
1954 147
147 1342
1342 1716
1716 695
695 1036
1036 202
202 1753
1753 1015
1015 1040
1040 1970
1970 327
327 871
871 1235
1235 863
863 1056
1056 1215
1215 55
55 1273
1273 2014
2014 1375
1375 1485
1485 712
712 751
751 1877
1877 396
396 1279
1279 258
258 945
945 1064
1064 732
732 970
970 28
28 1834
1834 249
249 585
585 1497
1497 1378
1378 939
939 472
472 535
535 1610
1610 1399
1399 1034
1034 300
300 1414
1414 1447
1447 925
925 1498
1498 1449
1449 1663
1663 1952
1952 96
96 1691
1691 222
222 48
48 1839
1839 1374
1374 976
976 358
358 586
586 882
882 1562
1562 131
131 307
307 1576
1576 1934
1934 162
162 1487
1487 870
870 1983
1983 1987
1987 216
216 1073
1073 897
897 691
691 856
856 1570
1570 1508
1508 1762
1762 1180
1180 983
983 640
640 703
703 108
108 1438
1438 791
791 1000
1000 1594
1594 2033
2033 1436
1436 641
641 294
294 553
553 1319
1319 1234
1234 1751
1751 205
205 1766
1766 820
820 2013
2013 314
314 1589
1589 201
201 1858
1858 210
210 1807
1807 1977
1977 350
350 1356
1356 102
102 374
374 259
259 206
206 1787
1787 1416
1416 299
299 1409
1409 318
318 1960
1960 1640
1640 1490
1490 54
54 1328
1328 1158
1158 529
529 1082
1082 371
371 502
502 2047
2047 930
930 1660
1660 341
341 1969
1969 1765
1765 1929
1929 1561
1561 754
754 328
328 1527
1527 1536
1536 707
707 1335
1335 1826
1826 1290
1290 1092
1092 1072
1072 1451
1451 1476
1476 802
802 142
142 1391
1391 1444
1444 833
833 702
702 212
212 1721
1721 875
875 1196
1196 1182
1182 1541
1541 1976
1976 296
296 1886
1886 1051
1051 1047
1047 285
285 1992
1992 378
378 1568
1568 1779
1779 1283
1283 247
247 1131
1131 1473
1473 818
818 409
409 737
737 1028
1028 340
340 2011
2011 1481
1481 1006
1006 1789
1789 1242
1242 923
923 1926
1926 190
190 171
171 1318
1318 1781
1781 221
221 477
477 1739
1739 1622
1622 458
458 561
561 618
618 164
164 402
402 1643
1643 896
896 319
319 1154
1154 1724
1724 473
473 1842
1842 1373
1373 568
568 420
420 576
576 728
728 1827
1827 1573
1573 21
21 928
928 1253
1253 769
769 843
843 819
819 230
230 1259
1259 1209
1209 1814
1814 1938
1938 1317
1317 126
126 704
704 804
804 160
160 1812
1812 595
595 1159
1159 1797
1797 505
505 1870
1870 1986
1986 2042
2042 1013
1013 99
99 744
744 1550
1550 1309
1309 1725
1725 1634
1634 89
89 298
298 1822
1822 70
70 417
417 1592
1592 798
798 660
660 978
978 1420
1420 379
379 1091
1091 1810
1810 1078
1078 1330
1330 676
676 309
309 1651
1651 1851
1851 263
263 128
128 580
580 430
430 1675
1675 1773
1773 209
209 924
924 1432
1432 735
735 1395
1395 1920
1920 1529
1529 792
792 1236
1236 1693
1693 515
515 92
92 507
507 123
123 1144
1144 2048
2048 872
872 448
448 952
952 1676
1676 993
993 1923
1923 2025
2025 1579
1579 1654
1654 1071
1071 1968
1968 708
708 392
392 109
109 1101
1101 946
946 189
189 120
120 297
297 1193
1193 1096
1096 748
748 252
252 1483
1483 2008
2008 434
434 1741
1741 1896
1896 1759
1759 1383
1383 1117
1117 562
562 1985
1985 987
987 462
462 60
60 1355
1355 1213
1213 1913
1913 211
211 1218
1218 890
890 1815
1815 612
612 726
726 763
763 1782
1782 1892
1892 1256
1256 489
489 1518
1518 705
705 683
683 753
753 454
454 1595
1595 1875
1875 1726
1726 1625
1625 234
234 1784
1784 514
514 960
960 564
564 1981
1981 782
782 144
144 974
974 1564
1564 869
869 161
161 391
391 431
431 794
794 1793
1793 1093
1093 1803
1803 522
522 1602
1602 1835
1835 135
135 1137
1137 1668
1668 583
583 1214
1214 330
330 991
991 599
599 547
547 1804
1804 698
698 156
156 903
903 1867
1867 2018
2018 972
972 1480
1480 1431
1431 332
332 613
613 1841
1841 384
384 5
5 686
686 955
955 839
839 645
645 1865
1865 795
795 1247
1247 1580
1580 937
937 1331
1331 1715
1715 1484
1484 1794
1794 1995
1995 168
168 867
867 1567
1567 1585
1585 1067
1067 281
281 1021
1021 1898
1898 1673
1673 622
622 1494
1494 1405
1405 647
647 759
759 7
7 1697
1697 837
837 223
223 531
531 245
245 743
743 136
136 237
237 1943
1943 642
642 62
62 727
727 662
662 1616
1616 1678
1678 2000
2000 1665
1665 1427
1427 271
271 772
772 1450
1450 1694
1694 577
577 958
958 670
670 851
851 366
366 2012
2012 1156
1156 764
764 528
528 1744
1744 1690
1690 1272
1272 195
195 1172
1172 855
855 1150
1150 503
503 363
363 873
873 810
810 1776
1776 1876
1876 321
321 720
720 579
579 1307
1307 1306
1306 1293
1293 1709
1709 1521
1521 2045
2045 243
243 1768
1768 1280
1280 780
780 950
950 913
913 1953
1953 1501
1501 37
37 1730
1730 608
608 1268
1268 1326
1326 1917
1917 240
240 1758
1758 1613
1613 312
312 1749
1749 429
429 1586
1586 362
362 1852
1852 1308
1308 1212
1212 279
279 1357
1357 1869
1869 1054
1054 1222
1222 32
32 697
697 621
621 251
251 601
601 1341
1341 2023
2023 487
487 1548
1548 1437
1437 891
891 4
4 1700
1700 979
979 1489
1489 286
286 709
709 1658
1658 447
447 1295
1295 786
786 884
884 1116
1116 1661
1661 1571
1571 1795
1795 905
905 1103
1103 2009
2009 910
910 669
669 1906
1906 1226
1226 94
94 984
984 1300
1300 700
700 942
942 556
556 1080
1080 879
879 1696
1696 1554
1554 1959
1959 1499
1499 1018
1018 208
208 1712
1712 1249
1249 349
349 1868
1868 1922
1922 499
499 1466
1466 2022
2022 989
989 1367
1367 232
232 1448
1448 1403
1403 1838
1838 1470
1470 450
450 1189
1189 722
722 1369
1369 1372
1372 68
68 1546
1546 1441
1441 1162
1162 762
762 606
606 57
57 250
250 1255
1255 141
141 1615
1615 493
493 604
604 1566
1566 474
474 1257
1257 426
426 1601
1601 816
816 1258
1258 254
254 1755
1755 444
444 1801
1801 1475
1475 130
130 63
63 813
813 862
862 267
267 381
381 1327
1327 413
413 337
337 994
994 1292
1292 1532
1532 1029
1029 410
410 1366
1366 1641
1641 104
104 661
661 1666
1666 696
696 1502
1502 422
422 1727
1727 757
757 766
766 1940
1940 1157
1157 1530
1530 1219
1219 278
278 778
778 1644
1644 339
339 559
559 1883
1883 387
387 653
653 1324
1324 1020
1020 1600
1600 936
936 24
24 1991
1991 65
65 1190
1190 755
755 694
694 1074
1074 1429
1429 361
361 1133
1133 1126
1126 1510
1510 20
20 663
663 1538
1538 1132
1132 105
105 953
953 242
242 788
788 1609
1609 689
689 1393
1393 1731
1731 411
411 1771
1771 1879
1879 943
943 2035
2035 386
386 534
534 986
986 39
39 857
857 542
542 432
432 1146
1146 1545
1545 1055
1055 1830
1830 1362
1362 1682
1682 975
975 1426
1426 1941
1941 1980
1980 287
287 1090
1090 1756
1756 603
603 2001
2001 408
408 1572
1572 801
801 1325
1325 1670
1670 969
969 893
893 1874
1874 787
787 1750
1750 1246
1246 348
348 1798
1798 701
701 682
682 1525
1525 1185
1185 1467
1467 198
198 951
951 111
111 376
376 41
41 482
482 1077
1077 1549
1549 1914
1914 1522
1522 1140
1140 933
933 1963
1963 1142
1142 1284
1284 881
881 1778
1778 81
81 373
373 668
668 415
415 551
551 1713
1713 1186
1186 1412
1412 1626
1626 331
331 789
789 10
10 1299
1299 1149
1149 725
725 699
699 1200
1200 1107
1107 1216
1216 620
620 188
188 1210
1210 407
407 760
760 1689
1689 1598
1598 1478
1478 1195
1195 631
631 351
351 436
436 1392
1392 1199
1199 1471
1471 325
325 467
467 1464
1464 1138
1138 1008
1008 964
964 652
652 342
342 347
347 1837
1837 734
734 17
17 438
438 666
666 213
213 1241
1241 1996
1996 2040
2040 850
850 93
93 880
880 1647
1647 1145
1145 1454
1454 1148
1148 265
265 1864
1864 902
902 799
799 718
718 1843
1843 1895
1895 1618
1618 1345
1345 303
303 118
118 1206
1206 295
295 1085
1085 1711
1711 498
498 671
671 2017
2017 1785
1785 634
634 980
980 659
659 1720
1720 1296
1296 549
549 29
29 1453
1453 1359
1359 771
771 1860
1860 908
908 1863
1863 1314
1314 1118
1118 264
264 1569
1569 949
949 899
899 80
80 380
380 1648
1648 1120
1120 1351
1351 1638
1638 497
497 329
329 18
18 1780
1780 1289
1289 1764
1764 1170
1170 1187
1187 866
866 101
101 1632
1632 985
985 305
305 177
177 876
876 204
204 1705
1705 75
75 1336
1336 31
31 904
904 272
272 1813
1813 1417
1417 828
828 1921
1921 217
217 1100
1100 451
451 539
539 1881
1881 335
335 150
150 266
266 1
1 1037
1037 1243
1243 667
667 1232
1232 1805
1805 336
336 1106
1106 1973
1973 1623
1623 2015
2015 233
233 513
513 2020
2020 827
827 729
729 570
570 121
121 354
354 1788
1788 554
554 1005
1005 858
858 654
654 895
895 1540
1540 1701
1701 1305
1305 1672
1672 428
428 178
178 1742
1742 1606
1606 1440
1440 1442
1442 1857
1857 745
745 1897
1897 1761
1761 511
511 1181
1181 1115
1115 1687
1687 134
134 1982
1982 1039
1039 1894
1894 1360
1360 36
36 1001
1001 419
419 35
35 269
269 367
367 343
343 1323
1323 33
33 776
776 1240
1240 49
49 1315
1315 2027
2027 648
648 1400
1400 1581
1581 1925
1925 1050
1050 1831
1831 11
11 1313
1313 140
140 344
344 1974
1974 1531
1531 1757
1757 853
853 1063
1063 1519
1519 1465
1465 416
416 368
368 1832
1832 1993
1993 761
761 370
370 215
215 982
982 138
138 674
674 822
822 770
770 1153
1153 1899
1899 1171
1171 357
357 1265
1265 1134
1134 2003
2003 274
274 1699
1699 1732
1732 183
183 922
922 244
244 1596
1596 1065
1065 861
861 2006
2006 1850
1850 809
809 543
543 1250
1250 836
836 1496
1496 149
149 582
582 1679
1679 173
173 838
838 1407
1407 2004
2004 1463
1463 1053
1053 323
323 1169
1169 1079
1079 921
921 2032
2032 484
484 26
26 1456
1456 1023
1023 740
740 1491
1491 1297
1297 1528
1528 324
324 963
963 2044
2044 1291
1291 894
894 1012
1012 996
996 516
516 293
293 1057
1057 1381
1381 521
521 255
255 1032
1032 106
106 461
461 1230
1230 1767
1767 1108
1108 468
468 841
841 1505
1505 228
228 1924
1924 170
170 1577
1577 1223
1223 1646
1646 6
6 79
79 427
427 1287
1287 1504
1504 1173
1173 1964
1964 184
184 523
523 1033
1033 1316
1316 1656
1656 693
693 714
714 948
948 1425
1425 1201
1201 1931
1931 1303
1303 1900
1900 246
246 315
315 441
441 359
359 1819
1819 541
541 2036
2036 1346
1346 464
464 1364
1364 1905
1905 1684
1684 1217
1217 231
231 1406
1406 257
257 229
229 496
496 59
59 1936
1936 821
821 1045
1045 520
520 400
400 773
773 1188
1188 1866
1866 834
834 1965
1965 768
768 1719
1719 1421
1421 852
852 395
395 1621
1621 574
574 1825
1825 253
253 1382
1382 1961
1961 1386
1386 214
214 152
152 453
453 1221
1221 1770
1770 1016
1016 1535
1535 1752
1752 1885
1885 746
746 1506
1506 445
445 1084
1084 1971
1971 1413
1413 532
532 207
207 84
84 940
940 1872
1872 555
555 490
490 1379
1379 1891
1891 157
157 1800
1800 398
398 1123
1123 988
988 1588
1588 1060
1060 605
605 97
97 19
19 1041
1041 322
322 1347
1347 1639
1639 1007
1007 1469
1469 1667
1667 364
364 1902
1902 1155
1155 132
132 1946
1946 1122
1122 1975
1975 486
486 926
926 145
145 901
901 1229
1229 628
628 774
774 684
684 906
906 1423
1423 1652
1652 1224
1224 1184
1184 475
475 1358
1358 1233
1233 1458
1458 941
941 548
548 360
360 1942
1942 44
44 16
16 176
176 1043
1043 268
268 597
597 677
677 273
273 1334
1334 236
236 1014
1014 1035
1035 1997
1997 775
775 1435
1435 966
966 596
596 824
824 1515
1515 50
50 313
313 34
34 633
633 992
992 1439
1439 304
304 600
600 1823
1823 8
8 1121
1121 664
664 526
526 40
40 1368
1368 302
302 803
803 1459
1459 1786
1786 1984
1984 439
439 1816
1816 1248
1248 196
196 1698
1698 1534
1534 1706
1706 260
260 860
860 1918
1918 1539
1539 519
519 1388
1388 1657
1657 191
191 1560
1560 1855
1855 2031
2031 224
224 997
997 43
43 512
512 962
962 679
679 1772
1772 443
443 1298
1298 1278
1278 1704
1704 1211
1211 888
888 1556
1556 1166
1166 1792
1792 716
716 1227
1227 446
446 566
566 1930
1930 1582
1582 193
193 1076
1076 1846
1846 1537
1537 1935
1935 563
563 1022
1022 623
623 672
672 1714
1714 1239
1239 1738
1738 847
847 1428
1428 615
615 1004
1004 1207
1207 1434
1434 1909
1909 2038
2038 133
133 283
283 185
185 1493
1493 1266
1266 66
66 1962
1962 22
22 572
572 1859
1859 394
394 1332
1332 868
868 1802
1802 2016
2016 2029
2029 388
388 846
846 842
842 1130
1130 643
643 508
508 749
749 2021
2021 1703
1703 1363
1363 573
573 2039
2039 1677
1677 158
158 1702
1702 1669
1669 1262
1262 1179
1179 1950
1950 1932
1932 1978
1978 1944
1944 1769
1769 651
651 353
353 1167
1167 1611
1611 1136
1136 1854
1854 713
713 1446
1446 1111
1111 1352
1352 1088
1088 1205
1205 1191
1191 883
883 1680
1680 1281
1281 1338
1338 485
485 1933
1933 1597
1597 1847
1847 637
637 261
261 1957
1957 483
483 710
710 167
167 1526
1526 1551
1551 71
71 1740
1740 326
326 1553
1553 291
291 518
518 153
153 1062
1062 777
777 382
382 617
617 1202
1202 470
470 181
181 797
797 1989
1989 418
418 404
404 437
437 276
276 1052
1052 1220
1220 971
971 524
524 1862
1862 1565
1565 1038
1038 589
589 1736
1736 1845
1845 1578
1578 1904
1904 1061
1061 1127
1127 1112
1112 401
401 1119
1119 581
581 854
854 1912
1912 1027
1027 1746
1746 723
723 1674
1674 878
878 82
82 1003
1003 805
805 1474
1474 1901
1901 476
476 627
627 1821
1821 1009
1009 1083
1083 1650
1650 1760
1760 306
306 1653
1653 1095
1095 1659
1659 1274
1274 1192
1192 320
320 885
885 1017
1017 1203
1203 1302
920 282
1165 533
848 1238
289 1048
1709 780
1406 496
1784 1564
159 790
1984 1918
763 1892
878 1474
1289 985
660 309
331 1149
149 2004
149 173
983 1436
359 1364
690 806
1234 201
1422 750
542 1146
546 742
1030 27
803 1706
317 440
1344 1604
1254 848
1479 440
1487 1073
866 876
13 1998
144 794
499 450
1334 1997
617 276
1340 113
174 1231
1323 1925
1466 1838
1266 2016
81 789
1718 1026
1190 1510
1848 1662
1517 560
22 1859
1091 676
1465 368
1019 1871
1220 1845
1204 1916
851 1172
1369 57
723 627
725 1107
693 315
67 1418
1760 1659
1067 622
506 636
725 1689
1308 1222
626 840
1796 1271
1079 1528
479 1853
718 1206
145 1229
161 431
505 1725
967 2005
1199 652
1387 1495
1889 1958
861 1679
996 1381
1737 730
1149 620
919 27
904 217
1365 877
1647 902
1308 32
487 286
1039 1360
1293 1521
1048 1603
804 1870
2036 464
1329 886
1855 679
824 50
1218 763
1347 1122
444 63
981 1204
760 1392
418 1565
75 1100
1173 1316
48 307
1378 1447
1496 2004
562 1913
269 1323
1124 338
1054 697
1329 1460
927 1143
1565 1736
692 956
638 1058
304 1823
1417 335
1466 1189
1494 223
819 804
981 23
5 1247
1429 1510
207 157
264 899
1758 362
1449 976
792 1144
1279 28
1750 951
585 1034
630 488
623 847
1684 229
1536 1290
823 739
1909 66
1833 781
245 1678
327 863
846 1130
55 751
141 816
862 1327
1239 1909
503 720
974 794
863 1485
1412 1107
960 1564
1226 984
2044 521
1309 798
694 1133
265 799
1667 145
43 1298
1025 1911
2006 1679
930 1765
1607 1937
1101 1096
375 730
1275 200
609 100
1524 1277
1454 1895
356 469
773 1621
1447 1952
1157 559
379 1651
1591 456
1129 403
1377 1042
1807 102
897 1762
1707 2037
1907 1908
432 1426
179 69
1649 1642
992 40
1776 1307
841 1646
891 1489
778 387
853 1465
522 1137
739 1631
1109 1208
1312 1849
2008 1117
900 2007
566 1935
1991 1133
19 1155
1568 818
1884 721
1570 108
1792 1846
1541 1047
210 350
443 1704
1225 607
166 1861
841 170
886 916
174 635
254 63
945 970
183 244
356 124
1124 1310
496 1936
134 1001
374 1640
525 546
324 1381
1941 408
1059 1820
1767 468
1866 395
506 1183
1736 1061
1584 1225
306 885
1099 64
1542 706
1222 2023
1653 1659
898 365
1460 9
255 1108
34 600
861 1250
1864 1345
556 1499
564 144
1314 1648
1237 1890
1806 1928
362 1869
668 10
1278 1792
1803 1602
1006 171
1957 1551
1551 153
1544 1599
1595 514
1591 1808
459 1728
765 292
1291 255
148 1681
673 1633
563 1239
1025 510
1414 96
467 964
592 1208
1656 246
1152 1337
1196 1541
1683 1329
528 1150
1283 1131
94 1554
1055 287
1893 2041
980 908
1764 204
1540 1440
465 1880
1474 476
444 813
1950 1611
1836 1161
779 1655
1410 1329
455 1161
1035 966
454 564
1046 1410
387 755
1494 531
925 1691
1517 527
730 830
1755 1327
525 1275
57 426
421 56
332 1841
1538 1731
2025 1654
423 1791
1081 874
1585 647
1387 125
166 1010
1391 702
267 1029
1467 111
457 823
1446 1338
318 1328
950 1268
998 365
1554 499
1902 1229
1443 2026
1513 1350
1975 774
521 468
1396 1717
457 1723
966 1515
1146 1830
264 1120
1633 736
257 496
663 788
109 189
290 262
1697 1943
1971 1379
997 1298
538 288
849 825
1215 1877
674 1153
1113 954
103 649
696 1940
901 475
1611 713
1492 796
1691 131
755 663
1592 676
1732 2006
1594 1234
1980 603
1917 312
2030 463
1247 1567
1308 1869
224 43
13 288
202 1040
960 431
351 325
772 1156
305 1336
1519 1832
1715 1067
538 1998
1923 708
2008 987
703 2033
496 400
509 310
1188 1965
935 1512
698 613
376 1522
1174 724
365 202
330 156
1240 1400
1067 1898
950 608
1842 1253
567 673
1537 1239
685 147
91 1563
66 2016
333 2030
1146 1682
1079 1456
23 455
1398 2005
1241 93
124 1411
1776 1709
214 1752
1225 1947
203 706
56 1949
1275 1557
1784 144
1255 474
592 1404
1947 1031
1970 2014
1037 2015
946 2008
291 1062
1288 509
615 185
1920 515
1198 1340
1034 1691
100 1389
225 365
570 654
1767 1505
1848 1135
1121 1786
790 1269
1554 1868
963 996
2043 1141
1548 447
305 31
1718 1939
1066 1511
1861 1237
1893 591
1707 783
128 209
1712 499
1639 132
1384 931
607 352
487 979
851 1744
666 1241
1575 218
1284 1778
1319 2013
2003 861
1547 593
653 65
808 356
1569 899
1067 759
850 1864
596 992
1559 1503
52 107
1507 626
955 645
464 1684
1219 653
780 913
1116 2009
1087 779
371 930
448 1923
1047 1131
1036 1753
1458 1043
1044 1617
67 338
1143 1177
1220 1565
1705 217
961 1517
310 638
646 1685
1799 1583
1835 1668
2012 195
2004 921
326 1202
192 308
1805 2015
738 1620
1773 1529
1438 2033
647 237
1947 352
1529 1144
193 563
1025 1044
230 1814
1839 307
513 858
1524 673
462 1913
24 1126
1627 1631
1733 1590
354 1005
930 1969
59 400
1422 558
421 1735
941 1942
1300 879
1405 223
88 1512
2009 942
1416 54
1767 1577
1253 1209
965 1194
1142 1778
1055 1362
1332 1802
1095 1203
749 1363
1715 1021
614 537
1691 1839
1621 1386
1171 1265
496 1045
1232 1623
1185 482
297 1483
728 1573
1621 1221
32 487
1357 1222
279 32
5 839
210 1356
436 1464
2040 1145
20 788
1805 1106
1152 742
601 979
85 656
797 437
1485 1279
1737 1728
1080 208
1511 73
1482 1321
1614 527
285 1779
1585 1898
394 2016
87 695
48 882
1105 1312
666 1647
25 194
1315 1400
1754 1183
1239 1434
1714 1207
800 785
1184 548
1076 623
590 1967
1188 1621
554 178
1652 548
874 165
169 290
542 1426
1654 297
1712 1367
655 815
516 106
1827 769
1447 96
1388 1855
1416 1328
2040 1148
1744 855
1602 1137
1898 7
99 298
1026 56
244 1065
1353 310
403 711
98 593
217 1881
744 1592
1475 267
772 2012
1056 396
497 1289
1701 1606
2040 880
1107 1689
757 1530
919 1030
1955 742
271 1156
205 820
1217 821
193 623
461 1505
668 1626
1159 1550
1099 1286
430 1773
1057 1108
622 1405
691 1508
684 475
417 978
1228 1915
1897 134
2024 550
794 583
1439 302
933 1142
608 1749
1946 901
1064 472
1526 1062
1106 1623
824 992
936 1991
1779 409
1716 871
1973 513
120 1483
2000 1427
12 275
999 731
1078 430
1540 1672
549 908
1960 371
1973 729
1655 1488
278 387
846 643
1552 1893
1447 1498
1999 1542
693 246
682 1077
112 1671
1328 529
1245 1967
383 86
1635 51
900 611
116 2024
1153 1732
399 1836
1945 469
1136 883
631 467
1762 1438
2026 424
875 1182
2036 1364
1840 406
1115 1039
1169 2032
1599 1620
673 907
579 1306
1781 458
1520 1075
501 1824
1443 2010
424 1631
1310 338
1436 1766
1637 552
631 1392
1164 995
744 1634
1065 1250
1066 1840
454 1726
231 821
607 1828
1533 78
527 1059
1660 754
696 1530
2046 270
497 1780
1245 590
1256 705
720 1306
396 732
287 1572
147 1040
1412 1149
191 997
1618 303
1766 1589
24 1133
1157 778
1617 248
464 496
1456 1291
73 85
1605 1893
875 1886
713 1191
1225 915
334 1829
696 1157
482 1140
987 211
126 160
506 1628
699 1216
1944 1854
1750 198
1006 190
1643 319
1700 1658
836 1679
1434 66
1474 1083
249 1034
1621 253
204 1417
243 913
1859 388
1690 363
1316 1425
171 458
414 569
980 1453
1066 1949
1667 1122
1208 284
1688 192
160 1013
904 1100
1495 192
1970 863
85 316
26 1291
768 1382
1725 298
945 249
1614 1848
56 610
107 1260
403 598
1391 833
454 234
2047 754
340 171
1615 604
1139 113
708 109
113 655
1508 1594
675 537
562 211
1123 1347
541 1905
1083 320
1075 552
590 1348
1320 1636
853 368
1481 1789
1081 959
1596 2006
472 1034
856 1438
317 377
28 585
500 424
1509 864
590 1624
215 674
1533 1129
1183 1555
1841 645
1187 1705
157 1041
1117 1218
564 1564
799 303
390 685
458 896
1708 187
475 1942
272 217
734 850
367 648
1841 1865
1223 1504
1626 1299
544 1046
610 1685
1769 1446
71 291
1001 1323
32 2023
1272 810
1052 1565
467 1008
1123 97
980 771
622 647
1983 1073
922 1850
126 1812
55 2014
245 237
1873 808
1011 914
860 2031
1101 297
926 684
1620 311
1711 1785
1242 190
1761 134
876 1705
1442 1761
1232 1106
1602 330
726 454
257 773
930 754
1285 1695
1141 889
1168 95
44 176
1054 621
1683 262
1806 560
864 738
951 1140
1150 1876
1992 737
1295 1795
1615 254
60 726
1015 863
838 323
1829 1160
630 1856
1245 649
470 404
1547 1591
1014 775
1260 1681
1269 239
451 1243
368 1993
1647 718
784 1282
1757 1832
1918 191
1454 1618
1379 398
780 1326
599 2018
1287 1033
1211 1227
330 599
1671 74
572 394
20 1393
1531 1465
453 1535
278 339
1371 1344
26 324
965 301
244 1850
1623 729
79 1287
681 624
1209 126
251 1548
828 335
1533 736
1793 1803
1801 1327
1763 1928
1189 68
939 1399
552 1254
40 1984
276 1220
659 771
1430 1380
290 88
1062 181
1336 217
1522 1284
1579 1968
1356 1416
1882 1288
1899 1265
180 1365
1818 658
1097 1163
265 902
1939 421
1877 1064
1297 2044
321 1306
1860 80
1021 7
49 11
439 1539
660 1330
1175 100
1722 790
374 318
1213 1218
906 941
470 797
83 112
1584 938
1661 905
989 1448
685 1342
487 4
1192 1203
2020 121
154 750
97 1902
1224 1358
1167 1205
1227 1846
2019 756
1416 1409
355 1949
1651 209
328 1290
1366 104
1497 1414
494 680
663 242
911 1124
1662 981
1154 1842
1703 158
1869 621
430 735
982 1134
54 1082
1052 1736
1726 960
1293 950
1745 479
636 1966
1016 1752
1466 232
1762 1594
1051 1131
1029 422
1959 499
1851 735
166 155
1887 1302 669
1887 1302 1023
