2999 3000
594 1702
203 594
982 203
2814 982
1291 2814
1733 1291
2741 1733
1444 2741
1741 1444
2668 1741
1522 2668
1598 1522
1622 1598
424 1622
2660 424
639 2660
918 639
1408 918
2307 1408
1676 2307
488 1676
421 488
664 421
2481 664
297 2481
412 297
1090 412
2162 1090
2107 2162
879 2107
447 879
1916 447
2098 1916
1245 2098
1052 1245
2072 1052
77 2072
930 77
109 930
1101 109
1098 1101
791 1098
2933 791
1213 2933
1587 1213
441 1587
1174 441
1352 1174
2494 1352
2329 2494
817 2329
2792 817
232 2792
651 232
440 651
2538 440
2181 2538
1632 2181
2 1632
1902 2
1467 1902
892 1467
2503 892
751 2503
1849 751
317 1849
1767 317
1668 1767
762 1668
154 762
489 154
2176 489
1428 2176
2267 1428
1239 2267
2784 1239
2153 2784
2369 2153
2005 2369
1878 2005
2248 1878
140 2248
422 140
2606 422
2331 2606
220 2331
719 220
2750 719
1142 2750
1076 1142
1096 1076
2460 1096
1901 2460
1001 1901
506 1001
1132 506
1294 1132
1204 1294
1236 1204
541 1236
560 541
755 560
1815 755
1793 1815
2295 1793
1749 2295
358 1749
1706 358
434 1706
1696 434
2451 1696
769 2451
1602 769
1365 1602
2026 1365
1859 2026
2030 1859
632 2030
2477 632
2553 2477
570 2553
1977 570
2012 1977
970 2012
138 970
983 138
2530 983
2634 2530
753 2634
1210 753
2079 1210
160 2079
677 160
1922 677
1209 1922
2884 1209
2293 2884
1387 2293
1048 1387
1446 1048
1637 1446
1489 1637
2522 1489
457 2522
369 457
683 369
1506 683
2201 1506
1966 2201
757 1966
2038 757
750 2038
2764 750
2715 2764
152 2715
2716 152
2905 2716
529 2905
2948 529
598 2948
2919 598
1623 2919
2801 1623
1661 2801
1619 1661
2770 1619
2826 2770
2616 2826
1744 2616
2830 1744
1020 2830
1938 1020
1964 1938
1832 1964
910 1832
2873 910
2144 2873
84 2144
1253 84
1694 1253
477 1694
2564 477
365 2564
2767 365
1276 2767
2664 1276
350 2664
124 350
2858 124
2083 2858
2688 2083
337 2688
173 337
1930 173
143 1930
969 143
2247 969
2643 2247
2722 2643
2431 2722
1323 2431
1830 1323
1704 1830
1821 1704
2174 1821
1621 2174
1693 1621
66 1693
1251 66
2242 1251
2951 2242
1349 2951
2235 1349
1140 2235
1835 1140
1186 1835
512 1186
979 512
79 979
2693 79
1275 2693
2850 1275
2673 2850
743 2673
2500 743
15 2500
1880 15
2603 1880
955 2603
319 955
1342 319
2466 1342
2128 2466
1147 2128
860 1147
37 860
1373 37
1992 1373
1799 1992
2108 1799
1212 2108
1920 1212
2232 1920
265 2232
1983 265
1877 1983
165 1877
2240 165
1495 2240
151 1495
2582 151
1433 2582
1468 1433
246 1468
1680 246
710 1680
780 710
2576 780
537 2576
67 537
141 67
1060 141
2052 1060
1614 2052
1432 1614
2929 1432
2100 2929
2349 2100
819 2349
2743 819
2471 2743
408 2471
1948 408
88 1948
1788 88
1937 1788
1071 1937
1016 1071
1588 1016
1364 1588
1918 1364
1124 1918
133 1124
458 133
1703 458
282 1703
2381 282
2807 2381
2319 2807
2588 2319
394 2588
2427 394
812 2427
469 812
1367 469
1545 1367
1876 1545
2561 1876
1746 2561
492 1746
1549 492
1371 1549
550 1371
888 550
2912 888
2016 2912
1393 2016
1216 1393
2570 1216
1638 2570
2142 1638
980 2142
2691 980
2476 2691
2523 2476
1382 2523
2836 1382
2203 2836
493 2203
640 493
1784 640
896 1784
959 896
1313 959
1113 1313
1514 1113
1897 1514
2149 1897
1137 2149
166 1137
1858 166
1748 1858
1993 1748
1474 1993
189 1474
2504 189
2672 2504
2969 2672
1327 2969
836 1327
2042 836
2829 2042
1047 2829
310 1047
1284 310
1347 1284
1263 1347
2032 1263
767 2032
2931 767
1155 2931
1617 1155
2097 1617
1160 2097
287 1160
35 287
1442 35
1403 1442
1018 1403
1336 1018
1985 1336
85 1985
789 85
2498 789
850 2498
2276 850
148 2276
498 148
1576 498
804 1576
117 804
1031 117
2157 1031
2202 2157
633 2202
2799 633
2804 2799
587 2804
479 587
2619 479
2409 2619
1 2409
1874 1
1820 1874
1698 1820
389 1698
2344 389
487 2344
49 487
2793 49
902 2793
1934 902
1015 1934
669 1015
729 669
2275 729
2008 2275
323 2008
1803 323
385 1803
1445 385
1250 1445
224 1250
735 224
171 735
1302 171
1157 1302
574 1157
503 574
514 503
1826 514
510 1826
1555 510
2454 1555
1504 2454
316 1504
565 316
2542 565
2655 2542
1043 2655
600 1043
2989 600
2398 2989
92 2398
914 92
326 914
2621 326
2438 2621
12 2438
2843 12
2671 2843
562 2671
901 562
2428 901
491 2428
720 491
2796 720
2335 2796
1770 2335
2939 1770
2630 2939
655 2630
1325 655
808 1325
2795 808
1272 2795
2626 1272
99 2626
2262 99
2101 2262
204 2101
2639 204
2974 2639
1417 2974
1198 1417
227 1198
501 227
1469 501
2351 1469
7 2351
2827 7
2961 2827
1105 2961
393 1105
2378 393
2196 2378
1894 2196
513 1894
2857 513
2147 2857
1077 2147
38 1077
106 38
241 106
449 241
1024 449
1542 1024
835 1542
2080 835
2413 2080
2365 2413
305 2365
890 305
1397 890
721 1397
526 721
2957 526
1593 2957
2537 1593
1538 2537
2577 1538
865 2577
672 865
1873 672
1681 1873
1215 1681
254 1215
665 254
2748 665
115 2748
1482 115
2695 1482
2401 2695
1006 2401
2667 1006
249 2667
2224 249
2899 2224
1206 2899
2937 1206
1932 2937
45 1932
2066 45
966 2066
2809 966
1888 2809
1166 1888
1591 1166
2278 1591
1401 2278
1409 1401
1434 1409
2388 1434
1610 2388
956 1610
2932 956
1400 2932
2893 1400
2439 2893
1329 2439
976 1329
747 976
728 747
2241 728
1456 2241
1869 1456
472 1869
2189 472
2878 2189
2701 2878
2973 2701
2945 2973
56 2945
1903 56
771 1903
150 771
1226 150
234 1226
1634 234
2705 1634
2607 2705
443 2607
2541 443
1943 2541
834 1943
1288 834
673 1288
2088 673
2825 2088
2726 2825
569 2726
2689 569
1146 2689
1929 1146
430 1929
1817 430
2114 1817
1764 2114
768 1764
1277 768
2325 1277
1104 2325
2562 1104
2459 2562
253 2459
1928 253
398 1928
2762 398
1641 2762
2991 1641
2833 2991
1056 2833
559 1056
1080 559
1895 1080
1933 1895
832 1933
2789 832
690 2789
1141 690
1358 1141
904 1358
2074 904
2261 2074
590 2261
624 590
1961 624
2117 1961
76 2117
1560 76
947 1560
2998 947
2330 2998
1976 2330
1348 1976
131 1348
119 131
1805 119
103 1805
555 103
439 555
2505 439
2892 2505
754 2892
1953 754
2420 1953
831 2420
333 831
1068 333
2239 1068
1548 2239
1730 1548
2788 1730
2373 2788
952 2373
2404 952
2968 2404
2917 2968
2488 2917
2274 2488
1834 2274
212 1834
2609 212
1214 2609
2612 1214
419 2612
2571 419
811 2571
343 811
2303 343
1735 2303
1189 1735
146 1189
1979 146
873 1979
1760 873
1176 1760
2947 1176
2327 2947
193 2327
2644 193
1171 2644
1402 1171
642 1402
129 642
2507 129
1453 2507
2265 1453
2949 2265
2759 2949
367 2759
2422 367
345 2422
2821 345
1543 2821
257 1543
2959 257
2589 2959
1882 2589
2580 1882
517 2580
1838 517
1392 1838
1425 1392
437 1425
27 437
2213 27
1316 2213
946 1316
2987 946
2646 2987
1370 2646
1256 1370
591 1256
2218 591
2043 2218
1580 2043
2868 1580
2313 2868
2547 2313
1058 2547
2566 1058
2633 2566
573 2633
989 573
2532 989
2495 2532
2263 2495
272 2263
704 272
1781 704
1843 1781
1167 1843
483 1167
1269 483
1846 1269
950 1846
606 950
1418 606
1965 1418
1339 1965
1827 1339
2941 1827
2888 2941
667 2888
2407 667
2551 2407
2019 2551
1857 2019
2838 1857
270 2838
557 270
1758 557
223 1758
511 223
2064 511
928 2064
2737 928
205 2737
1188 205
723 1188
635 723
416 635
1535 416
696 1535
29 696
2983 29
327 2983
1050 327
219 1050
607 219
1267 607
1594 1267
2900 1594
653 2900
990 653
1539 990
516 1539
2866 516
2866 732
1412 1394
2777 1412
2514 2777
924 2514
1999 924
903 1999
962 903
368 962
1232 368
1035 1232
2321 1035
851 2321
659 851
1243 659
2666 1243
179 2666
2765 179
104 2765
1290 104
2301 1290
188 2301
108 188
2186 108
313 2186
631 313
1719 631
2775 1719
1866 2775
911 1866
935 911
2018 935
2007 2018
1026 2007
2832 1026
689 2832
2752 689
688 2752
2675 688
2593 2675
1550 2593
1293 1550
2179 1293
2111 2179
1774 2111
1554 1774
711 1554
1286 711
1769 1286
852 1769
1260 852
252 1260
218 252
2567 218
2986 2567
818 2986
1675 818
2099 1675
2751 2099
1646 2751
1465 1646
2852 1465
1138 2852
65 1138
2812 65
2350 2812
583 2350
2406 583
2965 2406
1169 2965
2253 1169
2302 2253
112 2302
2914 112
616 2914
1628 616
2730 1628
2594 2730
634 2594
931 634
2602 931
331 2602
758 331
1653 758
2734 1653
91 2734
691 91
2531 691
694 2531
1356 694
845 1356
1007 845
339 1007
269 339
401 269
2376 401
1156 2376
2684 1156
1829 2684
22 1829
169 22
2143 169
158 2143
1947 158
258 1947
1860 258
1981 1860
2727 1981
2840 2727
13 2840
1658 13
1813 1658
2096 1813
1711 2096
1654 1711
736 1654
2944 736
1314 2944
375 1314
1287 375
60 1287
579 60
2776 579
824 2776
752 824
384 752
839 384
1597 839
730 1597
1279 730
2290 1279
2742 2290
2515 2742
1072 2515
1120 1072
1516 1120
2629 1516
2785 2629
737 2785
1607 737
1649 1607
2908 1649
328 2908
866 328
1237 866
1864 1237
180 1864
244 180
1606 244
2400 1606
1705 2400
2749 1705
72 2749
2210 72
2434 2210
2462 2434
1917 2462
668 1917
2391 668
63 2391
856 63
14 856
2473 14
1660 2473
2723 1660
405 2723
1673 405
1163 1673
580 1163
2046 580
240 2046
306 240
1127 306
1644 1127
2356 1644
974 2356
2568 974
2805 2568
2282 2805
1778 2282
2414 1778
216 2414
2982 216
2863 2982
2658 2863
778 2658
132 778
471 132
1639 471
2102 1639
1806 2102
2363 1806
2366 2363
1951 2366
1736 1951
1416 1736
872 1416
679 872
1765 679
1534 1765
2002 1534
2771 2002
228 2771
1099 228
814 1099
69 814
1839 69
1574 1839
760 1574
48 760
354 48
2193 354
361 2193
968 361
2600 968
1398 2600
530 1398
2341 530
21 2341
1957 21
2115 1957
2362 2115
1663 2362
357 1663
496 357
2754 496
1791 2754
1975 1791
1321 1975
1884 1321
1207 1884
846 1207
2296 846
2169 2296
2640 2169
1069 2640
126 1069
2034 126
544 2034
2238 544
1592 2238
807 1592
601 807
2155 601
1459 2155
2880 1459
1754 2880
1438 1754
1881 1438
465 1881
564 465
602 564
984 602
2055 984
2029 2055
1362 2029
2728 1362
386 2728
2739 386
381 2739
1682 381
2534 1682
843 2534
825 843
1851 825
2425 1851
2284 2425
32 2284
764 32
1528 764
1045 1528
1431 1045
2489 1431
130 2489
1967 130
1584 1967
1906 1584
2148 1906
593 2148
2345 593
2994 2345
2910 2994
2215 2910
2380 2215
933 2380
134 933
2283 134
1480 2283
1656 1480
2001 1656
885 2001
2558 885
116 2558
1333 116
2923 1333
2479 2923
714 2479
1158 714
2049 1158
2231 2049
1126 2231
2320 1126
2971 2320
1225 2971
1962 1225
1768 1962
2116 1768
1478 2116
1833 1478
934 1833
338 934
1579 338
1471 1579
78 1471
2118 78
1904 2118
428 1904
1875 428
774 1875
661 774
2615 661
1855 2615
336 1855
2747 336
1900 2747
2700 1900
144 2700
360 144
2397 360
1144 2397
324 1144
1816 324
1892 1816
932 1892
1844 932
2134 1844
652 2134
1331 652
2559 1331
1739 2559
1508 1739
1752 1508
1533 1752
1601 1533
686 1601
2955 686
2478 2955
943 2478
1498 943
2696 1498
2372 2696
432 2372
1525 432
1853 1525
2978 1853
1923 2978
2624 1923
1223 2624
1271 1223
2109 1271
1776 2109
2324 1776
2310 2324
1631 2310
2063 1631
1559 2063
1388 1559
1491 1388
74 1491
816 74
2172 816
1991 2172
2432 1991
862 2432
1194 862
153 1194
2670 153
756 2670
2228 756
123 2228
2140 123
1589 2140
211 1589
2279 211
796 2279
772 796
2769 772
1671 2769
663 1671
466 663
1201 466
1685 1201
722 1685
161 722
1804 161
2433 1804
2797 2433
1032 2797
2188 1032
927 2188
1335 927
1457 1335
2287 1457
2089 2287
418 2089
2154 418
2779 2154
2441 2779
2165 2441
2565 2165
110 2565
1030 110
2665 1030
145 2665
395 145
1281 395
2997 1281
1041 2997
859 1041
2483 859
1254 2483
2300 1254
2855 2300
197 2855
1689 197
2698 1689
792 2698
2385 792
122 2385
2444 122
200 2444
2703 200
1450 2703
94 1450
2851 94
1448 2851
1134 1448
786 1134
332 786
1546 332
1244 1546
209 1244
59 209
2190 59
2212 2190
425 2212
2663 425
41 2663
658 41
1228 658
2120 1228
438 2120
311 438
708 311
410 708
2714 410
2528 2714
2025 2528
2418 2025
589 2418
107 589
2352 107
2104 2352
340 2104
55 340
2384 55
1103 2384
2437 1103
795 2437
681 795
24 681
1172 24
34 1172
1170 34
917 1170
2816 917
2763 2816
217 2763
1955 217
1766 1955
2286 1766
2677 2286
1395 2677
118 1395
1608 118
2258 1608
2053 2258
1351 2053
1012 1351
1196 1012
1074 1196
1114 1074
838 1114
1974 838
1613 1974
2027 1613
578 2027
2113 578
225 2113
164 225
301 164
802 301
2710 802
604 2710
613 604
949 613
396 949
921 396
1725 921
2403 1725
2686 2403
1067 2686
1131 1067
2415 1131
1666 2415
2904 1666
304 2904
701 304
81 701
2197 81
1946 2197
2525 1946
1283 2525
1643 1283
1091 1643
1164 1091
2942 1164
2614 2942
1435 2614
1061 1435
2740 1061
2311 2740
277 2311
2596 277
2875 2596
495 2875
2745 495
474 2745
2928 474
2306 2928
2086 2306
2223 2086
988 2223
463 988
1308 463
407 1308
1086 407
2521 1086
2970 2521
1603 2970
1541 1603
237 1541
1424 237
409 1424
1036 409
26 1036
2195 26
2085 2195
1073 2085
2315 1073
585 2315
1678 585
2092 1678
1377 2092
2897 1377
2995 2897
2518 2995
940 2518
2527 940
1211 2527
848 1211
1630 848
2713 1630
1616 2713
978 1616
210 978
2502 210
2338 2502
2416 2338
1801 2416
2773 1801
2236 2773
30 2236
182 30
1341 182
36 1341
837 36
1359 837
2846 1359
2595 2846
2601 2595
1094 2601
1192 1094
960 1192
2343 960
1652 2343
1234 1652
2251 1234
1383 2251
1479 1383
1818 1479
2642 1818
2281 2642
1701 2281
344 1701
2622 344
2886 2622
1905 2886
2707 1905
2719 2707
1332 2719
1797 1332
2687 1797
183 2687
470 183
2360 470
2399 2360
779 2399
2636 779
2656 2636
1010 2656
2535 1010
1690 2535
2167 1690
414 2167
2653 414
1462 2653
805 1462
1720 805
1960 1720
2182 1960
1461 2182
746 1461
1503 746
1021 1503
2383 1021
315 2383
887 315
1449 887
1726 1449
561 1726
1713 561
86 1713
1280 86
1762 1280
2387 1762
1786 2387
1583 1786
1742 1583
2379 1742
1301 2379
284 1301
2317 284
2976 2317
622 2976
1318 622
2774 1318
1122 2774
810 1122
2841 810
2482 2841
1000 2482
349 1000
2014 349
44 2014
2849 44
1863 2849
390 1863
2524 390
958 2524
10 958
521 10
1787 521
868 1787
96 868
822 96
1064 822
1624 1064
2506 1624
261 2506
1455 261
588 1455
2648 588
2259 2648
1014 2259
1315 1014
1372 1315
1544 1372
1921 1544
1055 1921
1264 1055
170 1264
840 170
2411 840
1824 2411
1540 1824
2802 1540
1743 2802
2618 1743
100 2618
1772 100
2755 1772
1222 2755
2183 1222
1524 2183
1625 1524
827 1625
2150 827
1520 2150
455 1520
712 455
1796 712
1515 1796
1357 1515
706 1357
1931 706
671 1931
64 671
1659 64
1927 1659
2040 1927
2450 2040
1626 2450
187 1626
2246 187
1429 2246
525 1429
1247 525
2623 1247
1259 2623
454 1259
215 454
2872 215
1609 2872
2529 1609
2513 2529
1708 2513
221 1708
2938 221
20 2938
2557 20
2316 2557
2015 2316
1197 2015
2386 1197
1481 2386
515 1481
1537 515
1159 1537
894 1159
894 2467
2591 1702
623 2591
279 623
1452 279
505 1452
2382 505
2599 2382
2573 2599
2065 2573
2549 2065
1139 2549
382 1139
1476 382
2000 1476
1794 2000
1604 1794
2760 1604
281 2760
1978 281
2244 1978
2227 2244
1536 2227
2298 1536
857 2298
1087 857
2679 1087
1460 2679
1148 1460
128 1148
1941 128
5 1941
610 5
951 610
1464 951
2389 1464
90 2389
1053 90
1688 1053
2392 1688
2124 2392
2883 2124
1971 2883
2037 1971
1066 2037
784 1066
2070 784
1070 2070
1944 1070
446 1944
2819 446
1627 2819
371 1627
2468 371
2935 2468
981 2935
1475 981
748 1475
863 748
1924 863
853 1924
809 853
536 809
2480 536
2548 2480
2492 2548
1419 2492
1396 1419
11 1396
1255 11
83 1255
1565 83
2990 1565
551 2990
2252 551
1605 2252
1651 1605
1161 1651
2598 1161
2786 2598
2358 2786
2035 2358
2216 2035
1443 2216
1848 1443
2333 1848
2516 2333
2692 2516
54 2692
435 54
2250 435
1046 2250
329 1046
1745 329
2865 1745
2536 2865
1734 2536
1231 1734
1686 1231
2291 1686
2661 2291
803 2661
325 803
1200 325
478 1200
507 478
426 507
2130 426
2810 2130
1350 2810
39 1350
1485 39
599 1485
2126 599
2540 2126
2918 2540
2050 2918
2871 2050
242 2871
568 242
554 568
2992 554
920 2992
1085 920
770 1085
364 770
1687 364
1057 1687
147 1057
2756 147
2323 2756
2328 2323
452 2328
2375 452
1792 2375
1692 1792
2184 1692
334 2184
207 334
2094 207
797 2094
1049 797
1586 1049
2326 1586
1783 2326
972 1783
50 972
829 50
963 829
2445 963
2297 2445
2408 2297
1224 2408
1119 1224
1995 1119
98 1995
986 98
251 986
2156 251
486 2156
213 486
707 213
280 707
1343 280
1306 1343
876 1306
1181 876
1028 1181
2394 1028
18 2394
2060 18
916 2060
519 916
1635 519
490 1635
82 490
2131 82
1289 2131
415 1289
1440 415
2699 1440
2834 2699
137 2834
692 137
1322 692
1887 1322
936 1887
2059 936
359 2059
266 359
948 266
2490 948
1655 2490
674 1655
961 674
1759 961
680 1759
459 680
2458 459
2237 2458
51 2237
175 51
702 175
114 702
1973 114
1497 1973
1521 1497
464 1521
2753 464
1547 2753
1986 1547
2678 1986
775 2678
1092 775
2318 1092
2011 2318
2273 2011
1585 2273
1410 1585
726 1410
726 1771
718 1394
996 718
2453 996
630 2453
1551 630
1389 1551
549 1389
2985 549
2435 2985
1532 2435
1667 1532
2093 1667
2887 2093
93 2887
939 93
636 939
417 636
2208 417
1886 2208
1952 1886
2390 1952
2556 2390
1112 2556
2981 1112
2732 2981
1295 2732
2915 1295
973 2915
2954 973
23 2954
1108 23
2081 1108
2429 2081
2964 2429
1596 2964
2996 1596
1059 2996
278 1059
1340 278
2711 1340
263 2711
800 263
1391 800
1755 1391
709 1755
444 709
597 444
2907 597
1808 2907
1013 1808
1477 1013
2725 1477
423 2725
2497 423
1034 2497
584 1034
2220 584
2170 2220
1570 2170
1500 1570
184 1500
2921 184
1466 2921
880 1466
1850 880
1717 1850
937 1717
1896 937
1664 1896
229 1664
1996 229
761 1996
1054 761
1513 1054
871 1513
250 871
2405 250
556 2405
275 556
2835 275
226 2835
742 226
2911 742
2204 2911
2017 2204
618 2017
2436 618
1380 2436
1298 1380
1278 1298
724 1278
2339 724
2975 2339
2374 2975
397 2374
821 397
1088 821
2003 1088
2891 2003
256 2891
268 256
1135 268
431 1135
744 431
1657 744
267 1657
1261 267
2584 1261
2449 2584
1220 2449
348 1220
2367 348
2076 2367
442 2076
2881 442
2464 2881
2245 2464
628 2245
745 628
2229 745
2214 2229
52 2214
1802 52
782 1802
2889 782
462 2889
2585 462
605 2585
178 605
2803 178
1153 2803
648 1153
620 648
58 620
1527 58
1891 1527
2442 1891
2423 2442
2446 2423
650 2446
1123 650
1740 1123
1963 1740
2368 1963
2069 2368
1629 2069
2560 1629
1252 2560
181 1252
482 181
1011 482
403 1011
2146 403
1912 2146
2720 1912
563 2720
1910 563
400 1910
2269 400
1998 2269
1084 1998
1065 1084
2845 1065
1033 2845
2047 1033
1062 2047
2095 1062
1025 2095
2355 1025
1642 2355
2347 1642
2044 2347
2690 2044
2004 2690
1121 2004
1861 1121
125 1861
1051 125
1405 1051
1942 1405
274 1942
111 274
1082 111
497 1082
2470 497
1562 2470
2177 1562
2484 2177
1116 2484
1185 1116
238 1185
1420 238
73 1420
637 73
953 637
1531 953
2988 1531
1324 2988
294 1324
2493 294
2346 2493
427 2346
1795 427
2837 1795
1458 2837
869 1458
759 869
2709 759
2091 2709
2509 2091
2006 2509
95 2006
715 95
854 715
2787 854
2421 2787
881 2421
1825 881
987 1825
987 1771
1486 732
799 1486
1919 799
2586 1919
2508 2586
2260 2508
685 2260
2543 685
2348 2543
1970 2348
1487 1970
1615 1487
298 1615
286 298
1872 286
2798 1872
243 2798
2890 243
2647 2890
1128 2647
2550 1128
475 2550
682 475
355 682
925 355
1354 925
2526 1354
643 2526
1674 643
1780 1674
233 1780
1552 233
1968 1552
938 1968
308 938
2457 308
552 2457
321 552
2041 321
1423 2041
68 1423
1320 68
387 1320
2112 387
1564 2112
998 1564
2249 998
2520 2249
913 2520
2778 913
1775 2778
2501 1775
2225 2501
1379 2225
1202 1379
2920 1202
2090 2920
2706 2090
615 2706
2654 615
2768 2654
1526 2768
595 1526
1152 595
2587 1152
1529 2587
2393 1529
456 2393
1862 456
1563 1862
2519 1563
1079 2519
40 1079
322 40
898 322
2255 898
1510 2255
450 1510
1494 450
2916 1494
295 2916
2512 295
2627 2512
1426 2627
9 1426
1997 9
191 1997
1633 191
353 1633
999 353
700 999
2377 700
46 2377
678 46
1852 678
1150 1852
1697 1150
2129 1697
2721 2129
1751 2721
1890 1751
2222 1890
1311 2222
2417 1311
801 2417
2230 801
1407 2230
362 1407
176 362
2151 176
823 2151
1647 823
436 1647
841 436
157 841
2305 157
842 2305
236 842
172 236
1240 172
8 1240
1422 8
162 1422
2138 162
2045 2138
2781 2045
2853 2781
908 2853
1950 908
1939 1950
992 1939
2125 992
2103 2125
787 2103
1217 787
644 1217
2724 644
867 2724
2867 867
1180 2867
731 1180
967 731
2652 967
534 2652
2717 534
1724 2717
660 1724
374 660
2061 374
2067 2061
2563 2067
2885 2563
619 2885
2926 619
2443 2926
293 2443
638 293
1414 638
548 1414
2704 548
1836 2704
300 1836
376 300
1145 376
1885 1145
1620 1885
1567 1620
1439 1567
1841 1439
2539 1841
1782 2539
2736 1782
1712 2736
877 1712
330 877
874 330
1136 874
2674 1136
377 2674
1463 377
2023 1463
1110 2023
451 1110
16 451
528 16
2361 528
2256 2361
684 2256
177 684
1618 177
195 1618
1640 195
467 1640
612 467
420 612
1700 420
647 1700
2555 647
1004 2555
2288 1004
1831 2288
1111 1831
2036 1111
1867 2036
383 1867
2943 383
2136 2943
543 2136
1868 543
2783 1868
1898 2783
567 1898
149 567
603 149
1282 603
1502 1282
335 1502
1716 335
208 1716
208 1413
1368 2467
977 1368
1721 977
1184 1721
703 1184
1753 703
2631 1753
1773 2631
1441 1773
1518 1441
142 1518
900 142
159 900
1556 159
101 1556
645 101
1173 645
1956 1173
922 1956
1883 922
1925 1883
740 1925
2456 740
2962 2456
2077 2962
1557 2077
675 1557
1684 675
2952 1684
2010 2952
1129 2010
500 1129
163 500
1436 163
533 1436
1363 533
2856 1363
1330 2856
1093 1330
1750 1093
2396 1750
2447 2396
1369 2447
965 1369
292 965
1404 292
2517 1404
2641 2517
1019 2641
1913 1019
1949 1913
2864 1949
1300 2864
1798 1300
828 1798
734 828
2806 734
1738 2806
1879 1738
1238 1879
1421 1238
1038 1421
448 1038
2683 448
194 2683
1854 194
1691 1854
2205 1691
61 2205
473 61
1989 473
741 1989
1248 741
1376 1248
351 1376
2178 351
1810 2178
2662 1810
2966 2662
2078 2966
2854 2078
174 2854
1360 174
2226 1360
105 2226
1893 105
518 1893
1509 518
1737 1509
2729 1737
997 2729
847 997
909 847
1266 909
2546 1266
1366 2546
1908 1366
2073 1908
945 2073
2870 945
1081 2870
2860 1081
1191 2860
2772 1191
1553 2772
302 1553
2936 302
2554 2936
1040 2554
547 1040
341 547
2270 341
1242 2270
2999 1242
1909 2999
1303 1909
2294 1303
2669 2294
2119 2669
1415 2119
1117 1415
347 1117
1493 347
1914 1493
1230 1914
2657 1230
2175 2657
994 2175
2680 994
1715 2680
1662 1715
1573 1662
641 1573
1650 641
468 1650
1044 468
540 1044
1729 540
1296 1729
2271 1296
1218 2271
264 1218
1390 264
2087 1390
2545 2087
2638 2545
2371 2638
2604 2371
1003 2604
1645 1003
878 1645
798 878
2898 798
2708 2898
1195 2708
739 1195
1569 739
1558 1569
156 1558
1361 156
738 1361
2268 738
1334 2268
1235 1334
1519 1235
1837 1519
379 1837
1847 379
1958 1847
1027 1958
826 1027
2958 826
1747 2958
433 1747
1842 433
25 1842
985 25
17 985
625 17
2340 625
1199 2340
62 1199
781 62
833 781
2794 833
889 2794
1106 889
2031 1106
2544 2031
2924 2544
2780 2924
621 2780
2953 621
2934 2953
2645 2934
2054 2645
884 2054
342 884
259 342
1709 259
785 1709
2277 785
1179 2277
670 1179
1353 670
247 1353
271 247
572 271
2106 572
1994 2106
1149 1994
614 1149
2243 614
2013 2243
2161 2013
1345 2161
378 1345
545 378
919 545
919 1413
524 1771
102 524
2552 102
627 2552
1499 627
1151 1499
2475 1151
2895 2475
2682 2895
1577 2682
1568 1577
1822 1568
2354 1822
502 2354
2021 502
461 2021
413 461
2187 413
1109 2187
2137 1109
2221 2137
2057 2221
3 2057
727 3
121 727
2200 121
1270 2200
2075 1270
2359 2075
766 2359
2581 766
656 2581
1575 656
356 1575
1728 356
1501 1728
1312 1501
2164 1312
2979 2164
1208 2979
923 1208
391 923
1310 391
1355 1310
2322 1355
2370 2322
2058 2370
1309 2058
2062 1309
485 2062
2808 485
1187 2808
1915 1187
1811 1915
71 1811
314 71
608 314
288 608
1177 288
2474 1177
1945 2474
230 1945
1814 230
2122 1814
1219 2122
717 1219
2133 717
957 2133
1023 957
1168 1023
1935 1168
1473 1935
553 1473
2572 553
33 2572
1732 33
1483 1732
31 1483
1936 31
2234 1936
1115 2234
2733 1115
2861 2733
581 2861
2472 581
2487 2472
2056 2487
666 2056
883 666
2173 883
75 2173
915 75
1517 915
2209 1517
320 2209
1710 320
42 1710
2020 42
1241 2020
820 1241
1009 820
1982 1009
2882 1982
1097 2882
765 1097
942 765
895 942
1582 895
527 1582
2842 527
2828 2842
201 2828
617 201
975 617
291 975
2158 291
202 2158
1233 202
139 1233
2272 139
1723 2272
312 1723
2308 312
2105 2308
662 2105
460 662
1285 460
2009 1285
705 2009
2266 705
2977 2266
1039 2977
1307 1039
453 1307
1385 453
2141 1385
1411 2141
1889 1411
2913 1889
2336 2913
2902 2336
2452 2902
2651 2452
1763 2651
2068 1763
2082 2068
429 2082
1699 429
725 1699
2485 725
2632 2485
1988 2632
1511 1988
1672 1511
285 1672
481 285
575 481
1022 575
19 1022
995 19
97 995
793 97
971 793
520 971
870 520
1727 870
2364 1727
2718 2364
1840 2718
2869 1840
1374 2869
89 1374
1182 89
1819 1182
1063 1819
192 1063
2980 192
2574 2980
783 2574
773 783
1714 773
2071 1714
2583 2071
2956 2583
2625 2956
476 2625
392 476
239 392
1940 239
2579 1940
855 2579
2967 855
2761 2967
2192 2761
1183 2192
1777 1183
626 1777
2440 626
2510 2440
582 2510
891 582
248 891
1665 248
2859 1665
2309 2859
1679 2309
2257 1679
1125 2257
1809 1125
2132 1809
53 2132
445 53
2048 445
480 2048
1572 480
2160 1572
2946 2160
2198 2946
649 2198
2152 649
399 2152
2744 399
2592 2744
2110 2592
2650 2110
2731 2650
196 2731
1319 196
1907 1319
2123 1907
2412 2123
1566 2412
539 1566
289 539
1399 289
2334 1399
1008 2334
905 1008
1002 905
185 1002
136 185
2608 136
2697 2608
1984 2697
733 1984
1328 733
1162 1328
2847 1162
1530 2847
586 1530
1911 586
1899 1911
687 1899
2984 687
1959 2984
1386 1959
906 1386
1221 906
2486 1221
1571 2486
1496 1571
2299 1496
1305 2299
2659 1305
1484 2659
307 1484
1165 307
1779 1165
2395 1779
2896 2395
830 2896
1845 830
346 1845
1761 346
57 1761
912 57
1346 912
538 1346
1470 538
991 1470
1299 991
28 1299
1229 28
214 1229
404 214
2906 404
1344 2906
2028 1344
2790 2028
155 2790
1490 155
222 1490
2605 222
499 2605
2822 499
309 2822
777 309
2199 777
531 2199
2410 531
262 2410
1378 262
1037 1378
893 1037
1437 893
1406 1437
1100 1406
2766 1100
713 2766
1472 713
716 1472
2817 716
2051 2817
2815 2051
2894 2815
2337 2894
504 2337
2163 504
1447 2163
366 1447
1430 366
2314 1430
2824 2314
2735 2824
676 2735
815 676
2168 815
571 2168
2312 571
864 2312
80 864
2533 80
2280 2533
546 2280
198 546
2419 198
2135 2419
1274 2135
2191 1274
299 2191
2285 299
352 2285
790 352
1595 790
2455 1595
2811 2455
508 2811
566 508
1599 566
1611 1599
897 1611
1118 897
1451 1118
168 1451
2909 168
697 2909
2876 697
235 2876
2694 235
2879 2694
699 2879
1800 699
882 1800
2877 882
926 2877
2180 926
402 2180
695 402
1523 695
509 1523
2292 509
2738 2292
1154 2738
2357 1154
167 2357
1789 167
609 1789
2972 609
2930 2972
1581 2930
1828 1581
2874 1828
370 2874
255 370
698 255
1756 698
1683 1756
646 1683
2233 646
1731 2233
2024 1731
411 2024
794 411
318 794
1078 318
2901 1078
2681 2901
1492 2681
2166 1492
941 2166
1669 941
1990 1669
1130 1990
2264 1130
2465 2264
954 2465
1297 954
763 1297
1304 763
1578 1304
907 1578
113 907
2499 113
303 2499
4 303
363 4
2430 363
1203 2430
1205 1203
1677 1205
2022 1677
1143 2022
1856 1143
1175 1856
657 1175
844 657
2219 844
1042 2219
2637 1042
186 2637
2862 186
260 2862
2139 260
2575 2139
388 2575
206 388
2617 206
1089 2617
2304 1089
2033 2304
2813 2033
245 2813
576 245
1178 576
1865 1178
2782 1865
2211 2782
1246 2211
1505 1246
1871 1505
577 1871
2610 577
2426 2610
2758 2426
127 2758
1561 127
1823 1561
2145 1823
1785 2145
2950 1785
1193 2950
2620 1193
43 2620
1190 43
1262 1190
2342 1262
1722 2342
1972 1722
296 1972
1133 296
2823 1133
2960 2823
1670 2960
849 1670
1954 849
2469 1954
558 2469
1326 558
1507 1326
2927 1507
2217 2927
611 2217
1265 611
47 1265
273 47
290 273
1512 290
2332 1512
1427 2332
1249 1427
1590 1249
2039 1590
1757 2039
2818 1757
2940 2818
1029 2940
944 1029
1812 944
2925 1812
2903 2925
2185 2903
2791 2185
380 2791
1075 380
1454 1075
1227 1454
2820 1227
1384 2820
2597 1384
2491 2597
858 2491
1017 858
1612 1017
1600 1612
120 1600
406 120
788 406
2289 788
1870 2289
1807 1870
2613 1807
693 2613
1648 693
535 1648
2685 535
1292 2685
2757 1292
373 2757
592 373
1790 592
2578 1790
523 2578
1488 523
1257 1488
532 1257
861 532
2159 861
1375 2159
2127 1375
484 2127
1695 484
2611 1695
1707 2611
6 1707
929 6
1095 929
596 1095
231 596
964 231
899 964
190 899
2254 190
886 2254
2207 886
2963 2207
2448 2963
283 2448
1273 283
2844 1273
522 2844
2712 522
2839 2712
135 2839
1083 135
1980 1083
1107 1980
776 1107
2922 776
806 2922
2461 806
2171 2461
2628 2171
2353 2628
1337 2353
2424 1337
2746 2424
542 2746
1338 542
654 1338
1005 654
2649 1005
2194 2649
1636 2194
2121 1636
1969 2121
276 1969
70 276
749 70
1926 749
2676 1926
2800 2676
629 2800
2463 629
2702 2463
2084 2702
1317 2084
2590 1317
372 2590
2848 372
2635 2848
494 2635
1987 494
87 1987
1718 87
2206 1718
2496 2206
2569 2496
2993 2569
1268 2993
2831 1268
199 2831
2402 199
875 2402
813 875
993 813
1381 993
1102 1381
2511 1102
1258 2511
1258 1413
1702 732 2111
2467 1394 2024
