37 36 125
2 2 1 1 4 0 3 4 2 4 1 1 2 2 4 0 4 4 2 0 2 4 4 1 2 4 3 4 3 2 1 4 2 1 3 2 0 
0 0 3 1 4 2 2 0 4 3 0 2 3 1 0 4 0 0 1 0 4 3 1 1 2 0 1 4 2 2 4 3 4 1 0 4 
29 15
8 5
12 9
7 33
28 2
16 13
12 12
19 20
15 27
12 8
29 27
14 2
23 3
30 2
13 19
25 20
32 4
26 24
24 22
25 14
32 14
26 13
5 25
7 16
13 11
31 29
15 8
31 22
10 9
22 26
27 14
24 29
15 14
23 10
21 34
21 32
10 19
15 34
19 30
11 36
35 5
30 27
2 8
13 32
3 30
29 12
35 29
16 2
22 18
15 33
26 12
4 15
36 6
33 27
36 5
12 3
25 9
23 13
26 15
9 27
30 6
18 32
17 20
36 17
35 20
25 8
21 18
23 12
17 9
34 36
31 35
7 7
15 1
17 12
22 7
26 3
28 1
9 20
30 28
22 8
35 34
28 6
36 30
16 6
6 8
25 31
3 27
18 22
23 33
11 21
27 15
22 36
3 15
27 31
18 6
20 11
33 13
30 14
15 9
4 5
1 25
20 16
32 21
20 17
1 1
16 16
8 36
16 3
9 1
5 28
24 33
22 31
27 34
4 30
32 20
32 30
28 7
1 4
15 24
25 28
23 23
19 9
7 24
5 12
36 20
