9 32 135
9 0 7 7 5 9 0 7 3 
0 0 9 8 7 3 9 6 4 3 9 9 9 2 6 8 9 9 0 7 8 5 3 6 6 5 0 1 7 9 4 1 
9 8
6 29
2 32
1 10
7 11
6 12
2 14
1 24
1 13
8 3
8 25
9 19
4 20
4 14
3 13
9 1
1 18
2 29
9 27
1 19
9 20
6 27
6 22
8 9
8 22
1 1
7 28
5 11
8 23
3 10
7 16
5 10
7 24
7 21
8 11
8 16
7 23
1 9
7 17
6 25
7 3
8 27
6 1
6 10
2 11
8 2
4 29
4 26
3 20
8 5
4 30
2 16
9 14
3 28
7 14
5 15
5 7
8 10
2 13
5 8
1 15
4 7
9 23
2 4
8 31
7 6
7 19
5 3
2 8
5 24
3 8
4 10
6 19
9 16
9 28
3 11
2 5
8 21
9 29
8 17
5 18
3 23
4 11
9 6
5 14
3 32
7 13
6 24
9 26
1 12
4 12
7 20
8 18
4 6
6 7
4 2
3 18
9 11
1 14
1 27
8 32
2 21
2 27
2 28
1 17
6 28
6 6
9 10
3 25
7 10
1 30
1 4
1 11
1 2
4 4
2 25
4 16
3 12
3 22
2 22
8 19
1 16
6 30
1 29
4 8
4 24
4 23
6 23
5 16
8 20
1 21
6 2
7 18
3 21
9 13
