10
100 4
21 47 46 27 70 72 13 53 33 99 5 27 76 38 74 33 35 59 78 31 15 2 41 39 4 18 3 46 41 6 35 21 76 10 90 37 90 10 48 85 66 10 52 80 59 51 53 83 75 16 88 75 21 68 17 90 13 52 94 5 10 73 93 55 79 83 87 83 97 95 50 22 46 20 51 78 20 29 21 60 4 82 8 93 83 92 77 73 78 30 53 13 50 35 29 55 27 42 44 69 
100 3
50 85 15 97 47 14 26 78 67 37 93 19 75 82 59 82 14 66 62 10 24 86 68 17 52 26 2 57 60 90 13 82 51 18 94 98 36 18 79 46 24 52 20 77 85 19 54 32 36 54 81 66 95 26 63 71 58 55 48 21 81 20 78 57 56 53 21 14 96 70 81 83 95 2 63 36 59 45 33 99 3 80 85 56 39 26 65 49 41 94 70 99 52 72 72 79 43 22 77 93 
100 5
58 3 62 77 11 76 5 67 20 59 77 90 46 55 85 47 71 77 11 13 98 63 96 70 81 64 97 53 23 62 90 10 26 91 74 5 18 69 69 20 99 19 96 63 5 30 81 96 36 58 8 62 16 85 70 58 74 3 77 78 29 73 87 98 88 87 29 93 4 27 66 60 23 85 78 8 23 67 83 92 60 66 22 32 69 33 26 41 46 30 58 52 38 23 62 93 7 65 98 32 
100 2
45 96 36 29 80 91 70 47 21 56 4 86 38 83 15 11 95 77 74 70 43 99 80 37 98 59 20 6 32 37 75 37 49 3 34 73 57 14 85 49 20 8 74 33 67 37 31 2 24 54 53 30 10 47 68 44 80 83 50 75 85 10 91 58 71 33 54 42 89 24 46 57 88 39 41 66 93 58 6 99 30 38 77 79 44 21 45 12 69 37 92 46 63 12 55 13 11 64 38 47 
100 6
53 21 23 97 71 16 47 39 55 66 39 39 91 93 85 60 94 86 40 18 31 40 85 28 72 59 97 25 49 91 40 70 2 46 13 9 85 74 76 30 13 28 45 15 80 18 63 83 14 96 90 57 51 8 12 83 84 96 85 94 47 28 83 38 61 95 49 71 88 79 3 74 95 99 12 33 84 41 8 69 91 48 85 70 57 92 13 71 18 39 68 32 69 71 84 21 54 5 7 38 
100 5
14 42 28 37 75 23 7 66 11 38 89 71 19 6 69 38 70 37 44 41 98 59 82 84 81 37 2 83 39 50 17 73 45 83 95 95 85 75 15 57 42 2 75 22 14 86 10 74 42 74 98 99 80 76 53 79 20 40 25 41 74 52 98 91 27 50 15 28 22 71 35 95 80 70 44 5 62 24 68 12 3 40 82 19 10 31 9 59 41 52 50 11 14 56 79 17 6 92 94 50 
100 2
65 35 52 9 23 59 32 78 13 46 3 53 3 51 59 96 35 26 44 34 27 35 54 80 77 4 13 8 69 85 68 97 50 26 60 20 50 24 35 23 93 38 28 68 21 83 75 64 89 65 10 63 61 39 72 51 81 72 15 11 49 93 61 61 86 58 18 29 65 98 42 43 54 14 97 82 2 3 60 47 18 89 12 75 70 53 85 24 93 23 37 40 20 64 61 75 11 63 83 86 
100 6
23 49 37 11 51 89 59 12 78 83 92 31 64 38 6 68 42 85 33 55 96 92 56 25 61 91 92 96 7 99 24 70 84 18 27 79 61 15 59 99 59 38 22 75 77 28 20 80 42 52 34 27 74 39 38 47 37 26 10 35 46 78 35 68 41 53 58 35 81 43 98 78 42 10 63 74 90 15 32 17 28 76 24 61 8 93 59 77 37 25 66 49 42 59 12 82 9 25 26 90 
100 4
74 44 23 80 63 94 41 54 5 28 27 56 67 55 7 87 15 91 56 22 24 45 92 2 74 36 7 43 60 6 27 16 85 54 75 46 95 2 7 47 10 54 13 39 17 2 47 44 52 66 44 3 80 11 59 16 45 31 36 60 60 90 59 19 29 17 98 66 30 36 9 45 48 88 66 95 40 69 95 25 12 45 57 52 70 32 78 97 9 28 73 53 57 75 54 5 81 39 22 60 
100 2
99 78 97 33 32 39 57 67 6 79 26 13 93 35 79 24 98 37 49 73 39 47 71 7 29 51 96 17 59 4 21 68 55 72 23 59 16 47 68 81 71 22 41 61 48 71 31 44 51 14 29 88 7 66 3 68 28 89 46 73 71 78 86 85 72 54 84 23 23 56 58 31 21 24 80 52 41 70 69 16 57 41 17 53 81 37 6 44 63 69 79 21 45 23 2 37 10 21 45 23 
