10
100 6
83 91 55 9 76 17 51 69 35 57 82 3 81 5 7 4 94 87 41 63 30 81 17 93 98 39 14 73 4 39 45 46 35 89 64 74 15 9 81 98 77 45 31 8 36 56 47 42 76 92 73 31 17 82 96 54 71 93 93 85 13 19 30 30 22 80 67 58 6 14 13 47 60 81 51 86 28 79 46 94 84 65 8 69 65 68 20 20 94 99 8 82 74 35 74 49 38 6 47 80 
100 2
90 79 74 12 27 9 2 39 2 91 33 29 81 66 71 26 44 50 44 15 91 31 76 49 16 73 21 42 87 17 86 5 70 66 4 44 84 45 53 49 66 99 79 21 9 74 46 64 83 37 8 62 94 45 24 43 38 69 34 26 50 18 73 19 16 17 96 15 50 89 46 77 89 98 50 20 8 32 15 78 31 3 18 41 93 85 96 13 76 98 16 55 15 18 93 44 12 21 24 16 
100 2
37 17 10 56 47 17 87 24 25 13 56 92 45 11 37 26 85 83 62 20 95 93 16 89 74 92 60 75 54 79 19 73 8 96 91 69 93 8 20 74 34 5 21 18 79 70 79 22 82 40 6 69 89 94 58 28 51 33 24 75 52 55 96 13 41 98 73 18 73 65 47 39 98 19 10 20 42 52 7 22 93 3 25 38 72 44 22 93 70 47 23 49 61 84 23 14 2 15 24 5 
100 5
20 56 27 88 95 9 28 44 51 97 45 78 44 40 47 60 96 61 60 72 10 62 47 20 25 65 21 84 95 34 29 47 32 93 73 10 70 40 95 43 98 90 39 93 50 74 99 43 7 43 7 43 4 26 51 38 30 92 47 43 6 85 32 64 78 29 25 11 12 84 81 78 7 38 68 57 26 71 12 32 62 18 4 66 68 87 51 88 28 29 55 92 29 59 86 6 87 22 27 42 
100 5
77 5 61 22 35 60 92 45 82 21 80 24 67 66 21 10 84 58 65 58 62 6 34 81 8 86 14 4 34 8 87 5 89 11 67 68 26 49 60 68 31 59 31 26 12 38 32 22 67 31 83 9 84 78 41 72 58 76 16 31 28 69 85 94 44 70 45 54 67 48 96 43 19 33 84 36 78 58 97 29 71 12 75 21 32 30 65 96 35 39 43 89 45 2 53 84 57 34 39 92 
100 3
67 22 5 51 88 55 85 52 47 10 46 40 48 72 28 40 92 29 4 86 20 23 51 37 88 77 19 4 26 26 10 53 98 45 57 96 38 96 86 15 45 46 64 46 60 33 26 59 98 37 56 27 85 96 17 62 88 62 94 85 19 46 99 87 81 27 43 15 15 18 3 52 30 30 96 2 21 44 7 15 95 17 22 37 22 24 8 99 26 9 53 99 56 43 39 29 54 94 87 35 
100 5
29 50 92 50 78 89 77 72 30 63 31 47 28 56 72 32 5 79 12 67 72 44 29 15 46 34 12 95 17 92 30 35 4 66 17 47 86 58 62 3 46 71 52 63 44 40 83 72 9 65 51 57 26 72 27 87 21 23 40 29 96 77 25 42 43 63 49 94 74 12 50 25 69 6 66 35 38 10 53 11 12 82 70 62 99 98 17 57 62 90 47 22 85 48 89 77 12 64 51 15 
100 5
99 78 17 71 65 49 65 43 52 98 68 63 31 95 97 4 64 52 71 4 73 24 82 71 8 14 68 42 47 20 44 64 73 43 62 70 22 8 63 7 89 72 77 66 75 15 89 5 98 30 76 45 31 17 26 65 66 82 15 78 31 17 73 43 64 25 29 72 32 25 71 28 8 64 6 24 56 2 96 63 9 18 41 44 70 71 46 68 56 26 37 64 21 14 73 74 97 58 21 12 
100 5
7 10 79 23 76 81 24 3 15 66 81 24 13 71 35 64 14 42 81 72 16 71 73 54 15 73 84 85 13 83 10 38 72 15 76 68 65 19 38 92 96 26 59 93 61 5 78 39 14 12 62 81 97 71 72 50 54 38 15 51 58 14 32 27 25 55 77 85 83 67 8 31 23 27 57 50 68 93 31 27 50 56 81 62 44 89 30 67 72 13 84 57 77 3 13 61 61 16 29 14 
100 3
20 66 39 51 14 24 20 58 22 27 50 49 87 50 14 99 54 61 27 77 35 61 45 26 13 89 19 41 69 33 78 50 61 97 61 60 54 92 35 3 97 79 20 21 39 89 44 20 77 99 64 23 60 32 74 23 30 9 14 64 99 98 13 80 35 62 97 64 73 24 99 55 66 48 24 40 61 96 99 40 26 75 49 80 76 99 52 19 64 67 31 96 98 8 85 91 59 65 73 40 
