50 300
2 1 13603
3 1 5129
4 2 31992
5 2 17133
6 5 1442
7 6 32538
8 3 5129
9 8 12371
10 6 42513
11 4 5129
12 6 5129
13 3 32538
14 8 13603
15 10 6277
16 3 40472
17 7 6277
18 15 7103
19 18 33381
20 12 48084
21 18 27830
22 18 5129
23 21 48295
24 18 1484
25 19 44261
26 13 48084
27 21 8273
28 27 41318
29 23 27830
30 15 44261
31 4 49840
32 25 42513
33 32 48084
34 8 24209
35 30 40106
36 8 7103
37 36 48295
38 35 4568
39 2 5129
40 30 44261
41 26 33381
42 36 26778
43 15 32538
44 4 41318
45 15 40472
46 13 6277
47 46 38552
48 37 42513
49 12 12371
50 22 32538
44 42 1484
40 3 17133
23 7 32538
6 11 33381
25 20 33381
27 2 42513
7 48 33381
22 33 26778
48 13 6643
4 46 24209
29 21 4568
13 41 7103
36 26 33381
14 34 48295
17 9 33381
28 6 40472
30 17 32538
40 12 28203
20 34 48295
41 8 4941
9 43 49840
1 4 1442
1 23 42513
46 26 1442
49 5 5129
18 16 31992
35 27 31992
31 31 25978
32 29 25978
4 3 5129
39 49 8273
18 23 6643
1 24 40106
9 21 5129
32 49 17133
4 27 40106
38 6 48084
31 44 48084
16 44 40472
13 27 44261
38 13 25978
50 2 24209
10 25 40106
46 7 40472
36 43 41318
31 46 32538
32 18 6277
12 35 7103
46 17 5129
27 20 49840
41 39 48084
5 27 33455
39 4 48084
45 16 38552
28 26 31992
48 22 38552
42 41 33381
34 40 24209
43 42 42513
20 1 48295
6 5 28203
23 29 7103
10 44 40472
20 26 38552
22 46 1484
36 14 24209
33 17 42513
20 7 42513
22 46 1442
1 22 33455
44 22 48084
2 3 1484
15 33 7103
46 39 40472
43 25 32538
49 9 1442
11 35 13603
33 15 5129
35 41 12371
35 32 17133
19 33 1442
35 14 1442
3 45 5129
25 2 26778
48 14 49840
38 36 28203
40 11 1484
32 14 32538
27 34 49840
39 43 1484
35 39 6643
33 17 17133
5 30 41318
3 34 27830
49 8 25978
25 25 31992
37 13 38552
42 8 1484
15 32 40472
22 43 8273
22 23 31992
15 6 38552
23 49 1442
35 23 7103
7 19 26778
26 33 1484
21 9 33455
9 41 44261
22 28 27830
27 14 48295
5 24 6643
42 9 8273
17 13 12371
1 3 12371
17 39 40472
7 43 28203
7 17 40106
40 39 31992
33 18 8273
7 50 33455
49 12 44261
32 42 40472
3 9 17133
2 33 27830
36 31 44261
19 3 4568
46 36 31992
21 48 33381
8 5 7103
48 13 33381
16 28 5129
43 26 8273
17 19 49840
6 32 25978
41 36 13603
21 27 12371
7 26 13603
9 12 48084
9 4 27830
24 28 41318
3 19 13603
17 16 44261
4 46 24209
17 35 8273
23 1 33381
26 1 48295
42 34 33455
13 7 1442
37 8 33455
3 44 33455
10 9 1484
7 37 4568
41 39 1484
10 7 28203
50 11 27830
4 4 12371
7 40 12371
11 49 48295
17 27 1484
50 35 6643
27 38 1442
26 13 28203
14 1 31992
25 3 1484
5 19 5129
36 50 40106
25 17 48084
6 14 44261
40 1 32538
12 8 33455
11 13 38552
16 9 33381
11 17 12371
27 36 41318
46 39 12371
48 47 42513
50 34 31992
12 3 49840
24 12 32538
7 33 49840
24 23 26778
36 34 44261
28 9 48084
28 14 6643
23 34 40472
11 17 33381
42 2 28203
48 40 38552
3 39 6643
35 33 38552
48 5 27830
34 45 40106
22 15 48295
25 12 48084
16 31 28203
44 21 24209
24 28 40106
35 39 41318
2 6 4941
33 44 1484
32 1 25978
35 25 31992
4 40 6277
44 25 26778
44 12 33381
20 32 4568
38 14 1442
40 39 17133
39 34 1442
48 20 33381
50 26 49840
8 49 49840
18 33 25978
9 39 27830
21 15 4568
47 2 48295
40 16 48295
19 9 6277
15 32 33455
23 17 44261
5 15 5129
3 21 32538
36 30 44261
24 26 7103
29 14 13603
6 24 6643
35 45 48295
46 5 8273
17 31 48295
34 17 32538
21 47 40106
36 30 7103
5 22 28203
25 20 33381
49 31 33455
38 7 27830
48 37 48295
46 21 42513
30 16 17133
38 8 13603
33 1 13603
12 21 33381
26 2 38552
29 8 5129
48 49 44261
17 33 49840
49 45 40106
47 13 38552
16 1 26778
13 18 13603
4 15 48084
