100 100
26 85 0
2 81 1
67 69 0
22 69 2
27 80 0
79 87 2
57 63 2
76 80 3
95 99 4
45 94 2
27 75 1
22 75 0
12 51 2
25 66 2
11 61 1
83 88 0
27 83 1
14 97 1
71 90 3
10 44 4
73 93 4
1 98 4
23 93 3
56 76 3
13 25 2
57 68 1
18 28 3
19 28 0
21 78 4
10 95 3
93 98 4
73 81 0
28 44 0
20 53 0
59 75 4
53 69 2
9 54 1
55 95 4
14 46 4
22 50 2
35 98 3
34 93 4
91 92 4
43 53 2
45 64 2
58 87 4
64 74 3
36 62 4
16 98 0
71 76 3
39 99 1
6 16 3
12 73 2
37 82 4
56 92 1
81 99 0
9 51 3
27 80 4
13 60 3
24 39 0
13 17 1
46 54 0
81 84 4
45 61 1
21 87 0
12 61 1
52 98 0
25 64 2
3 68 0
61 64 0
24 45 4
16 53 2
23 59 3
68 86 4
55 74 1
68 74 4
22 87 1
5 21 1
3 89 1
5 84 2
18 58 1
47 81 3
74 80 1
54 71 0
9 16 2
29 55 4
12 85 1
49 84 0
30 71 3
50 51 0
51 51 0
2 38 0
14 92 3
5 31 1
5 53 1
34 83 1
29 69 0
34 82 2
50 93 1
83 96 2
