100 100
83 96 17159478
35 84 0
76 78 56704276
38 53 85553891
21 58 66690881
64 73 7979572
59 71 5190918
52 77 5547837
66 74 0
3 13 11001782
43 68 42340382
19 71 80546956
6 42 5758971
6 77 79084917
11 68 85259001
47 70 44439100
6 13 0
24 63 13201852
50 54 38731815
28 32 66274044
6 45 47657085
46 68 63333917
43 52 73788494
26 86 7835418
18 26 86020488
37 75 3614620
21 26 5361334
71 88 0
12 81 5889576
75 91 66090242
49 85 84189135
38 75 53609473
18 25 0
9 50 0
36 83 22825004
13 84 0
19 84 47651170
32 84 0
14 53 15990716
1 78 77470506
5 45 0
54 99 12137736
51 53 0
63 88 0
23 99 0
24 68 42627255
49 93 10784928
54 82 25239525
51 70 32718821
3 75 0
28 50 47727003
16 75 0
87 95 0
47 53 79004419
63 91 23968199
14 48 89147636
12 73 54895686
8 32 66645493
22 58 0
30 69 13056303
82 84 80781958
13 85 0
2 24 0
4 14 10889578
18 79 0
76 92 0
62 75 49470810
12 59 60658444
17 28 4260329
20 89 41038331
50 88 6512334
16 27 27508822
32 61 0
6 23 11554121
33 95 2308894
53 71 4138322
19 39 79038965
76 83 69002484
42 68 76553244
37 92 82876423
59 97 0
19 99 15983293
1 91 13601516
8 10 45458515
51 94 25045422
5 23 20305804
24 69 0
12 33 49586502
4 17 0
2 9 0
44 97 51366811
62 81 37003010
65 84 64937340
43 66 68984914
63 88 0
60 67 55373989
21 53 13871398
43 74 0
46 76 82732455
38 50 38171851
