100 100
26 59 3
5 68 4
16 98 3
15 84 1
52 96 1
54 59 2
23 71 4
92 94 4
14 61 3
9 62 3
23 61 3
9 31 0
10 32 1
55 97 1
33 50 3
51 63 1
43 56 4
10 19 0
24 52 1
20 56 0
34 92 2
58 98 2
4 38 3
26 76 3
51 89 3
32 36 3
2 56 2
10 63 0
17 97 3
3 73 0
19 91 2
16 71 3
79 88 1
38 71 4
12 74 1
3 67 0
25 71 2
47 49 2
74 96 0
3 85 1
13 27 3
14 53 1
6 12 1
15 65 1
67 97 0
54 70 2
78 78 4
67 90 3
11 34 2
2 72 0
35 45 1
21 86 0
64 97 4
33 97 4
70 74 4
24 49 0
7 93 4
44 87 2
42 59 1
37 83 1
14 48 1
44 88 2
32 46 2
10 94 0
76 89 0
7 91 2
85 92 3
53 63 4
4 32 3
12 53 0
47 50 4
22 44 1
71 95 4
42 87 2
41 98 1
66 94 0
27 80 4
44 91 2
60 74 4
25 77 2
6 18 0
24 70 3
9 12 0
6 81 3
58 82 0
74 86 3
43 55 4
85 89 0
44 56 0
90 92 2
62 81 1
15 63 4
3 74 3
31 56 4
79 84 3
18 81 1
5 44 0
3 96 0
56 72 3
58 93 3
