100 100
68 71 0
8 14 58276229
24 45 64238942
28 46 0
32 88 24088327
59 68 2271524
16 42 0
59 67 0
62 75 82261378
4 61 13438889
20 38 0
61 90 0
16 70 73871210
20 44 85221269
65 65 30144846
35 91 16990896
2 68 0
50 61 28278342
1 18 58078301
40 49 18551969
38 66 52563816
33 48 0
15 63 29475657
9 33 61554698
4 49 698459
45 76 88658245
45 64 33833682
10 26 55878037
20 67 0
52 90 67910831
27 71 61313281
26 72 6719685
50 66 77540822
39 75 52094365
45 53 0
7 82 0
42 46 80226221
26 49 89133459
22 99 7921801
24 54 0
8 58 0
53 67 0
69 97 68801912
21 68 0
50 98 36852597
28 31 30353842
53 78 0
2 56 56466504
36 69 61317759
18 68 0
24 99 0
57 93 7756144
5 96 1993728
45 80 0
12 35 63703734
47 64 8008761
21 78 7084405
8 80 75671847
10 75 14700816
10 88 44893136
10 83 86642282
3 61 64869441
12 89 8691757
14 62 80018989
39 84 0
38 71 87871444
21 30 79629113
1 61 81170950
61 76 82141321
59 75 57352815
60 95 23628888
11 82 0
15 40 0
16 49 54964969
45 54 52440929
30 89 15468855
46 80 60529879
26 54 79435468
10 45 49341474
13 54 13568309
87 89 6211383
8 30 16496426
52 74 36298359
27 54 43225880
32 85 43986225
18 59 10826617
7 83 7425238
21 58 86430310
32 81 0
1 52 20284735
65 88 69635913
1 77 62098176
47 75 17258506
8 88 0
41 66 63848186
13 79 53064290
67 92 0
7 50 26515274
52 93 0
48 50 82644600
