100 100
49 68 89122777
17 29 0
23 37 0
20 29 36666569
63 70 0
17 24 58724757
28 55 86928469
6 80 45416569
29 31 72476037
22 69 0
1 61 7904350
31 98 36572940
27 34 0
11 68 32794908
78 80 0
57 62 22520202
50 80 49596556
38 84 51920258
14 56 68591526
94 98 1398376
32 34 69779644
39 49 0
2 43 29456023
42 96 31817
60 78 0
77 92 0
62 81 0
47 68 87081994
76 84 36301528
2 56 39774426
58 67 0
9 41 83083586
10 90 77721845
24 98 20411725
59 90 71603196
8 61 66246171
22 70 0
76 94 58878975
67 90 5820927
18 69 37055114
4 69 34279110
1 10 33145162
17 65 39841757
13 98 36304462
54 92 38967288
28 56 0
73 88 67286782
75 79 84269940
10 69 9070243
43 49 0
18 97 19622802
56 87 82750511
4 98 0
15 91 59088417
17 39 73750412
37 66 59594654
71 77 23227229
12 88 0
54 85 53374009
41 48 1251537
22 63 0
31 96 0
61 81 3110975
56 98 74566589
6 51 898256
21 51 0
31 35 62908328
18 56 0
83 95 76567611
14 92 47673637
85 91 0
17 97 50280087
45 88 0
49 63 43167001
50 89 18000283
5 92 4437264
9 27 80013830
36 47 46811853
64 86 46506715
39 91 66804217
20 60 235529
9 10 0
77 99 70959972
72 84 0
16 41 5379566
7 9 14039863
6 73 75674818
83 99 76109652
78 99 34775708
45 65 84777989
4 32 1943456
15 80 0
39 53 72463546
78 93 58054652
29 48 23099103
48 48 0
27 30 0
6 31 0
32 41 30562717
37 85 34057188
