1000
84830 5
9234 2
-29959 -1
26042 7
44547 -3
60840 -5
-32637 -7
-1765 -9
-43308 -7
-10830 6
16309 2
-48915 -3
-94065 2
33093 -8
72444 1
-54496 2
-78202 -7
-37257 0
-72529 -6
60730 -9
8881 -9
8146 -7
-24378 -9
81614 0
85529 7
-7584 -5
76243 7
60907 -5
1149 -7
17295 4
66153 -1
-92792 -7
-66960 -7
-68190 -7
72770 9
91933 -10
-22831 -3
-42640 0
-78647 -8
98504 8
39490 -7
-56228 9
-81846 9
46677 -5
-23695 -10
-95115 9
32093 -9
-56020 -9
-93960 -3
97150 -7
85504 5
29418 9
84629 -2
76134 -1
13110 -5
-66024 -2
-63397 2
-90552 3
-47031 -9
-84177 -6
-8756 8
53847 6
87316 9
-24789 -4
-64943 -6
-2981 4
-76255 6
-96882 8
1487 -5
-88747 3
-83933 -6
38219 -9
73437 2
55761 -10
-97657 0
59171 9
-41654 5
46458 -10
97617 6
-93988 8
-90100 1
-37853 -4
60829 -2
-43491 -3
25556 -8
-66241 -10
-99927 -2
-75228 -6
-57736 3
91921 -4
-56192 -3
-36966 2
-13949 0
-11162 -4
-85657 9
90411 3
-55569 -8
23141 0
87326 -3
-42372 -2
-31878 -3
-22137 8
-25027 5
94641 7
31538 0
62757 -4
72142 4
41253 3
-52278 3
81838 -5
97954 8
-38542 2
-68990 -1
58094 7
59641 1
-45555 7
-22239 0
94563 6
93930 -2
-48649 2
7664 1
35897 0
-64659 2
65285 0
-15061 8
-42411 -5
-11508 9
-11310 -3
-81500 5
49911 7
98552 -8
-84076 -9
-49759 9
84466 -4
48766 7
44179 6
-15528 -5
50861 -2
-46824 5
-7883 0
31050 -5
-11058 7
-38128 -10
-16558 -3
-83415 1
45349 -6
32202 -3
30855 -2
-2651 2
-40585 -6
43719 -1
52338 0
-59147 -1
67032 -7
-51758 -10
-74129 -4
-41712 -6
-52410 4
31818 -6
50206 -6
7381 0
-49720 -7
-67946 0
-66593 -9
21578 -4
87332 2
-7614 -6
59108 -7
4653 8
33754 6
-64090 -6
-69585 -9
-10357 -3
85236 -2
-74879 8
55087 -5
73614 -9
37138 -7
-51862 1
-24519 4
-41427 5
14483 8
-83322 -1
74314 -9
-12023 -9
-63092 5
7563 8
-88611 -5
-24607 -7
43609 5
15420 4
86639 3
8869 3
55743 -2
10461 2
84493 8
5924 9
11319 -2
32899 -6
95897 9
4336 7
97141 -9
52385 -10
48469 9
-99275 -3
62518 -9
75478 2
-75222 1
68633 8
-24583 -2
40772 -1
229 6
-69534 -5
-55513 1
-31005 3
27101 -8
-58191 5
-50931 4
51149 7
79899 0
82831 6
-20455 -7
58681 7
-89912 8
68778 -10
12006 5
70712 1
-47644 -9
-25684 -7
79697 0
60188 -7
24305 -4
50038 3
68625 -8
-26993 -2
59134 9
-97701 7
2549 7
-85503 -4
-91902 -5
-58746 -4
45229 -4
-81255 7
-41447 3
-1876 -7
-33441 2
96781 -3
44006 4
-61863 -10
-16715 -8
-94566 8
10841 -2
-58098 1
48400 9
-92033 -3
95795 -10
-77738 2
-40212 -1
-10767 -5
-48771 7
-25301 -7
26874 -7
-82657 -7
95376 2
-72783 5
40192 -10
83621 8
-49028 -5
49799 -4
-73944 -1
-71999 -5
23325 -8
-57019 -5
-1475 -3
-80932 -6
-40865 8
58342 0
50729 6
-41784 -3
-32469 -10
24474 -8
72271 -5
33836 9
-76212 -7
-27684 -10
49750 -8
-69711 5
45636 -9
14007 0
91249 5
39821 2
4374 8
-4954 5
-53414 -3
-68057 -2
97949 -3
92823 -8
74422 -10
-13206 -4
-9740 -5
-64640 -5
-98826 -9
-5291 -7
51503 -10
64014 3
-45904 5
-14638 0
-36265 -10
20583 8
58741 7
44282 4
-92352 8
-94325 -3
-63944 -10
77913 4
28840 -6
-87484 3
22834 -2
20710 -2
-11950 -4
-93103 -6
9958 -1
-71228 -6
87826 -2
58765 7
-17539 -1
10797 1
7832 -2
-48715 -9
-90230 -9
94200 4
-71906 -8
-93746 -10
42922 4
86503 8
-18121 -7
1462 -1
68540 0
-60141 1
60675 6
-11263 5
-50976 -10
-39870 -7
33671 -1
-68697 -7
-70398 0
-20841 -4
-29409 -4
-87517 -2
-9406 -9
-412 -6
-3017 7
-10048 -5
95821 -9
46285 -10
-54316 4
-48948 -6
29410 -6
-5311 -8
61293 7
-24044 -6
14924 4
53246 7
52495 -7
-76640 0
-8780 5
-79794 4
-36422 -6
-44413 -3
16129 -10
-64263 1
51408 -8
91606 -2
-42070 -7
40494 -8
68495 9
27243 1
43189 -5
26674 4
-77329 1
-1687 6
93487 -6
12909 -1
20280 0
83027 -2
86042 -8
5885 5
38960 5
-6179 -2
57608 -4
14967 1
-8936 9
36861 0
-75920 0
98341 -10
20465 0
-49565 9
11009 -3
23338 1
14266 -1
68838 4
-50472 -5
-57080 4
-15416 7
76937 8
60538 -7
90163 5
-97912 7
-26803 9
4069 -9
-29720 -9
11182 7
61806 -3
71147 0
-59039 -4
-64206 8
73485 -4
-4708 6
-29587 -7
51478 8
-83835 -6
27373 -9
-51319 -2
17655 -1
96985 3
98279 2
-93591 0
-73037 5
-62775 -3
-3582 6
75767 7
34311 0
48263 7
-34561 2
-36750 -7
7960 -6
-52389 1
95994 -8
-11403 -1
25126 -2
60569 -3
9828 0
-30794 1
76933 -3
-66601 4
29334 9
36423 8
-85820 -7
14498 -9
-33980 -3
-83898 8
-71358 6
-75323 5
-23362 -1
6112 -10
-35729 4
50595 -9
-95873 -1
-32056 -8
-59754 -7
-99737 9
-3601 2
6195 1
3933 -4
-59 5
6974 -3
-69123 -5
-35839 7
-49390 4
-16352 1
-65094 -2
65266 -8
-21846 8
-55903 2
82654 1
70449 -2
77675 -8
-28777 -8
-8542 0
-44740 1
-46012 -9
92348 4
-1482 9
9449 -1
51993 -7
-54097 1
42338 2
-98188 1
-71205 -4
-57328 1
-30830 8
-21824 8
87152 -9
-6999 -10
82418 -6
-18745 4
-6887 7
-42704 -9
-7704 -9
29389 -2
-20443 4
68276 5
-28236 -5
46175 -6
-72511 5
93246 -8
-34856 3
-57761 -3
37633 -9
61360 -2
594 0
14537 0
50160 0
-73542 7
-28334 8
-76678 -9
39102 5
-62369 2
-84611 2
10510 3
-27713 -6
74087 -8
-51125 -5
-22350 5
29999 8
-18535 -2
-44606 -6
83965 7
-67395 -5
-98922 6
-75582 7
77047 -6
32281 8
-16135 0
441 2
-45066 -9
-436 -8
-92230 -5
33788 -2
-39003 -1
-74541 -3
-59899 -2
1249 4
56647 -2
74150 -4
-10579 5
25858 4
11856 -1
-32759 2
-5468 -4
74424 7
-45400 -10
32038 -3
82658 -7
-58439 2
-62104 4
97407 0
43195 5
35974 -1
43526 9
-75443 9
32881 -7
-69209 -1
-15163 5
13230 1
89066 -10
93192 9
17449 -5
-83184 -7
52656 -7
58444 2
-51792 -6
-71949 4
59579 -9
98661 5
60239 7
85785 0
-56887 8
-62260 -8
78995 -7
85933 -8
17079 3
38593 -7
51690 -10
91758 -2
36185 0
39697 1
-67264 -1
45887 -2
-93558 -2
38370 -4
59049 5
51321 -9
-81309 -2
50213 3
-82902 9
-48680 1
-55453 3
-90741 1
7899 9
92851 5
-75107 1
-77331 -5
-64809 -3
-29385 4
-65559 5
-86336 -1
-4281 1
-34100 6
78683 2
-85272 -4
-46133 -5
-28742 3
-45661 -8
-31501 -1
-11041 -8
78490 -9
-6598 8
-56708 -6
31707 -1
78987 4
-80776 -10
2680 -4
83045 5
-77152 2
-32405 -6
39523 8
79903 3
1632 7
-60954 -2
-99761 -9
-95761 7
-44065 -10
72862 -10
99342 1
-25546 -9
-69004 -2
45429 -4
-57375 -6
51958 -10
56431 -1
98281 4
-68353 -6
-11840 9
-68092 6
-18761 -3
-90302 -6
-3499 6
41714 -6
49384 -1
-7114 8
59235 1
-47653 -5
-84439 -5
-61945 1
-11625 -5
-81701 -7
26764 0
-84219 -4
39727 -9
18599 7
69945 -7
-68392 -10
-92544 8
85441 8
27061 9
-835 -5
12625 7
36528 -2
-10649 8
-73159 -7
56951 2
-25974 -8
-45263 7
21749 9
49143 -3
8125 3
77322 1
-88753 2
-21607 -5
-57018 -7
-27860 -5
84068 -1
53918 6
20911 5
67951 2
73189 5
86692 -2
-79096 -6
62914 -10
46681 -7
-39265 9
-68639 -6
-13350 6
-21285 9
63991 -9
-90114 -7
38225 9
58439 -1
36713 8
-25761 -1
-44747 7
-75927 -8
5985 4
49160 -2
-5874 6
59381 -3
4249 -9
72343 -3
-73812 3
-93049 9
-16452 2
87535 5
17615 3
-79707 9
29582 2
12451 8
29213 -5
76041 -1
69344 -10
41903 3
-85846 8
3469 -10
-45148 3
34173 2
-78580 -3
-26788 -10
73475 -2
-91074 3
82689 -3
4027 7
29312 5
59720 7
-50368 7
45729 -5
-64352 -2
9380 -9
94278 -4
76449 -1
-80153 8
-1135 8
-99407 -1
71508 -6
-51708 1
-90986 -6
-54721 -6
7823 -1
5694 7
-92268 -5
-70307 3
52275 -3
89217 -2
-9113 3
70335 -5
-93744 0
7187 1
12089 9
71491 2
70625 -7
84725 0
24329 3
67878 0
-95237 9
74008 -9
10774 -8
-37825 1
-35559 -2
-66648 -8
93454 1
-97130 -7
-20469 9
5662 0
38391 3
32015 1
27497 8
-99940 7
-26801 1
-93482 -9
10083 -2
-20633 -1
65582 5
45970 8
-58608 8
-49650 -8
63709 5
27904 -5
-67316 5
-69679 3
-67947 -4
61760 -3
-40471 -4
-17105 2
-76468 -2
-54674 4
-17518 -9
10823 0
-62905 0
-33664 1
-54421 2
-35946 4
-19863 0
47054 7
-43567 4
39494 2
-10482 -3
82507 -6
27305 -10
-60186 0
-22953 -9
59131 5
43335 0
40607 4
-60238 -8
-82935 2
-13529 1
-12798 0
98376 -9
94139 5
16192 0
-29996 -3
50504 2
-44918 -10
-63715 -4
77083 -7
-36287 6
-57458 -8
63868 1
-93605 7
68321 -10
37149 -7
28833 -9
-66079 7
86536 -3
-50724 1
-89047 -2
86145 7
49528 -2
-99109 -9
-49333 3
8631 7
-53567 8
-34556 2
-31810 -4
45188 -2
-94366 -9
82282 1
68835 -7
48801 4
-8987 -3
-77791 6
-86107 -4
-78950 7
77854 -3
-23481 -2
11768 8
23720 -7
-6494 6
86485 4
44892 1
10595 2
28264 6
9641 9
6929 -3
-97771 1
32697 -4
27387 7
9652 4
62699 8
64012 -1
44618 9
84637 -4
73950 -9
-3969 4
-79451 -10
-49399 -10
95276 7
65702 -1
-65430 -5
52167 -8
-32428 0
-30750 6
49674 -5
-39391 4
26807 4
97858 -10
79759 -5
66832 1
40745 -4
89611 -1
-4829 6
-48460 9
-38160 2
-34551 4
-91331 -9
11227 1
-67542 3
-76631 -7
27462 -8
13144 2
57030 4
-80984 -3
-89580 -6
-74730 4
-87268 -5
56085 6
-39277 -4
34677 0
-45777 -3
2237 -8
85595 1
40680 1
-63519 -2
69402 -6
-69420 2
86422 2
52303 -4
34972 4
42090 7
83532 -9
2397 2
35090 5
-43261 4
-48358 7
99488 1
84631 -5
18323 -1
37312 -6
-93999 0
-63641 2
-20659 7
10745 -2
-34604 -7
-83179 9
25194 8
64376 -3
-8233 -2
19609 -4
77696 8
-42756 -1
-66151 9
-53893 1
43347 3
-98138 -4
29393 -1
42488 -7
42341 -5
33757 2
-86621 -5
-8545 -8
25281 -5
-52901 -9
52528 0
60396 -8
71530 -3
-33452 -8
-52211 4
-8922 -2
33569 9
41409 3
-65964 5
-35374 -7
-56300 2
33183 -7
55382 9
-51909 2
-7626 -7
69098 7
50010 -7
61150 -7
73863 7
-10365 -5
-75820 2
89268 -10
67525 -5
89154 -9
8926 6
86804 6
92998 -9
69600 -8
75925 2
-26199 7
-72251 3
29799 -9
72883 1
32222 0
-64082 0
57275 -4
-33978 -9
-89715 2
38051 3
-34361 0
-92267 -7
-81566 3
-50400 9
83229 3
-36793 3
-41685 -6
-1122 1
-74198 -2
90516 7
