1000
1 -34390
2 86106
5 30873
7 74337
2 45612
6 64526
6 18279
9 12837
-10 -50045
9 -20297
1 -98856
-4 -6188
-5 48808
7 -63429
6 33871
3 93790
-9 -70790
-6 -85250
-7 -65738
-3 -28732
-1 55305
-3 -18564
-9 72596
6 11443
-6 53695
-1 -51508
-8 24402
5 9762
9 -73061
2 -98316
5 38909
-10 94462
-9 68216
5 35675
-3 79125
-3 68579
7 23246
8 62256
2 88289
-3 -16421
8 -39744
9 -87814
-6 -15683
7 -13830
-3 36118
-9 -87300
0 -24998
1 59091
4 -21758
-4 -48887
-9 -71777
-7 -36538
-2 24871
-3 436
4 92822
8 -92403
5 -53649
-9 -1082
4 96269
5 28486
9 -32217
-4 36281
6 -39503
-4 -1735
-9 -77386
-9 -49801
1 -76630
-4 56686
-8 30522
3 15550
-10 -30328
4 -18689
5 -88733
-4 -42019
-5 -86825
-9 50582
2 40148
-5 50859
6 2763
0 -80000
-4 76959
-2 20084
7 31122
-2 29085
8 -39910
-3 -85597
-4 -61510
1 28436
2 80232
8 48994
-10 -93735
-6 97976
-10 -35176
2 79508
7 14079
9 18449
-8 11689
-5 -67867
8 -76611
0 -76326
2 31160
-3 98137
3 99762
-2 -14289
-8 24569
-8 86450
2 54209
-9 -45642
3 -8692
1 12593
-10 8436
5 -32666
-3 59257
8 52891
8 -12740
4 920
-3 57810
-8 -30907
2 -58099
-4 -91314
7 -59714
5 -54203
-2 -96446
9 -26890
-1 -99433
-1 -10921
1 91302
-9 -85112
7 -90768
2 76213
-9 33112
0 33493
7 25629
1 63469
2 50655
2 -4981
-8 2948
3 64838
4 12922
7 -33470
6 13975
-4 82997
9 -41031
8 -14964
3 -89220
-1 20466
1 -13706
9 -54291
3 -74740
-4 61901
-1 -66298
4 41286
-3 -99806
-4 -91194
-5 -46287
-4 -40481
-8 -38479
-9 -1297
-3 19150
4 17551
3 -74924
-8 17759
-5 -95806
8 42508
0 -11938
-8 24421
-6 -82096
7 28383
6 19664
0 91853
9 80359
-8 -14454
4 -62867
-1 -47671
-3 -2694
7 -81011
-2 51726
-8 -31634
-10 -73189
-2 -28287
-9 17769
0 69468
-8 40786
-9 -88477
-2 -14257
2 52499
-9 49594
1 56104
9 38663
7 -83130
1 28840
-3 -90367
1 -92291
-6 -8080
9 4722
1 42593
-7 -64624
7 -19077
-3 -41963
-5 -95213
-8 -20486
6 86424
6 -78953
-10 34222
-7 -30666
-3 -29170
-5 -29588
5 -9814
-6 -7766
-5 -80695
0 23953
-9 83712
6 86706
2 76685
7 -62065
-3 39534
-2 67397
9 -66358
6 -16083
-6 -6531
-10 6385
-5 23133
-7 -51941
-2 61969
-3 -17360
-7 86258
-10 -60774
0 -2694
-4 80185
-9 81302
0 -69757
5 94931
9 31261
9 -12771
-3 24914
2 63512
-5 61484
-9 93796
-4 -4075
4 18794
-1 58150
-1 -5874
-10 -8646
3 -59095
-4 -1695
7 84760
-4 -39676
9 70538
4 -35878
3 2667
-5 -99263
-2 51906
5 -30018
3 -58398
-8 10813
-7 64531
-7 776
-2 42780
3 -36672
9 367
9 49794
-8 76497
5 40483
-1 90285
6 -52015
-6 -99223
6 -52884
-4 -1999
-3 47959
3 34459
5 -5153
-8 51977
-4 -91345
5 63571
7 -50240
-6 -14399
-3 -68956
0 7568
7 10671
-10 -83085
7 45366
-3 72718
-4 -68372
-10 83286
-7 84563
-3 82421
2 -43969
4 -35
2 -27537
1 43073
8 35595
-9 19184
-10 59264
2 33470
3 53865
2 60311
4 19813
6 -89661
-8 -52516
-2 -65731
-10 71073
2 93199
7 -42262
5 -82399
-2 -92111
7 3834
-10 -42894
-7 -64778
3 53475
6 6683
0 -33453
-6 -14522
-4 11487
-7 -93213
-1 34323
-3 -17893
8 -23671
3 -84949
-9 -80675
4 50089
-10 9543
-6 31371
7 -82131
6 -9326
-2 28420
-3 -31286
-2 79347
2 42091
2 -61251
3 -33525
-8 52213
2 52059
3 -4132
1 23744
2 -84261
-8 13517
-9 -85199
0 94941
-9 12654
0 -55011
5 43966
1 63970
-5 -90938
9 -92913
4 92344
-2 72619
-2 -25254
2 -51950
8 -4971
-10 -19979
0 -63507
6 -26717
0 63980
-5 -32208
-3 34845
2 -85606
2 -14650
1 -20868
-7 61243
-1 21050
-1 10313
7 30329
2 -48764
-8 37507
-2 -41630
-9 24431
1 -70432
4 14757
7 -55517
-5 -7154
5 31722
3 -88302
-4 -26392
-6 -96364
5 -52142
-9 -76913
9 -19792
8 90158
-5 -62326
4 -46672
3 18955
7 -85444
2 98202
0 -408
4 -99532
0 89965
0 -97614
6 64634
7 65503
-4 -45873
-10 -79107
7 -60047
-6 87523
2 -68812
-6 54363
-5 38289
-1 -93924
5 -66354
5 19604
-2 -28490
7 43866
-4 59052
4 -76363
2 97410
1 -80967
-9 -6211
7 -8581
-6 18556
4 40028
6 36712
-3 -28189
-5 86468
4 64880
-1 -4239
-6 34802
-9 -43453
-3 89108
-2 -36088
5 -81067
-1 -78870
-4 27224
1 -73132
4 61676
6 -92484
6 -65160
-1 -88288
4 50752
9 -1201
-1 -23661
-9 79810
3 -74512
4 76958
-10 57458
-9 87950
-10 81638
6 22036
-6 48659
-3 46343
5 -73178
-6 83329
-10 -16488
3 -85851
-6 -98821
0 27287
9 84720
7 -18253
-10 15455
-2 -59215
7 42472
-8 82899
4 73284
9 78889
-3 70642
6 -98844
-2 -48400
4 -36647
-7 -69282
7 -50903
-1 34271
3 -95040
-5 -11538
9 -76819
-10 -21278
1 29310
-4 -70348
6 -90090
-10 -36789
-7 -69636
-2 56347
3 -28518
-7 5576
-6 39564
-7 10385
-5 74168
3 -60577
5 -55467
-10 -84232
3 -42537
7 76434
7 95650
-5 -62362
4 -49339
-2 36507
-5 67018
9 45798
6 33906
9 -36650
7 45150
-6 -42779
8 -2484
-8 42983
9 -79285
-3 23005
-10 90326
3 79940
-5 7462
8 44129
-9 96593
6 96313
-5 1796
-5 -15499
8 93496
-3 -83373
-5 44289
-6 87024
-9 19277
9 -26529
6 10510
-6 20303
7 61057
3 -33066
-7 -86624
-1 -42261
4 -49636
-6 74136
8 -54824
-10 -16916
-6 42702
6 96522
4 -37507
-3 -42017
4 44015
6 34590
1 11888
7 7481
4 -55746
-8 -5555
6 86192
-6 67476
0 -83518
-4 99677
-1 -29097
-10 70799
1 8470
-8 -74257
4 -48900
7 9048
-2 -23747
2 -8036
-6 57342
4 -63342
-3 37879
-8 36338
-8 7275
1 -41801
-1 94655
-1 30010
9 -26711
5 -25617
3 93167
-9 -92563
-2 49940
5 -2129
-3 15723
-10 -8693
-4 56559
1 44223
-3 -68577
2 61050
-6 -29906
5 -89718
9 70882
3 53725
5 -56200
1 -85198
1 -52735
5 -43755
4 34393
5 24741
7 27294
-4 4682
0 -75784
9 37622
-3 50735
-5 62989
4 98005
-8 -32510
-6 -93250
-9 11926
-9 -94623
4 -73356
-10 91551
7 -82721
-10 -38181
-10 40259
-3 -99746
8 18445
-10 -54289
0 68730
7 93943
-3 -94592
8 51648
-4 19195
-9 -13110
-9 33557
1 -58075
0 73399
8 -60752
0 9370
-5 76377
3 -85230
4 15100
-2 48040
-9 10199
-4 97063
-1 -54239
3 -75566
2 36320
-7 -50561
2 -45086
9 15289
-6 -29643
-8 -64353
-1 -91126
3 64953
4 99991
1 -99151
-5 -37637
-5 -26658
-4 18469
0 8422
-8 -83591
-7 -25859
0 -18069
-6 -50756
-10 -45844
8 95194
7 -79846
6 -23538
-1 -50230
-5 -93144
7 -1663
-5 -2600
2 33851
6 -34120
-3 64861
8 -93428
5 -9764
-1 -68062
-7 46216
2 -88042
6 -16365
6 -12040
-9 23429
-8 -61655
-1 82127
7 -83540
-4 -3393
3 25264
6 38768
4 73375
1 79276
7 -63816
-3 77756
-6 -12518
2 34484
-6 48528
2 -57809
-6 -6317
3 66988
-2 -96290
1 27590
6 -4395
8 66748
4 -45156
5 66424
-3 -4577
9 55048
-1 84444
1 27723
-9 -62093
-3 35649
0 61457
3 -69929
-1 -77873
-5 -62579
9 94475
-5 43292
-4 88407
-10 -24091
-6 4199
-7 88899
2 62043
-4 46849
4 66301
4 -41305
8 -93294
4 -56170
2 75071
-9 -91518
5 56190
-3 20126
-10 21711
7 -23998
-7 -44079
-1 7556
7 -63787
-3 12813
-10 -9213
-10 47836
-1 93007
-2 28812
-3 94774
-5 84128
-6 -86800
-9 -12416
7 -99147
2 -6267
-7 15376
8 -93362
8 88006
0 -6607
-3 -61327
-2 45347
2 -62838
-6 -66763
6 -30125
1 62743
-3 42823
-6 -93399
-4 91462
-7 -74808
-7 -95192
3 74254
1 84068
-2 -12971
0 -99341
6 9444
-2 87365
-5 -62774
1 10513
-5 -92663
7 86031
1 820
-2 57417
-9 -10259
-3 80922
4 94992
5 -16735
-5 -30900
0 9334
-8 44839
5 54397
2 67113
0 -98412
-3 -11931
-2 -93000
-1 55338
3 -75836
-5 -49377
-2 -63960
-2 58638
6 90509
-9 22343
-5 66391
5 -98716
3 85804
3 -98148
-2 10383
-5 -82622
-5 52699
9 -11768
-3 30231
-10 -35851
-2 85451
-5 32339
-8 -93885
8 -34229
-8 -29345
7 66405
3 -92371
0 42102
-6 -23092
5 2116
-3 -6437
-3 -74144
7 -63962
9 32298
-6 96201
-3 -64463
8 51730
-7 -25578
0 -79399
7 24510
-10 -30358
7 -89436
3 -15980
-3 -51573
-6 -49774
-7 -97686
7 -295
9 91943
1 -67105
5 93810
-9 -48194
-8 -71299
9 43534
7 86787
7 -67181
-7 -71954
0 -67067
0 -98057
1 -36448
-1 -10281
5 46139
-2 93487
5 -22901
-4 -11018
5 -55105
6 -25257
-4 77627
1 49893
-6 48250
-9 87779
0 -7925
-3 -87362
-9 -88463
-1 39854
9 90619
-3 -52220
3 -31119
-7 -34590
6 -71428
-3 14142
-2 -11264
-8 25897
-4 59720
6 27845
1 50525
5 68364
-6 6766
8 -34899
-4 -25799
7 45079
8 22896
-2 68549
6 15309
3 93121
4 -52449
8 -80989
-3 5182
0 -82435
-4 51738
4 -43957
-6 68999
-9 -51237
-7 6966
-10 -68415
-2 71533
9 -9234
-5 27007
3 57888
9 -40930
5 54421
-8 72924
8 -27579
6 35350
-1 39047
9 65852
-10 16767
3 21680
-1 -88743
0 -59070
3 -37401
1 4806
0 69461
-5 -5841
6 49158
7 49108
-9 -94615
9 88488
-7 -27431
8 47460
-2 909
-9 -35496
-7 19612
7 -19861
5 29170
-8 22629
-5 58112
2 -6268
-6 18523
-4 -82610
-8 -28561
6 43041
6 -49337
4 95261
2 42806
-2 -72984
-8 55556
5 -68619
-6 -52747
-3 88046
9 70507
3 -61009
2 -51332
-1 -39589
-3 1674
4 14193
-10 64757
2 -88275
3 -28274
-1 81153
7 75627
5 -83332
-6 -99596
-1 -683
-10 -4601
-6 95410
-6 -22779
-9 -48731
3 28197
-8 19083
5 -13083
1 -80314
9 74772
-9 -35647
-8 46041
-1 76106
5 -8161
-9 -77054
-9 18017
9 21333
5 94919
-4 83206
-5 50414
-4 30081
4 -25585
-3 -94477
-5 77672
-8 -14633
-5 39092
-9 -34567
8 -70835
-4 -45695
9 -30205
-6 53693
-4 95871
-7 -81264
2 -28
6 61509
-8 33450
6 -53433
0 -10367
1 55456
-3 -7863
2 72828
-4 30395
6 -27364
-1 33353
4 25984
2 -94240
8 85979
0 14968
-4 50069
-7 -43765
-3 50450
-9 -36785
-5 25522
7 73120
5 -8944
1 13990
8 5602
4 -27917
-2 31065
-7 66905
2 96059
5 -62051
-7 -78910
4 77935
4 91144
-8 68345
2 -85166
-9 75234
5 -96102
-3 -61548
-1 25211
7 -50413
-9 -88518
-8 -20135
-6 -66580
-8 37557
1 -32030
3 -19946
9 75790
-8 -62575
7 97245
-7 68179
-3 42407
9 68402
-2 68878
1 -17320
-5 93444
-4 95195
-8 9742
-8 -75447
9 -31883
3 7644
6 -16545
-5 -47390
