1000
50925 -93473
-76624 -62992
-62795 53643
-58970 12822
20448 19946
-64386 -61326
-10234 89790
13141 -66212
-61235 1432
-59687 73504
-31076 -89494
-96499 70855
85301 -42130
39316 -17729
-19590 -41819
-94231 91394
-78252 -60128
-60981 96259
53876 85516
80805 -12939
-40968 -41637
45684 1508
24501 -40461
51822 66857
-54374 19151
-20464 -89226
-24813 65007
-94641 40419
-96974 -47479
-48294 79335
-85674 58758
-67589 -37733
14177 -55780
-83074 -50106
50771 16882
-20088 -46752
20626 53252
14472 -89439
-35179 1993
-53646 25762
6048 72459
-63355 61258
78644 94994
16206 -43259
-65487 -1400
93232 1355
33809 -98530
-27266 273
-74049 -16584
87330 -19719
-57387 1928
-83915 28743
-60761 -73713
-9852 21935
-49465 94797
-24403 1033
-93834 25944
-26714 -58133
22113 -28848
-16378 19183
28013 60185
-84620 -47829
23649 78557
19439 19156
-19483 -85802
84610 81405
14662 66073
-16851 -95880
56373 7901
22019 52357
4846 94271
-93795 -60285
-76998 -7801
-4812 -92135
28183 -69134
78159 54798
99793 -31853
52267 -17572
-13453 63914
-94906 -39318
6848 70991
-58583 -63664
-89813 -5809
86370 -59907
-57205 -30834
-14506 -85788
49133 31265
-85663 33741
53979 75664
-70832 -68550
-16632 11573
90972 -50349
-63962 -70189
81611 -53485
-86195 -99280
17572 92459
2807 -38663
-54491 33854
52853 69869
-70472 28810
5828 -44906
65069 -40983
45372 63947
-94335 -31472
-46190 -81475
28448 10883
34745 73643
77313 95274
80019 91766
-99702 80375
12580 39855
-73712 -57926
51594 -6965
11404 -12205
-14244 -19517
80888 84109
46136 357
25621 -71726
46504 31954
4278 -27910
-75854 13083
92705 95279
-27728 -93311
-42287 29163
-15976 -49766
53834 61086
69571 -50848
-83770 65972
-71194 22995
7423 -47664
-47458 17869
82771 73326
-62363 44338
64746 -65613
-51979 49039
-51230 -51935
-12513 28207
56229 99496
47150 -68991
69802 44904
-64679 82241
-96229 -64479
26648 -80199
-85462 -3017
-15873 59649
99468 -76492
-75469 -48058
-80453 6276
30311 -80622
57641 27933
-58058 -76675
-18859 34984
-98536 5769
-26402 -58636
-7077 -83266
-81178 97796
53192 62518
-82986 -29699
14098 47250
-53322 -82164
29800 -32237
50260 -11628
49571 -74739
-76467 -64455
8659 -50047
-30816 27772
-26633 -58131
2962 -88004
1099 -31214
-65943 -79121
46202 73174
-95940 -32608
40827 -98329
-29684 -37987
-65073 49246
92177 83061
72700 39805
98132 74178
-26936 92769
85413 76202
-17765 -61947
32704 -57031
47549 -8951
24429 11323
-40444 -94982
69202 -54689
13193 -74202
-28367 56626
-36298 -17132
47545 47900
54945 61520
-99383 59413
-42225 -13877
55072 33562
-56264 28783
38931 8329
-16627 -42146
38644 8149
-59531 61090
19843 -50223
-22759 58992
-97544 -70091
80043 46866
-30133 46901
-31829 -58494
10476 90196
-54776 -62487
-78743 20714
-62565 73291
85194 -38574
35976 90867
-32413 30772
-33914 -39128
61938 -44661
-12847 63484
16156 2612
63024 -2233
-29342 95952
59063 70708
79369 10909
-83745 -91830
-34610 -97771
-81693 48735
-36895 -54141
-63404 -82071
-29287 -32822
75896 -41583
13800 -13626
-8595 -28316
63823 19170
84927 -85472
-40253 4687
25350 -92137
-72829 47456
66855 -74696
61651 -33273
93921 -25715
-54830 27806
25476 -34643
12465 17350
97767 16079
-81258 -30776
-7230 -51022
26715 4607
83966 84283
4547 -12621
-93115 -39801
25981 -98274
48422 60702
-23121 -89557
21563 15649
-20996 -88708
-43723 -96014
-26744 1611
-86754 85994
60898 -73953
59218 -53528
21403 -31152
95786 90523
-88083 -23629
-18852 22563
63489 82571
20756 -25729
-40158 33722
48303 -56557
79383 64774
88478 2022
95786 -17882
-62926 -92551
-87054 -11217
75722 -74896
-8639 97972
-76615 -21500
28160 60412
38796 -42867
-94060 57899
48784 -99493
29295 99000
52159 -3568
-9464 82006
44144 39533
53307 69803
-93390 96123
-62431 -42804
-49315 -60716
-68227 88337
77576 23133
649 -43957
-68798 65517
59186 -57744
46110 -571
94926 -8831
-62498 -78516
-84011 87970
72726 96786
29958 40642
16913 -69060
44639 -63812
-28204 21557
91361 -72739
-59070 -29036
9727 -489
-74641 -82397
80322 -74350
-143 -26749
67797 86642
37245 -51721
-64105 -55285
44607 -37863
32300 85126
80134 -50402
-15531 -46102
9326 -8869
-28577 46636
78494 -35539
84246 9644
74155 31925
-98675 -24854
89701 -4585
-34190 -80101
-58839 90338
-11887 -525
-71012 43316
-96604 -31367
95044 -76
-8420 -90341
89257 -93766
-52873 91332
86494 -44171
90185 34228
46179 -66314
-52844 -64605
-10995 -41847
-87514 -94680
-53046 60749
-44987 -50808
96327 12400
43965 89795
61484 84994
-75091 66009
-12266 -97211
51591 -21430
72881 74587
20387 67921
-15202 -90007
-11349 33872
5229 31581
-26281 -92526
43182 -47282
-89530 70835
30829 98076
-78321 -65705
-55090 -57612
-86669 -23144
-37732 -42669
-70153 -98500
-69081 -75825
-53506 43390
-17905 68586
-37486 14417
37765 -55435
20522 -63040
-27902 21140
43962 -35254
-61320 36491
-53387 8766
74523 -45926
-64820 -10342
81109 17296
-66341 30492
61256 -56470
5652 -72534
80145 -12850
2953 -18946
-14913 30329
25379 74595
90203 -3948
-66931 -13737
-22447 84719
62197 23769
-1575 48585
-61825 25777
-89283 21080
-73023 76844
88994 56836
62280 64799
34926 32021
53161 -5766
38913 -6945
-43185 84947
-81813 -37093
79659 8351
-88888 -27983
18563 -21530
-78996 48916
-87896 96390
55098 9889
-67933 -87330
-94645 79875
-83252 -40936
-39827 26108
-7940 28251
68049 60579
-60332 -41818
42891 38835
47350 84498
27903 77249
5582 -64483
68926 29824
14664 38699
-97483 48506
55840 -59923
44731 65889
-90300 -74963
-46 40490
-11121 59038
-23694 97750
24773 -7922
70847 -48593
40302 -49468
-67652 -39619
35579 -17831
-98434 -72395
-31514 77848
-95693 96549
-56256 -24470
-34790 -21951
-43453 11667
70267 -48018
83519 -97841
50879 -85369
58227 -97600
-50045 88311
8191 30153
-47525 -86497
-35330 17518
89522 -35868
6350 42136
-87074 -26329
-61490 17125
-2597 -68149
-79271 3405
-3254 -86652
-6173 98257
41202 -86894
21811 18865
-32112 38142
-347 -82283
2153 33179
-67787 -86746
19414 38333
25372 90803
31878 26226
-13992 -98922
71698 14411
-1259 -3404
-86529 -33607
4755 19027
93902 -45178
5654 -63394
-5517 9934
88950 -60631
-8308 45804
-50371 -48621
64478 -11367
-60017 -20253
-58543 -74744
97711 59070
6478 -70075
71526 70519
27340 -7251
-73441 -73209
14365 -74786
5394 -98506
-66614 80626
-76186 -52670
-72476 95607
18770 -90520
49382 -13997
-889 86073
-23404 -65371
-63401 -16936
-25573 -81007
-44862 88215
-31318 45685
-87452 63976
-16704 35135
9266 -98266
-16625 62159
25003 -33523
-59590 -51865
-82008 83852
-35182 92652
-47778 -54150
6485 88231
-90312 -79525
30813 85452
-6078 -7289
-43851 43494
52363 -4629
70076 17178
32812 -12299
68077 -40162
64034 -7611
-13660 17036
26105 87222
60999 -67366
45663 -71539
-83364 -47253
-81755 -18225
66770 -90713
-18271 -19550
35997 92073
-66838 -2156
-58788 -83446
45584 39880
-90205 -70368
-3599 23232
15322 30291
-84226 -95020
-71382 59833
59509 89448
-37874 -77535
-40525 -1821
-60211 -34539
-23926 -96598
25248 -29412
28601 60788
-64552 -47639
51703 76004
-73325 -33811
-48823 -30215
71452 86224
77427 31367
36233 -77569
13139 -13655
-63027 -86735
-46844 -93063
-50222 -7719
-81676 13532
32597 34983
-41946 75750
40480 42181
-85368 39206
1031 35612
-12217 -37040
78588 -60230
78304 62428
8656 -10277
-82004 -24099
-54963 28108
61946 -82642
52322 89729
66429 11983
-82568 21663
11010 43167
-65963 -61830
-56594 -8308
-91866 -24574
29305 -70730
71592 -61779
-69664 -99380
34648 -49822
7756 97203
-65040 -9273
-1719 60054
-25716 42422
-31505 -95511
73036 -59304
-76572 50750
75752 2648
21773 79367
-75398 44615
-71077 40417
96363 -13389
54293 -66771
60418 88726
4309 -93184
-2229 61325
-17290 2143
-18028 69226
-22978 26705
-76618 50956
-31117 -8386
69675 -61084
18655 67437
-48002 78555
-46483 -31057
16447 -49031
76018 90032
-78745 67339
-99161 48348
36433 -34949
99636 -14442
-61887 -38321
6718 -88289
57986 21285
-31223 -93474
-74374 95068
55984 -26354
-24269 37308
70741 57446
67955 86855
81231 81863
35208 -64634
-9632 -53198
85306 -7323
-19113 14632
68386 28673
90271 58330
51319 83325
-46499 7996
32198 6944
-90549 30712
9777 -53010
-56684 21379
-5016 2372
14301 -16053
96598 -56608
80392 49577
-16180 -82228
50349 -97254
71310 -40085
-73596 -34691
-59602 54144
-61861 -3048
-95203 97653
22326 -7594
-16193 -37256
-74753 -38989
77404 -49482
-27915 -11783
92049 68989
51817 -17066
78375 96940
18034 24993
48281 -59307
-25490 33547
-67025 -49246
36686 -27717
-19461 44141
-9686 55632
-91149 46364
16581 -2669
80045 -78106
-99861 33853
-81855 19381
72172 -66698
45686 -37869
-89304 -97679
8097 43469
-13067 -56543
-63890 13146
48671 64103
23143 88779
-40570 -66948
26058 52964
80471 -66737
60203 16453
-20634 -54315
-47593 -45514
2888 56481
96800 84180
6848 -71101
-31480 -58793
87860 70844
-59943 34364
64185 37070
-42793 -53144
19521 -4296
97692 52478
74187 91266
62463 67086
-92205 -34820
38909 38909
-26901 -70767
82764 65011
49914 -46389
-59419 30452
-53343 -48071
-93703 19771
-4418 -18065
-99081 -11414
92995 91693
88779 -56599
76056 13346
96931 83661
-52008 -71
-19702 11622
94017 -70287
76385 -58333
-10011 29611
68108 58626
88079 -24954
84450 10573
-3512 26754
-99801 -32408
-10593 -22079
-43105 -7749
90347 -26124
74091 -83899
-23599 -4492
62853 59752
-67699 99103
17019 -50016
73312 28958
36435 -83056
-24456 64629
-70218 65971
13827 -57708
507 17949
-92757 -21795
46912 -50699
13147 29339
-5746 70071
-56967 88046
21274 20140
-44379 60284
65266 94481
66758 -91645
26325 88976
58026 34465
37260 67529
90319 83255
92047 24777
-51861 -9076
78424 48055
73369 -43858
-91143 98195
48596 13551
-53395 2961
4848 46947
-93049 85266
-92316 -83706
61322 15260
99363 -64700
99213 5472
15966 11531
59922 -27223
40944 79382
-41019 29891
37292 69477
21932 52108
-90378 73219
46771 99478
51426 67070
-54115 -46794
61749 -76637
-15873 -88922
27513 51994
59845 74025
-78068 -23213
25413 -87162
-8289 -27049
-67912 -38163
-3780 36079
-42750 69213
-45430 16713
65669 35371
-74985 -45158
75643 -65535
-30477 61843
63834 -67708
89415 46006
43722 -7397
-72597 48843
45263 88950
-80463 -15044
7958 -39496
-55937 9093
-39603 36670
41130 -15067
3258 -84654
9819 -23329
98636 -54965
-42307 48756
86063 -27329
76350 25379
4502 -39911
12953 -6880
-76578 45704
29229 39484
-65566 47377
90815 -31700
49676 69613
-91245 5165
-8693 15921
94444 -61027
-6666 84589
-41415 48487
22473 12744
47370 -1314
-65090 -21353
62780 -27408
-87401 -5843
80454 -52131
47551 50942
-14329 14693
-92560 -98355
-49501 55881
-75470 -58481
26995 -70978
-63720 52528
-42552 -29859
-21774 37377
-67956 19912
-98496 64465
70647 10677
98333 -69457
4574 55786
84597 18223
-44300 -44481
89158 60885
57613 40365
-69750 -20249
-68468 -8311
34089 2703
23957 -19047
85749 18347
-37595 -17619
-78802 -7362
94366 -24778
-37888 -39459
-53636 83086
80295 74993
16359 76897
-2929 -5288
71284 6307
85818 -28525
-60137 -24605
94915 17083
-60109 98474
5845 40355
85822 -1200
-59493 -10307
24928 -20015
68137 -77808
34587 -8042
23857 80478
93406 28616
14520 74526
60070 -44744
63392 -45366
94617 -60624
31419 -82350
-4865 14273
-21517 87010
-12534 4115
-47253 95891
69377 21756
-25282 47564
42579 -9399
-49935 -63627
-91240 -25122
60125 -20675
82450 -94661
-21932 11247
60874 -79612
57013 84634
-64918 -48790
45737 46446
67380 -77143
94558 -89346
-98499 81126
34726 -69528
-60790 27965
-88899 -28350
-46103 66956
-68053 -30532
-94809 27018
-54127 19739
-20749 -47906
-64800 -10205
-63796 67236
-73865 -32922
47102 -31887
60808 18166
76018 28272
80183 19721
-3957 -60590
-65129 -72367
40152 29652
-59885 -45516
94238 -93582
-42651 93918
88441 -12456
79443 8063
-94664 -74002
-32806 15286
87657 4762
74450 -65735
54990 -32353
-16630 71097
67156 -7065
-4369 25625
86772 12225
73425 65780
-7854 -81760
79586 49599
-88022 80715
-4443 -70214
9887 -67783
-21363 -40443
-11331 -47255
12829 50020
-38922 -35104
32064 91281
-35041 -99394
-27358 -27496
-53718 -30983
-12673 1302
10787 31724
-92855 -23785
14119 -86338
-84084 87096
-53589 17595
3307 -93059
-90796 44664
24377 22773
89010 -76188
-17573 14411
80105 45610
-35453 21875
80161 82144
821 -8460
45597 7082
3317 42960
-6612 94254
18998 78163
-74928 -97578
45438 -24993
-63172 25733
3609 43482
61589 25123
82076 20295
-23771 49869
-16507 -77531
86590 72915
21197 65176
-32824 -14731
-3947 31975
12841 24376
-58502 39329
-85722 60346
13553 -85051
-74335 46214
-2300 86588
-21626 -92580
-22417 -45629
-57999 21064
60286 -44962
-99933 80525
-84689 95728
-76412 -19152
56370 20472
-26943 53822
10986 39802
6368 -86538
62165 12451
-15766 64279
29204 -98758
-88431 67126
-5370 30015
-47832 -3095
44094 79170
-4668 -33175
23174 46112
24983 -58985
31907 32316
9065 -54230
15740 33429
-96024 93080
41892 -28158
-64773 57898
-19780 -35089
-54746 65131
70137 -22279
91859 59044
-56532 -67060
-14106 -14704
43559 26683
36753 77200
-74861 -93769
-69352 64874
-85181 -34647
-18445 -70151
-96614 -61536
-51461 95774
97266 -81511
-74766 -77213
-5213 -5730
-83316 -20818
33915 30201
-3312 -54548
54253 65938
97546 -1033
-53579 -76231
2210 89057
96676 -73225
67941 35661
