10
100
9 186 105 173 127 121 106 130 90 106 107 152 167 45 39 117 45 175 126 113 105 7 145 69 20 62 187 124 146 154 96 128 92 37 74 81 88 161 25 26 30 87 147 4 63 17 6 199 58 4 89 94 183 18 57 66 135 86 139 50 99 17 92 42 148 29 105 185 147 137 45 63 155 172 125 71 124 13 2 105 121 154 63 35 131 63 1 193 167 90 199 115 37 61 146 142 27 171 23 102 
100
122 191 131 98 184 49 103 112 21 114 84 34 25 82 111 9 30 88 40 18 98 18 56 54 81 149 58 126 160 63 28 86 60 99 45 114 92 22 153 103 124 167 123 83 108 28 2 159 97 3 159 171 58 37 166 179 45 18 147 121 27 89 95 12 177 143 99 23 169 186 92 196 200 30 192 107 193 152 16 181 178 25 70 14 94 101 32 83 19 172 94 48 124 17 137 125 153 41 68 66 
100
150 118 72 88 185 21 10 58 184 133 136 44 155 106 140 35 101 80 159 101 49 51 34 154 131 70 9 19 68 146 81 10 154 186 52 186 144 134 130 16 65 172 186 131 171 101 161 80 57 135 163 113 89 198 128 151 40 193 8 165 67 83 26 87 119 174 136 179 43 63 56 22 172 22 135 2 105 4 183 95 121 10 99 80 50 127 127 143 27 114 69 180 92 177 46 185 28 122 134 97 
100
147 40 51 11 57 89 55 194 167 141 179 119 69 104 63 169 147 156 40 131 20 185 169 190 152 159 77 161 49 22 60 183 152 67 68 16 153 197 193 26 132 145 80 185 93 171 24 132 94 102 67 10 124 38 28 101 159 195 112 126 62 49 170 90 187 182 18 59 74 196 38 90 8 184 172 187 65 113 62 193 2 157 95 101 97 32 69 97 18 23 167 25 67 172 65 84 114 195 38 63 
100
117 180 85 26 3 161 135 184 41 155 192 193 15 112 4 90 76 41 156 72 167 113 49 193 176 39 48 44 159 112 183 9 99 38 135 19 21 118 138 125 125 9 175 179 109 65 35 155 150 159 98 68 16 42 23 30 86 122 64 90 48 117 174 139 10 106 131 132 102 165 173 124 6 139 106 80 60 14 180 104 21 35 7 69 131 121 176 160 107 13 33 23 7 28 114 60 100 144 26 38 
100
14 183 191 20 18 160 130 167 108 192 126 39 11 172 138 1 186 168 21 176 200 87 82 122 58 196 69 68 192 128 44 88 29 156 33 117 114 114 191 192 62 175 114 122 119 156 84 10 180 165 62 157 142 9 12 107 91 180 60 59 29 57 80 178 179 4 130 112 159 87 144 115 192 35 112 80 128 129 149 79 49 169 58 15 155 195 30 82 129 5 65 90 37 117 111 52 169 183 139 196 
100
71 56 149 113 35 51 111 66 104 84 108 73 192 172 25 23 17 117 185 192 124 135 20 145 55 42 112 95 61 84 3 89 148 53 143 169 32 105 23 159 198 37 9 167 43 134 141 116 182 63 133 60 164 2 52 198 107 57 140 138 88 140 195 8 5 93 70 11 181 147 57 103 170 20 45 113 33 119 35 54 188 9 169 23 1 141 146 27 97 73 186 189 83 15 75 192 169 146 145 184 
100
52 98 173 3 68 121 48 111 58 94 198 30 58 50 133 128 83 162 142 199 145 20 155 105 140 45 194 81 154 66 193 71 11 181 58 89 20 11 153 170 14 132 44 27 191 171 34 199 130 135 39 43 155 80 87 149 21 102 160 108 119 198 46 136 92 126 57 124 170 20 9 145 198 137 141 125 77 172 24 172 22 109 157 117 79 190 165 97 189 161 7 199 144 102 175 124 93 59 169 161 
100
110 90 167 101 200 189 186 132 115 77 62 64 175 131 145 8 149 174 46 174 36 167 156 77 117 193 92 186 144 118 19 18 184 157 188 117 149 32 163 153 121 125 149 98 134 187 107 193 117 40 193 11 153 136 58 91 182 9 118 122 108 37 159 38 81 39 40 113 69 49 15 83 127 14 124 114 145 163 2 18 47 84 79 152 134 52 47 187 195 68 181 141 81 88 92 29 175 175 98 57 
100
153 162 142 115 149 190 68 161 121 53 183 186 188 121 47 21 2 35 19 4 28 147 80 97 55 81 50 24 187 124 42 62 119 25 34 104 52 22 69 198 71 15 26 193 34 152 50 19 77 44 127 110 169 6 192 193 126 31 186 86 190 31 98 183 161 31 104 130 10 30 22 98 169 114 162 168 67 169 183 57 183 73 115 2 122 125 132 170 150 17 180 39 102 160 159 188 197 75 27 137 
