20
200
284 123 97 173 86 232 256 39 141 272 105 265 273 95 271 277 67 271 65 124 118 88 138 64 8 270 263 217 208 159 282 54 93 52 50 187 202 49 39 40 24 223 207 171 99 102 249 254 149 27 25 84 47 119 188 29 249 28 266 48 200 164 21 188 298 188 128 50 89 219 156 194 72 139 97 54 239 99 284 199 73 82 147 183 123 74 69 27 98 116 244 294 177 180 13 5 48 140 99 248 121 222 91 41 189 265 6 116 280 283 83 15 125 72 46 98 75 222 37 78 81 22 258 293 5 134 185 73 66 103 96 15 252 77 108 121 19 232 190 171 132 121 66 169 259 58 166 254 155 102 90 205 188 25 63 107 98 2 113 24 7 2 110 297 159 180 12 271 37 233 138 21 21 290 29 263 132 292 48 225 199 299 110 30 16 162 175 107 197 262 250 95 262 48 293 64 206 268 290 193 
200
160 148 97 213 128 206 249 160 271 113 223 201 131 1 88 104 32 292 275 117 90 168 27 280 64 46 262 94 176 17 70 292 73 48 175 11 53 260 213 260 278 22 155 53 59 203 225 247 38 264 202 109 21 280 121 145 77 224 92 117 271 242 93 201 193 198 176 27 83 49 218 259 283 206 69 168 178 109 68 175 240 22 24 135 253 199 50 20 37 197 87 212 13 36 214 155 15 181 201 257 92 280 207 253 92 214 48 252 105 132 41 72 247 29 269 231 172 36 280 135 116 142 180 7 79 95 61 285 230 278 277 245 38 62 100 138 79 181 172 20 144 256 216 154 171 109 98 185 244 172 90 149 21 58 298 109 197 126 111 225 1 20 157 283 270 118 133 7 184 136 149 208 115 240 274 2 260 239 194 29 194 231 33 121 33 2 297 280 182 173 51 170 197 168 159 47 284 173 247 118 
200
225 299 216 200 225 17 6 262 134 27 174 79 230 144 144 213 200 153 125 127 104 125 213 116 254 269 261 194 168 162 233 232 249 277 4 60 240 126 284 279 244 296 276 268 115 248 231 248 38 284 231 6 49 274 73 226 44 64 135 298 261 194 23 238 43 171 138 204 270 284 225 166 251 235 274 210 98 54 187 150 3 290 118 258 58 223 52 194 243 17 184 112 120 17 262 26 228 136 173 228 52 11 188 65 47 83 32 202 148 51 110 175 19 288 255 169 95 145 217 179 298 47 168 245 125 286 109 286 100 289 289 244 174 102 277 154 232 41 8 89 19 163 215 243 213 190 204 8 172 191 81 141 123 267 211 211 8 234 296 236 251 201 130 49 275 94 245 39 138 133 292 65 20 157 223 142 182 195 291 231 156 182 263 237 104 244 134 152 53 28 4 166 180 33 169 117 17 62 119 262 
200
268 206 68 108 178 273 272 224 26 28 100 271 237 218 131 257 97 39 147 15 264 117 256 259 192 204 205 9 46 158 271 194 132 97 42 109 175 296 173 110 49 136 245 278 117 134 297 122 192 135 229 167 132 248 156 266 156 128 130 266 63 108 286 275 136 269 224 244 145 114 218 214 90 260 236 186 161 210 54 288 120 173 213 158 2 218 217 273 114 102 37 47 20 242 227 8 129 207 113 236 109 154 144 153 127 127 41 141 45 163 33 208 76 217 233 255 238 159 229 27 42 252 109 255 25 300 134 63 26 22 38 191 107 89 98 244 38 258 58 45 104 221 282 100 229 222 212 2 24 210 167 276 258 294 90 116 137 127 159 75 113 115 22 264 199 63 40 165 140 165 181 273 124 251 294 218 215 269 207 195 296 220 208 300 176 67 21 297 1 79 199 80 112 109 249 159 232 159 207 298 
200
217 247 66 188 43 226 68 244 78 125 297 182 277 44 114 147 153 300 5 85 17 83 97 175 117 53 299 28 7 237 46 222 24 196 291 204 54 194 288 128 25 119 162 87 276 11 288 294 178 249 102 118 237 239 206 294 54 187 281 75 109 262 153 12 123 198 70 144 69 278 279 217 238 34 106 222 225 224 115 251 208 57 40 211 133 125 156 134 123 206 230 148 212 110 133 214 240 122 274 184 87 38 76 58 199 147 62 243 240 60 153 27 178 224 104 232 97 291 90 91 226 231 111 148 272 224 1 203 240 35 204 116 226 215 263 133 129 190 257 295 21 171 176 98 86 147 109 197 172 57 297 130 233 273 114 257 239 129 185 287 191 123 286 180 224 17 132 285 152 18 84 96 91 112 300 73 234 206 196 202 259 224 107 109 86 33 294 72 243 52 257 138 64 98 47 232 6 227 288 158 
200
23 211 157 155 260 251 287 54 128 208 36 95 74 263 199 290 63 70 232 74 69 162 38 264 201 29 68 276 116 274 14 164 276 274 190 93 122 229 111 151 245 86 61 105 89 51 261 131 76 169 206 125 189 102 87 101 244 244 31 233 286 153 139 243 241 135 123 44 126 90 156 298 228 59 31 210 128 44 94 26 79 33 119 35 263 57 245 153 274 90 75 237 131 141 34 135 287 213 26 130 139 21 84 1 63 8 167 171 34 65 141 29 23 64 103 99 67 151 299 192 43 212 268 41 257 250 83 117 86 85 161 18 51 219 205 295 32 169 220 197 136 151 126 66 131 211 54 24 64 215 109 50 203 137 143 146 86 199 182 291 114 283 19 123 68 220 202 12 24 1 34 178 154 141 49 24 164 224 261 36 276 22 219 96 178 158 291 134 263 152 136 262 246 98 289 247 51 263 240 87 
200
63 56 214 224 224 252 91 55 86 71 108 110 237 183 182 128 59 118 32 203 116 78 132 103 100 10 18 269 180 200 62 154 213 276 63 289 134 272 175 15 161 279 105 234 104 187 29 279 211 122 47 68 28 185 266 80 258 160 146 121 191 288 220 108 102 190 273 179 128 132 38 120 160 97 94 12 188 61 300 114 98 30 111 124 105 292 79 195 9 76 14 183 168 259 246 149 65 57 237 49 101 100 59 222 21 1 142 232 155 6 52 127 124 261 64 85 265 120 190 82 276 77 184 15 186 16 17 237 207 23 106 134 270 57 62 205 154 222 246 30 83 298 116 16 161 23 71 110 285 37 63 175 21 8 87 61 139 140 120 269 100 224 260 220 203 287 51 217 236 148 28 258 113 20 168 108 216 82 58 43 29 214 175 36 138 136 208 81 237 250 288 103 256 89 39 74 88 181 75 138 
200
50 28 79 116 65 161 65 95 134 27 184 176 144 95 145 299 65 254 133 51 180 139 132 68 287 138 48 48 268 40 225 17 214 98 40 56 283 284 238 136 99 273 94 117 100 169 237 291 300 210 205 28 290 43 140 20 8 210 150 206 73 171 173 164 182 117 125 174 163 30 99 57 227 58 238 222 215 128 64 108 183 43 96 118 170 69 12 284 109 173 138 228 213 87 236 92 80 106 269 19 252 274 72 81 74 42 119 163 66 175 112 110 228 149 143 210 179 197 229 150 76 253 99 147 193 44 105 178 234 73 36 253 219 5 122 164 95 246 205 264 149 19 248 225 210 285 173 177 30 89 278 240 270 127 213 141 233 237 21 296 209 285 187 258 188 114 64 226 120 146 61 125 108 139 49 209 80 195 10 269 287 202 195 208 218 270 192 103 272 203 198 124 4 262 277 24 31 70 87 123 
200
111 173 10 135 246 28 205 190 255 114 75 124 34 79 293 140 254 76 209 45 40 17 134 65 125 221 186 265 144 113 25 140 169 255 237 160 249 181 15 288 291 35 211 125 10 194 94 123 244 197 227 60 183 63 200 294 10 134 63 204 42 190 61 127 229 38 156 286 91 272 159 28 247 74 230 39 173 199 205 73 29 278 110 222 266 135 281 217 204 28 243 84 258 258 184 37 201 228 109 143 165 142 162 28 117 238 65 84 33 123 235 73 117 87 279 89 145 195 140 237 119 56 294 95 280 280 132 86 59 21 268 249 119 13 55 177 299 59 283 23 255 29 46 9 184 47 85 167 92 51 49 190 271 261 12 176 148 93 284 155 216 238 159 298 16 209 254 28 294 26 276 204 255 195 73 192 178 175 240 78 98 148 296 244 179 212 186 115 290 140 68 58 20 22 248 272 146 65 184 131 
200
174 151 264 155 136 98 33 270 18 242 185 25 12 242 110 135 101 64 3 216 186 274 253 109 127 75 218 134 79 154 212 36 79 37 164 288 256 128 217 223 89 213 187 196 30 192 166 95 59 234 40 99 235 287 54 119 89 154 254 92 8 60 54 194 285 245 51 99 157 149 129 296 283 107 210 258 108 166 285 156 118 62 240 132 190 210 67 299 165 9 99 173 145 233 167 52 139 26 66 228 236 129 53 299 260 137 146 97 114 42 98 83 42 75 271 67 123 83 128 295 85 16 25 255 121 208 190 224 258 121 140 235 241 111 250 173 116 271 48 112 44 1 113 38 30 162 97 269 262 255 254 246 79 35 233 293 190 219 271 289 30 262 201 128 143 147 191 162 150 300 195 19 105 102 50 218 92 266 211 252 118 114 109 228 215 88 249 295 22 211 3 227 43 140 241 296 264 162 60 107 
200
267 141 32 51 198 107 246 252 98 156 132 49 125 188 95 213 99 122 199 118 74 299 56 214 189 35 209 45 178 156 86 246 72 269 294 218 107 88 140 98 261 91 276 141 65 111 198 177 138 271 67 64 126 212 17 294 99 217 184 129 14 232 8 253 106 181 213 149 236 58 156 50 261 88 252 254 179 130 213 88 207 195 64 54 74 13 275 243 170 147 106 218 288 107 278 130 84 232 217 192 109 37 95 198 281 219 99 34 223 59 281 150 223 144 166 292 201 143 40 33 7 180 280 298 268 64 193 215 153 167 227 40 169 216 100 300 111 215 17 7 244 22 120 135 34 159 73 95 213 149 227 172 111 121 133 35 73 136 60 43 64 290 226 267 281 264 195 47 137 96 231 183 272 221 28 175 196 207 218 29 132 284 132 232 61 41 125 283 281 254 163 82 6 60 58 166 29 88 80 158 
200
256 212 32 253 25 289 113 107 228 5 292 280 3 112 228 118 100 62 208 105 82 31 135 231 139 261 96 10 81 205 236 255 296 160 4 125 240 145 225 193 60 272 147 210 54 200 102 200 75 64 263 117 93 247 182 124 255 2 175 258 129 103 287 57 289 171 223 86 241 106 99 102 54 74 300 1 68 293 14 148 39 188 2 115 214 161 27 92 186 15 155 277 281 245 199 284 238 159 298 42 204 67 108 231 275 239 158 184 83 238 241 260 44 262 59 179 296 37 167 199 199 255 29 293 200 135 122 52 217 300 65 248 160 62 141 175 91 152 161 34 153 260 134 106 250 73 168 237 49 81 44 173 31 271 180 105 267 50 179 145 200 159 50 72 27 67 295 229 177 289 173 81 55 126 125 252 148 230 288 201 31 270 81 143 290 199 88 1 186 110 74 112 232 160 247 67 39 231 150 123 
200
39 49 55 236 49 105 23 128 104 236 143 295 155 227 242 103 220 66 61 281 213 74 156 267 97 46 207 99 85 246 24 216 91 21 99 55 18 213 47 133 16 48 14 263 121 42 140 110 33 256 36 261 119 107 216 155 110 189 78 253 277 139 119 231 246 220 183 182 32 201 297 195 289 182 148 161 181 251 262 60 144 282 244 141 38 216 227 292 261 51 169 25 174 151 78 130 88 283 89 237 177 130 182 178 127 145 150 30 6 295 77 74 42 108 110 201 148 50 135 287 140 249 183 164 162 93 26 68 141 38 56 28 262 67 257 6 273 265 286 192 189 58 227 110 115 25 88 105 50 29 70 282 76 126 52 200 139 250 130 1 260 172 184 43 47 89 154 207 109 300 154 17 211 127 270 122 123 246 61 33 100 116 136 223 233 180 169 47 162 150 166 149 206 93 270 19 48 143 285 141 
200
281 291 178 259 33 267 242 132 194 178 270 13 169 79 15 17 10 203 89 295 7 24 294 68 11 2 173 274 64 254 207 264 74 177 40 120 242 181 221 226 60 282 221 154 55 64 105 203 213 208 60 226 233 16 283 111 75 291 10 77 149 17 51 300 80 179 158 118 9 114 265 55 256 78 149 150 268 152 109 155 212 167 95 194 290 239 244 60 266 207 27 45 277 5 265 5 155 20 72 187 257 85 77 107 255 177 178 243 45 70 48 244 20 175 65 77 244 117 238 168 192 23 102 244 241 130 238 300 126 102 284 10 199 287 238 194 197 144 101 287 102 216 217 42 249 17 70 266 116 145 231 284 196 135 271 156 289 175 205 103 27 93 192 183 131 20 171 35 126 6 33 260 15 194 288 217 215 172 207 197 14 228 73 190 23 162 264 212 184 69 79 235 256 46 223 222 69 23 80 244 
200
57 11 154 12 143 53 114 173 270 5 199 94 230 142 256 100 57 148 275 23 148 143 250 49 286 109 298 255 253 145 281 168 76 165 137 117 63 81 93 274 137 108 162 261 79 37 18 92 150 262 123 87 187 206 24 292 24 49 264 162 2 241 235 20 101 198 84 162 12 69 100 124 209 296 276 182 126 76 173 48 58 264 61 147 58 237 112 215 280 263 33 67 129 40 277 110 257 198 58 47 203 253 20 219 114 141 118 61 260 221 117 110 204 133 64 163 109 129 275 100 168 167 209 50 130 177 24 115 136 174 84 256 247 211 19 23 216 240 23 114 251 281 52 156 85 178 36 11 136 42 248 94 238 35 193 135 53 165 171 247 270 298 80 57 99 56 140 68 250 113 120 241 191 3 296 161 165 162 13 247 226 279 247 8 108 202 212 194 34 219 122 247 58 225 229 66 170 215 35 251 
200
90 139 203 259 262 140 144 133 212 206 56 279 148 185 233 124 270 222 122 288 296 33 61 253 101 7 140 79 61 82 273 62 274 251 190 130 294 223 1 112 198 90 220 263 30 243 277 249 182 76 76 51 281 204 217 274 207 286 15 12 88 165 61 199 115 108 265 35 208 53 286 238 230 249 258 203 280 114 127 263 6 235 85 72 251 238 97 215 252 91 289 25 123 41 191 284 193 27 170 3 272 105 59 247 118 207 149 19 98 161 79 38 44 259 89 24 287 83 85 147 248 177 51 31 222 30 260 179 92 216 43 45 214 100 128 179 144 49 33 148 68 225 38 51 294 38 25 190 256 226 10 105 42 190 259 156 296 159 15 239 131 270 152 252 178 26 146 134 89 51 46 108 57 221 155 140 197 142 56 237 48 196 246 227 56 298 296 9 142 261 12 19 235 278 187 238 27 82 176 148 
200
209 244 253 265 158 34 259 178 228 175 138 51 169 293 248 12 40 98 238 151 245 11 252 9 96 219 274 158 15 41 258 290 159 281 277 269 47 128 288 137 197 126 60 263 248 60 177 28 223 238 226 20 206 226 245 264 46 62 28 151 208 214 81 290 32 278 106 86 88 170 64 186 86 10 69 289 165 181 243 206 165 193 27 106 116 25 286 68 49 266 262 275 67 158 72 50 193 269 121 262 296 205 147 127 180 201 41 224 188 245 233 212 161 96 169 116 150 241 40 141 41 216 283 269 67 296 211 196 172 117 165 227 41 80 279 30 299 224 12 82 169 120 212 177 249 270 276 233 39 78 257 267 229 87 159 185 174 133 183 162 5 104 242 60 113 156 114 293 235 101 151 226 47 241 55 62 231 60 133 299 164 111 160 262 86 276 118 127 234 177 287 174 98 175 52 289 153 228 248 150 
200
80 44 49 65 152 221 50 129 48 37 188 29 161 93 54 274 160 7 153 47 252 43 267 262 293 261 288 89 189 237 255 200 197 185 195 93 26 47 297 171 76 230 147 91 286 151 285 87 99 59 183 278 252 255 212 185 68 51 273 286 173 295 193 38 255 151 172 83 37 180 273 148 62 191 248 237 146 82 279 146 55 69 221 70 142 11 253 35 205 228 256 23 36 221 257 262 222 22 92 227 139 120 1 53 56 127 286 163 271 29 76 161 179 164 109 188 150 80 170 235 221 293 84 188 235 144 292 67 38 139 227 34 3 42 81 276 144 207 122 53 7 105 290 13 200 229 85 180 59 277 252 179 271 277 161 154 278 63 185 181 147 66 246 222 152 294 258 206 115 54 142 35 223 198 247 79 10 107 81 43 138 120 297 286 213 133 123 175 225 55 236 28 160 22 44 64 135 102 87 232 
200
261 181 296 57 7 203 23 234 73 231 256 55 143 133 56 80 241 169 299 56 292 135 189 168 126 188 277 181 148 291 272 9 246 227 228 12 266 256 296 85 157 256 97 46 14 153 14 114 184 284 180 281 211 260 201 293 297 63 166 208 11 36 158 288 101 121 41 210 294 203 264 174 165 100 155 223 79 52 77 206 278 39 250 187 169 25 239 292 229 8 290 160 259 246 236 191 228 283 135 212 137 125 67 240 139 196 207 13 85 281 56 141 91 113 226 156 75 3 180 287 214 274 257 175 86 208 142 1 97 56 170 259 164 281 255 54 185 42 291 58 169 293 243 239 62 179 147 122 21 106 282 299 79 66 204 100 66 248 89 34 285 108 239 41 259 237 90 22 220 158 111 81 284 119 75 281 5 100 185 299 187 185 279 149 22 252 193 66 100 130 235 105 236 196 89 232 298 197 47 211 
200
23 219 157 22 167 128 299 281 262 29 237 85 104 33 287 55 45 283 55 55 204 63 119 132 197 104 200 219 136 210 279 25 84 26 155 269 17 299 207 289 250 10 262 127 62 117 260 271 17 7 239 262 45 195 122 226 186 135 12 273 290 128 149 264 289 171 124 158 145 117 104 83 121 278 148 184 231 178 36 43 214 162 131 199 185 81 102 68 189 22 162 216 125 246 197 260 199 169 177 277 50 205 105 9 298 158 12 138 204 263 231 125 79 105 38 194 30 50 66 200 31 85 246 247 290 132 243 181 274 124 52 26 85 65 70 277 239 133 197 180 193 129 99 127 258 291 169 56 277 138 94 135 272 235 86 86 28 196 288 24 114 101 87 57 158 102 204 233 106 76 75 118 62 72 182 35 69 26 154 175 142 155 215 181 175 72 104 65 262 19 239 183 287 220 82 202 293 298 58 84 
