50 50
152341 707241 37569 432445 845984 135041 765473 632697 738374 139094 937383 804634 595515 693244 862611 625870 460007 672221 973461 861593 592999 536502 578709 129809 301578 79767 855531 802723 389846 358 148903 535372 844161 645532 370315 323617 535096 538951 966412 214343 415900 572551 666901 872571 147775 653969 605827 673740 934507 887150
935670 972967
408781 905579
328433 269981
560031 722957
871832 854734
392138 859654
303915 684921
506427 398484
491228 593426
99476 706118
590205 374313
253464 654254
332725 788295
739691 234371
977089 889065
138391 439677
289071 748761
159631 486805
756822 916776
843386 110282
811560 168136
296609 913312
106882 728871
77444 643058
305460 360487
337339 969443
704756 684679
756732 425286
313269 656246
126323 431847
6595 401774
528196 404209
413058 262514
299153 201281
506020 491749
75422 104299
59747 483353
980015 835081
145176 364395
515412 904848
219983 738372
41827 526965
351286 527941
606127 207419
143643 889185
457560 234428
537550 547887
978094 333641
427366 359077
578883 447897
