50 50
309 757 809 282 468 407 459 912 854 448 203 844 561 886 313 323 466 797 210 287 190 233 378 840 868 322 460 250 762 661 584 406 325 161 279 694 421 15 532 291 304 861 4 409 77 724 159 374 308 353
120 695
0 2315
132 4476
302 1499
65 3651
206 3129
191 4170
135 3934
61 1324
364 757
182 4949
351 1880
25 2681
201 1737
197 3374
220 1298
413 3462
300 958
281 2294
107 4629
272 2401
217 4804
364 774
344 354
286 69
253 2540
279 3694
298 3091
311 3618
450 3577
382 1808
152 3839
310 338
20 73
370 1213
455 3320
210 2685
27 2704
325 294
329 2888
377 2716
162 3541
363 4348
231 911
165 2249
78 3513
114 3512
178 4373
45 531
318 358
