750065997
219339857
533105926
135993687
1198853762
763939536
-9972967
497638566
-674189180
1174006140
151298717
1356745446
928242781
-417427356
39153937
2449217925
1493252469
118407396
5005816965
1796032546
1217072570
1790357017
1916751757
2704375841
512075595
1439751135
-348890784
-731191914
-424694393
4723439101
3087980000
3473907906
398321706
573912355
-496992710
-1061428736
295031280
-1028113394
34763683
-70844611
-255668325
320522465
-1752793563
-1162241852
-150194267
-1023428100
-15555792
822626085
-305906823
-1587466562
946176637
-1715032046
-360889169
-2428139828
-814586983
1590592942
285273257
-1558755188
370937812
-1557200853
398622001
-747415780
3225375794
673832280
1125215055
1784287521
940221290
-435772942
-262386244
-2331564927
-1890972232
-2276438039
-4767501747
-1093344853
416715201
-1295520843
-2055200605
-4283098022
87575556
-695814095
405737979
-3984026961
-814586983
807806529
2013430645
-3610776129
921668827
-2046585366
-3065512189
-120115323
1169274124
1317509255
-2706272724
915350877
-1129742022
1692984049
-2587597539
318767220
3421498905
-1557991783
-3086055649
5254051033
3286829630
3688177540
-2289689045
4812204534
-918753168
-2075407473
2028653790
-126981556
622779678
2474572764
257423750
2433038474
4145959901
-2739922346
1052184441
-1937045124
1829731168
-1466646055
1453531915
3043930644
2372432396
1996039675
1606297101
777761595
-2471839775
3635604892
7260722439
6890514565
464076629
-1314772909
3657312357
-151919678
-179710479
1049790001
26578452
1738828720
-858066057
2749256478
-1081275275
-561030945
-2027393032
4921846137
-296936122
890940408
346206523
1726594766
5210911034
-1831885019
202169064
-1037037180
-1083001815
3924129673
-2221737634
877359142
3062013115
5775085319
4866652594
-286247244
3184332906
392171459
7726439013
3063747099
3473163474
3100378251
3700055719
2054842629
2580903124
935114042
-624305199
533785803
-434529839
-817104395
1100346925
107543147
-2010616540
2391030758
4395603654
4349923737
4432653715
3023664596
-1077350494
2209092031
4013937842
3950509314
213379212
1705652337
-1906321777
-1433287515
1610213335
4397288659
-2993750483
988113489
-1395866560
2219731847
-554997413
-975320599
-855648749
-393000115
823586774
129878263
-1555541009
-969590401
-3718145177
-3342796293
1815284387
-3527907079
-5420166875
-2330782471
-1235296932
749090041
-2957909575
226447644
-796848269
122051724
-1195557436
-3372869321
-4055699591
22035260
-4248652367
2200474600
-1542715444
-396125053
-1073700693
-1808262938
3221378253
1153810131
1278582099
-1869068562
2749518870
539618859
-233723413
-427935206
-433142717
-960711611
2163811340
2500293973
-346539979
598794437
276354903
3165032942
-459460743
984849689
-223536828
1055664292
1800191523
-71860719
2945882924
-32943352
172500117
4768000030
54749882
-254022687
4036910608
1227647568
1322383155
570971933
3707798265
4156551412
1835879965
2110510434
-3021324650
1628617970
864124769
5867175270
-121143554
3597570118
6946856392
452571471
3446906730
-2848128603
1106673909
-128872208
-650392624
190260435
746118050
4003258950
546683413
864787500
1680717644
5872782511
1234379223
-3526042920
2192673814
5495114180
-1323798417
2050141756
-878368798
-2114462251
15792056
1698029051
1360589226
956088175
-152066666
1946386222
1966844159
1292345492
-3159966572
860082207
-6655506978
-147884837
233970886
-2070579181
-2379346936
-5762009756
4458569795
-3975140701
-822696290
966951557
-3156578902
2333736822
679308337
-1615825233
-1105516635
-1730861115
-2303254152
-3852218646
-7641028130
-910972822
-4065654362
-6664460514
-4857250033
-4322990083
-8496021639
2639915163
-7539220115
-149126617
1407199819
-9015626658
-8579048830
-1708882268
-6198887581
-765411142
-4179142446
-1768008600
-3402697357
-248713914
-12142125709
-8795413159
-6022320752
742080847
-14226249385
-11350865371
-7579719938
1824983940
-8777116110
-8456107688
99168299
-2579791189
-904115771
-6117865749
-14260833424
-13362441795
-3804760069
-331504885
-2964185787
-12149458971
-4457955607
-9345755726
-1064938268
-2782418841
-724418771
-8193475753
-14130912605
-8641993305
-4122943206
-8065217200
720718337
-4528296562
-3124424850
-5848978516
-894758970
2646005885
-10419819588
-11588729226
-9007632492
-3870516621
-5112727995
-9890706931
-5542234085
-2171792424
-1049593832
4731071776
2494623416
-2836355893
-10677949005
-843526626
-2575840592
-4030429455
267983510
2971533666
-17181510231
-2523540353
-6503473114
-1807916372
-9829730563
-5483025661
-331986063
-3406098015
-2998749047
-15504326238
-9909161100
339554132
-4171004683
-10247158189
1532792190
1575468531
-4288954897
-5383555403
-675970908
898232841
-1039804843
-10315595041
-3854627537
-6975595348
-3195109530
762973733
-10891653919
-2133779066
-347862859
-7776122689
-10907329914
-9800830138
-9248615602
33094124
-13309295572
-942074353
-13414441899
406224376
-2181469173
-1904078857
-4293431085
-3287456858
-249671028
-4725281129
-398195358
2386157707
-1574031387
-4955781831
-3571950182
-2876673815
-44903931
-2791982284
-347742354
-1257583967
-4387382751
3095617614
-5144071883
-1450406162
-4842863331
-8286468432
-3064406110
-6603167805
-4011432366
2842033047
-6872691580
-174596032
1660696441
-1281785524
5415286003
-14347727762
-1852941891
-11633681918
-5134656854
-5697301573
1926186334
294970111
-1358141107
-27909903
999066280
-14894909817
-2877679914
-3812666568
-3808751730
-8762699598
-6088017301
-5381851095
-10434941768
445146102
-9853375011
4190523806
2100821845
-6201094830
-12624018610
-11579969688
-13017187610
2818793783
1306447260
-2598893449
-3126296736
1194485298
115020227
-14728035455
-11873891415
-5571848170
-4758590299
-14594181694
-13492580151
-3836499539
-1981776038
-5807612735
992721180
-6024296276
-879991084
-10842179003
2790632998
1509128597
-7034109779
-2458784693
4303326737
-7661038324
3406444600
-8697370369
-1474539129
-5521939735
-8049512356
7688574333
-4390979245
-5615680974
215169505
947754998
-5857124400
-7969419627
-372982104
3508555223
-328256898
2354317217
-7806398913
1446739514
4565866395
7264171080
-3728534367
-3500249139
-13425903997
358862354
2859766295
10752610951
-4721553238
1577331966
6978384982
9489894482
-3628174105
1306591914
2193723338
1073330758
-3814428620
-12471760284
1091618629
4891093139
-7349957169
-12640989427
-5073140811
4500593799
-1095366840
-6776226080
-10461852559
688709925
-5894399644
6938848601
-13245193787
3620802013
3477888148
3923183759
5044898469
2353680301
-9606899029
-1225971967
-3306919351
-7134342488
6226627887
-10553955455
-16023687633
-12685147162
-1370468515
-1023479506
-13104198766
-3798976959
630510989
1478416185
2656278724
130705135
-6582883330
1131675093
-1315633743
-4330980315
-3314761681
-2208190477
3955038169
-41086236
1333577908
-3044304041
-2915809847
-12656932065
-5590032053
755280943
-2459881263
-10889016068
-8669515935
-3231689054
-6265072875
-14668576137
-3418088136
-2521726997
4017749601
-12311375872
-12301327480
-445094422
-570927485
-10653934796
-13047707303
-14946686527
-849548214
-14676181787
-1198406181
-4288012608
-10899244547
2731014012
-11203733668
4342319764
-4723162125
20466722
-14985936165
418100167
-5476865681
-2703538072
-9040308324
401988264
-10423915219
-7526122725
-9331438009
-8486751042
-10254890437
-8436924463
-566870473
-17131640155
-7610379640
920462250
-6029557466
-9001174683
1584963447
-4732481735
-302202101
-4141642897
-3789530584
-4606706407
457061389
-4888130518
-3790804758
-9617293405
-2336783947
-4519549874
-21332983783
-1828670713
-20427425993
-8100089251
-12901414497
-5715771761
4494864959
2346818291
-6379806322
-6142838702
-23098499801
-9993645296
-7860093322
-4230333966
-12885790903
-10906442008
4617194421
-12468764783
5150188063
-8116318165
-3671936950
-1340141161
-3140948305
-5352951512
2729806908
-4284936216
-2090094005
-14114234047
-15367142347
2632227002
-1768309131
-8665596560
-985379038
-20893709627
3172324024
-10638258373
-4844595720
-6346682748
-4204570053
-10380698253
-17465825485
3155396039
-14042060834
-6110386558
-6207092422
-2374768745
-15983371709
-3345950881
-11780636097
-4586561500
-7070913396
-1831248876
1085380423
-1929043777
-8990302726
-6273505487
-6970099224
-7197744886
-520911814
-1284229086
1440727951
-4553164904
267191486
