2400 3000
757 1804
1804 2295
2295 1021
1021 2152
2152 1714
1714 1449
1449 1031
1031 90
90 1617
1617 468
468 1270
1270 230
230 758
758 598
598 2261
2261 2341
2341 424
424 742
742 1874
1874 1615
1615 2052
2052 2185
2185 1221
1221 1647
1647 1540
1540 2091
2091 199
199 2291
2291 1499
1499 1416
1416 1315
1315 763
763 2312
2312 1467
1467 553
553 1571
1571 1409
1409 600
600 721
721 915
915 1269
1269 2005
2005 1488
1488 673
673 413
413 1219
1219 2139
2139 154
154 483
483 1557
1557 1150
1150 857
857 793
793 1318
1318 40
40 318
318 930
930 796
796 486
486 1333
1333 663
663 105
105 1308
1308 1731
1731 1324
1324 1311
1311 1180
1180 2225
2225 72
72 779
779 1773
1773 572
572 720
720 1754
1754 1642
1642 1883
1883 289
289 1387
1387 29
29 142
142 1286
1286 144
144 1248
1248 939
939 111
111 641
641 1091
1091 1480
1480 1707
1707 1010
1010 2167
2167 1192
1192 1606
1606 1793
1793 1748
1748 478
478 97
97 1016
1016 2070
2070 1321
1321 1485
1485 1151
1151 449
449 1184
1184 1376
1376 1869
1869 17
17 1523
1523 1950
1950 219
219 735
735 527
527 1478
1478 1042
1042 1288
1288 338
338 961
961 1346
1346 14
14 1898
1898 936
936 1759
1759 1559
1559 1819
1819 1104
1104 1522
1522 314
314 967
967 357
357 557
557 345
345 1508
1508 790
790 834
834 836
836 909
909 1783
1783 2302
2302 377
377 502
502 2176
2176 450
450 943
943 2035
2035 1256
1256 2168
2168 1723
1723 879
879 1679
1679 136
136 308
308 1512
1512 1087
1087 340
340 370
370 716
716 1833
1833 2125
2125 1893
1893 251
251 1737
1737 1660
1660 908
908 262
262 2060
2060 744
744 75
75 565
565 1834
1834 1753
1753 1335
1335 752
752 2084
2084 551
551 1717
1717 1145
1145 1620
1620 129
129 2315
2315 1013
1013 698
698 1472
1472 729
729 1517
1517 474
474 777
777 1611
1611 1124
1124 1899
1899 580
580 1771
1771 718
718 1129
1129 743
743 2103
2103 67
67 569
569 2236
2236 1537
1537 1592
1592 1875
1875 1690
1690 544
544 1589
1589 1563
1563 83
83 3
3 2041
2041 1078
1078 479
479 2320
2320 2071
2071 1722
1722 995
995 1858
1858 1879
1879 1172
1172 2179
2179 1507
1507 1550
1550 1608
1608 2308
2308 1102
1102 644
644 284
284 1533
1533 81
81 1384
1384 57
57 2306
2306 1529
1529 802
802 1216
1216 1954
1954 315
315 1303
1303 125
125 2290
2290 1432
1432 2074
2074 1894
1894 1405
1405 1736
1736 1711
1711 98
98 1579
1579 1428
1428 1710
1710 229
229 2177
2177 1239
1239 875
875 1933
1933 873
873 228
228 2275
2275 2330
2330 1203
1203 1602
1602 2395
2395 33
33 1576
1576 385
385 2288
2288 962
962 590
590 543
543 1564
1564 1281
1281 671
671 2029
2029 1681
1681 151
151 1535
1535 695
695 1560
1560 724
724 1516
1516 2380
2380 1510
1510 1028
1028 1917
1917 581
581 363
363 1388
1388 1125
1125 783
783 1119
1119 1686
1686 2137
2137 488
488 607
607 1285
1285 1758
1758 1678
1678 147
147 548
548 945
945 546
546 197
197 1222
1222 1371
1371 7
7 464
464 979
979 1989
1989 608
608 2228
2228 2013
2013 2163
2163 1577
1577 2193
2193 711
711 2329
2329 353
353 1774
1774 277
277 2250
2250 1226
1226 1302
1302 843
843 1451
1451 1249
1249 722
722 614
614 23
23 1612
1612 435
435 1967
1967 176
176 1718
1718 2348
2348 1951
1951 469
469 585
585 504
504 2064
2064 1434
1434 303
303 1442
1442 322
322 1838
1838 2188
2188 1790
1790 2053
2053 1948
1948 1080
1080 1828
1828 175
175 2155
2155 1273
1273 429
429 2368
2368 926
926 183
183 88
88 1063
1063 2119
2119 1797
1797 660
660 1099
1099 868
868 1498
1498 1568
1568 201
201 2286
2286 1096
1096 215
215 1691
1691 1850
1850 2370
2370 2240
2240 1587
1587 1126
1126 2276
2276 774
774 440
440 426
426 156
156 638
638 1851
1851 2079
2079 108
108 1777
1777 1567
1567 726
726 2107
2107 736
736 948
948 869
869 1975
1975 1378
1378 354
354 2289
2289 2171
2171 715
715 503
503 1000
1000 920
920 1591
1591 1767
1767 659
659 1155
1155 1914
1914 1671
1671 1937
1937 99
99 1697
1697 2047
2047 702
702 1644
1644 1763
1763 850
850 1501
1501 1761
1761 21
21 1224
1224 1175
1175 867
867 2338
2338 2098
2098 321
321 1827
1827 1161
1161 1267
1267 1193
1193 122
122 1809
1809 2392
2392 2059
2059 968
968 1135
1135 1220
1220 798
798 1334
1334 2022
2022 1162
1162 491
491 1762
1762 250
250 1400
1400 48
48 1661
1661 1258
1258 1578
1578 1703
1703 881
881 1313
1313 398
398 785
785 24
24 1696
1696 1396
1396 1794
1794 1152
1152 244
244 652
652 1163
1163 470
470 311
311 1813
1813 1158
1158 2376
2376 941
941 2017
2017 971
971 760
760 1842
1842 477
477 1041
1041 816
816 1857
1857 537
537 538
538 512
512 2310
2310 2233
2233 421
421 1128
1128 1839
1839 428
428 1365
1365 109
109 592
592 1822
1822 2394
2394 2096
2096 166
166 1284
1284 1339
1339 1497
1497 257
257 1106
1106 2124
2124 195
195 2278
2278 685
685 1437
1437 124
124 1562
1562 975
975 754
754 2271
2271 1166
1166 1688
1688 584
584 2328
2328 246
246 549
549 1720
1720 249
249 780
780 2128
2128 1595
1595 877
877 1940
1940 1230
1230 171
171 193
193 1752
1752 1450
1450 5
5 1282
1282 273
273 578
578 1424
1424 805
805 528
528 2182
2182 1408
1408 344
344 2080
2080 2149
2149 906
906 155
155 1178
1178 1776
1776 76
76 1768
1768 940
940 768
768 2003
2003 2134
2134 114
114 1900
1900 442
442 1981
1981 1075
1075 1658
1658 2221
2221 213
213 245
245 1687
1687 756
756 379
379 693
693 294
294 2056
2056 547
547 506
506 612
612 771
771 1276
1276 2183
2183 1920
1920 2214
2214 153
153 1632
1632 1469
1469 1170
1170 1515
1515 510
510 1030
1030 1871
1871 2205
2205 407
407 1582
1582 1415
1415 911
911 2127
2127 1955
1955 787
787 2170
2170 1245
1245 1593
1593 516
516 2101
2101 2095
2095 63
63 2099
2099 1439
1439 712
712 990
990 1990
1990 2239
2239 1036
1036 300
300 1457
1457 1109
1109 2314
2314 723
723 1189
1189 670
670 700
700 615
615 1581
1581 1238
1238 823
823 256
256 1024
1024 1961
1961 689
689 292
292 37
37 1998
1998 849
849 1368
1368 332
332 694
694 282
282 1153
1153 904
904 305
305 347
347 1524
1524 2220
2220 409
409 1848
1848 2331
2331 91
91 1649
1649 316
316 891
891 596
596 1293
1293 1352
1352 1695
1695 1726
1726 1209
1209 1596
1596 1826
1826 2350
2350 233
233 1187
1187 1698
1698 1728
1728 2032
2032 1630
1630 1852
1852 2366
2366 822
822 1628
1628 2284
2284 558
558 240
240 682
682 288
288 650
650 1210
1210 1870
1870 1054
1054 560
560 302
302 49
49 919
919 307
307 403
403 2263
2263 387
387 167
167 1575
1575 806
806 1040
1040 493
493 2359
2359 1570
1570 1394
1394 234
234 1980
1980 1351
1351 992
992 293
293 810
810 1383
1383 86
86 190
190 1460
1460 1922
1922 2200
2200 978
978 898
898 1440
1440 326
326 535
535 140
140 373
373 1992
1992 1973
1973 2375
2375 366
366 1930
1930 1201
1201 1435
1435 1672
1672 2385
2385 554
554 2181
2181 1724
1724 389
389 106
106 2112
2112 1810
1810 1279
1279 900
900 704
704 2229
2229 1801
1801 1122
1122 788
788 570
570 539
539 2118
2118 2257
2257 649
649 1429
1429 2174
2174 1968
1968 1082
1082 93
93 2129
2129 2300
2300 2303
2303 1547
1547 1622
1622 1140
1140 624
624 525
525 1017
1017 2135
2135 751
751 1026
1026 265
265 1931
1931 731
731 568
568 1290
1290 278
278 2046
2046 741
741 809
809 441
441 1411
1411 910
910 1361
1361 2089
2089 84
84 9
9 864
864 1880
1880 2377
2377 1468
1468 629
629 1890
1890 1903
1903 1554
1554 1859
1859 1053
1053 1360
1360 1294
1294 1108
1108 1965
1965 905
905 1072
1072 1677
1677 343
343 163
163 1008
1008 2100
2100 1781
1781 160
160 870
870 764
764 1032
1032 1257
1257 269
269 1081
1081 1310
1310 393
393 1909
1909 1518
1518 781
781 639
639 2242
2242 271
271 1685
1685 1945
1945 80
80 290
290 1336
1336 1971
1971 1551
1551 312
312 627
627 382
382 1068
1068 264
264 1532
1532 1111
1111 1459
1459 463
463 1243
1243 291
291 745
745 1173
1173 883
883 1856
1856 1760
1760 1141
1141 1296
1296 1425
1425 1208
1208 496
496 436
436 2015
2015 1154
1154 2081
2081 770
770 1057
1057 1902
1902 78
78 425
425 1978
1978 1803
1803 1949
1949 847
847 404
404 1005
1005 2025
2025 893
893 1223
1223 1077
1077 2024
2024 2173
2173 501
501 1675
1675 994
994 1447
1447 2247
2247 1673
1673 128
128 658
658 824
824 1966
1966 2334
2334 1242
1242 1420
1420 2169
2169 203
203 1627
1627 1847
1847 1974
1974 2077
2077 119
119 2211
2211 281
281 862
862 583
583 1265
1265 1908
1908 1629
1629 1765
1765 2254
2254 116
116 620
620 2269
2269 1355
1355 2283
2283 1146
1146 1235
1235 1446
1446 573
573 487
487 1101
1101 1071
1071 727
727 1113
1113 643
643 2051
2051 356
356 2264
2264 2159
2159 13
13 1787
1787 1631
1631 896
896 1905
1905 500
500 2083
2083 243
243 1757
1757 1528
1528 571
571 2157
2157 1823
1823 2363
2363 2382
2382 2085
2085 495
495 1246
1246 351
351 77
77 390
390 1657
1657 367
367 1056
1056 34
34 1662
1662 1605
1605 2044
2044 2313
2313 325
325 1448
1448 1298
1298 1704
1704 1093
1093 686
686 422
422 2147
2147 2048
2048 2
2 485
485 349
349 2398
2398 508
508 1987
1987 589
589 2131
2131 1986
1986 851
851 2075
2075 841
841 865
865 563
563 143
143 1844
1844 2191
2191 348
348 2396
2396 541
541 1935
1935 1862
1862 87
87 2253
2253 1326
1326 514
514 688
688 666
666 1666
1666 135
135 683
683 1323
1323 2246
2246 667
667 2339
2339 903
903 2383
2383 1263
1263 2297
2297 1586
1586 2223
2223 205
205 1648
1648 336
336 1085
1085 329
329 1637
1637 1531
1531 1872
1872 310
310 2267
2267 636
636 1699
1699 526
526 1840
1840 202
202 1549
1549 1105
1105 2189
2189 2332
2332 2019
2019 2298
2298 675
675 481
481 838
838 821
821 397
397 794
794 1835
1835 634
634 2010
2010 837
837 2346
2346 364
364 168
168 1799
1799 69
69 267
267 1541
1541 1043
1043 2285
2285 372
372 181
181 2389
2389 1232
1232 2265
2265 71
71 2318
2318 1453
1453 654
654 1855
1855 740
740 880
880 396
396 513
513 1639
1639 1398
1398 1331
1331 1939
1939 1370
1370 1231
1231 1609
1609 2252
2252 2138
2138 1445
1445 1651
1651 574
574 972
972 1255
1255 2266
2266 2097
2097 713
713 1655
1655 839
839 640
640 845
845 2004
2004 170
170 1603
1603 1121
1121 2117
2117 1247
1247 2381
2381 2299
2299 647
647 1340
1340 1932
1932 1936
1936 120
120 417
417 110
110 657
657 934
934 1001
1001 209
209 1275
1275 1746
1746 625
625 1756
1756 2369
2369 188
188 515
515 1919
1919 2316
2316 2050
2050 2088
2088 826
826 2216
2216 1320
1320 1018
1018 11
11 2227
2227 224
224 1863
1863 1419
1419 2204
2204 2043
2043 2262
2262 1504
1504 162
162 605
605 1693
1693 255
255 31
31 2280
2280 131
131 12
12 459
459 1526
1526 800
800 1821
1821 518
518 41
41 2301
2301 820
820 279
279 61
61 1029
1029 20
20 2245
2245 272
272 587
587 1035
1035 1379
1379 601
601 2364
2364 775
775 797
797 1
1 498
498 394
394 662
662 2270
2270 359
359 365
365 1653
1653 2372
2372 848
848 192
192 47
47 1702
1702 628
628 1818
1818 852
852 2209
2209 2322
2322 960
960 1034
1034 1149
1149 728
728 2373
2373 2154
2154 1886
1886 1088
1088 471
471 1633
1633 965
965 899
899 172
172 1884
1884 1599
1599 1607
1607 2063
2063 2036
2036 1815
1815 306
306 1103
1103 2115
2115 1825
1825 1278
1278 2251
2251 2076
2076 1481
1481 825
825 210
210 1999
1999 1626
1626 103
103 2092
2092 986
986 555
555 1464
1464 335
335 1107
1107 1713
1713 1561
1561 457
457 1061
1061 1309
1309 719
719 530
530 384
384 1100
1100 1227
1227 1197
1197 1650
1650 1864
1864 1735
1735 126
126 2113
2113 2034
2034 1491
1491 1426
1426 1011
1011 1353
1353 1038
1038 2121
2121 1133
1133 455
455 323
323 1860
1860 427
427 902
902 2078
2078 1196
1196 1745
1745 2030
2030 2111
2111 65
65 2360
2360 1212
1212 1474
1474 792
792 523
523 545
545 54
54 225
225 401
401 2256
2256 400
400 1132
1132 561
561 2235
2235 2045
2045 52
52 2161
2161 2222
2222 2012
2012 1750
1750 1058
1058 776
776 2357
2357 174
174 952
952 386
386 1438
1438 405
405 1070
1070 1943
1943 1188
1188 432
432 492
492 680
680 1289
1289 2009
2009 631
631 882
882 1604
1604 1993
1993 1962
1962 1733
1733 1721
1721 177
177 914
914 1725
1725 66
66 434
434 2292
2292 759
759 2243
2243 795
795 1565
1565 855
855 1944
1944 886
886 753
753 579
579 1779
1779 679
679 1938
1938 1369
1369 540
540 2203
2203 2258
2258 1536
1536 2294
2294 15
15 1312
1312 1800
1800 1274
1274 1569
1569 1991
1991 765
765 1254
1254 252
252 2093
2093 1228
1228 856
856 632
632 933
933 1960
1960 1764
1764 1069
1069 286
286 2153
2153 835
835 1614
1614 2192
2192 1171
1171 1266
1266 2002
2002 1252
1252 2215
2215 1738
1738 1904
1904 697
697 346
346 951
951 333
333 1345
1345 1584
1584 959
959 1236
1236 1553
1553 1505
1505 1186
1186 101
101 270
270 872
872 977
977 1958
1958 1325
1325 1250
1250 1389
1389 1701
1701 786
786 1484
1484 623
623 1182
1182 217
217 1910
1910 95
95 1045
1045 1831
1831 208
208 1511
1511 1705
1705 1689
1689 1349
1349 2065
2065 1769
1769 1436
1436 1527
1527 2055
2055 642
642 746
746 1200
1200 1240
1240 2217
2217 8
8 1317
1317 189
189 1020
1020 815
815 532
532 1792
1792 484
484 705
705 1715
1715 238
238 242
242 556
556 1659
1659 1700
1700 2178
2178 766
766 954
954 602
602 2293
2293 859
859 1060
1060 1845
1845 980
980 1461
1461 1123
1123 677
677 1473
1473 2069
2069 613
613 1259
1259 2014
2014 1496
1496 454
454 1616
1616 803
803 1892
1892 597
597 1116
1116 206
206 141
141 388
388 738
738 453
453 2255
2255 1456
1456 950
950 497
497 1796
1796 1770
1770 676
676 656
656 2358
2358 1211
1211 1441
1441 445
445 2400
2400 2106
2106 982
982 1830
1830 1380
1380 2158
2158 1656
1656 2305
2305 223
223 1475
1475 2196
2196 894
894 1477
1477 1271
1271 352
352 2210
2210 341
341 331
331 159
159 2198
2198 2226
2226 283
283 2054
2054 1638
1638 1079
1079 1716
1716 2365
2365 2132
2132 2001
2001 1095
1095 1719
1719 709
709 2327
2327 378
378 50
50 1895
1895 2123
2123 1160
1160 1342
1342 1354
1354 2244
2244 511
511 1882
1882 1546
1546 1739
1739 2390
2390 1444
1444 1985
1985 6
6 226
226 599
599 1734
1734 2150
2150 1580
1580 619
619 707
707 1181
1181 519
519 458
458 1805
1805 542
542 285
285 1712
1712 2345
2345 958
958 259
259 2184
2184 2378
2378 1873
1873 1391
1391 494
494 1916
1916 687
687 552
552 1014
1014 185
185 2361
2361 562
562 2145
2145 2058
2058 2397
2397 964
964 1706
1706 591
591 1117
1117 1156
1156 1059
1059 60
60 247
247 2027
2027 1766
1766 1996
1996 2110
2110 1624
1624 674
674 2374
2374 1297
1297 529
529 2272
2272 1215
1215 295
295 148
148 1634
1634 928
928 1328
1328 932
932 411
411 784
784 2116
2116 622
622 1319
1319 831
831 85
85 1234
1234 1983
1983 1458
1458 842
842 1594
1594 342
342 1744
1744 38
38 1921
1921 1964
1964 1199
1199 27
27 2049
2049 1406
1406 1006
1006 235
235 2260
2260 804
804 1548
1548 769
769 395
395 489
489 1214
1214 1251
1251 2114
2114 1613
1613 1395
1395 692
692 173
173 1901
1901 70
70 2104
2104 1137
1137 1866
1866 1947
1947 576
576 410
410 536
536 1927
1927 1534
1534 261
261 725
725 1350
1350 582
582 1487
1487 1157
1157 2323
2323 490
490 1709
1709 2344
2344 1134
1134 970
970 923
923 916
916 1338
1338 1861
1861 1684
1684 706
706 767
767 1470
1470 150
150 187
187 773
773 1625
1625 118
118 2164
2164 1585
1585 1668
1668 1618
1618 2105
2105 827
827 231
231 1300
1300 1139
1139 1952
1952 696
696 1363
1363 446
446 375
375 918
918 304
304 466
1336 1110
1110 369
369 630
630 1924
1924 976
976 1397
1397 2273
2273 1887
1887 475
475 1430
1430 452
452 2020
2020 648
648 59
59 430
430 953
953 1552
1552 456
456 2277
2277 1015
1015 1283
1283 26
26 1555
1555 1050
1050 1385
1385 2352
2352 1674
1674 1381
1381 2296
2296 1261
1261 1033
1033 907
907 2039
2039 2062
2062 383
383 361
361 198
198 44
44 1002
1002 1854
1854 1047
1047 1849
1849 368
368 1044
1044 2248
2248 966
966 374
374 1092
1092 1046
1046 505
505 263
263 1652
1652 701
701 1237
1237 253
253 1802
1802 102
102 1307
1307 220
220 2391
2391 1970
1970 799
799 2213
2213 664
664 876
876 1120
1120 1337
1337 1814
1814 1708
1708 1454
1454 1959
1959 812
812 1538
1538 1358
1358 1051
1051 62
62 1865
1865 833
833 1373
1373 593
593 714
714 2218
2218 1280
1280 840
840 313
313 1138
1138 1375
1375 473
473 931
931 2151
2151 461
461 1984
1984 1341
1341 2202
2202 1824
1824 419
419 1867
1867 1466
1466 772
772 1482
1482 1791
1791 36
36 100
100 521
521 2249
2249 626
626 2148
2148 1292
1292 82
82 1928
1928 1556
1556 1977
1977 1148
1148 2241
2241 1213
1213 1392
1392 191
191 922
922 1881
1881 184
184 846
846 2126
2126 1007
1007 762
762 2073
2073 1583
1583 1386
1386 1012
1012 801
801 317
317 1443
1443 2018
2018 999
999 1645
1645 944
944 2186
2186 1206
1206 1979
1979 117
117 204
204 2175
2175 324
324 35
35 211
211 334
334 737
737 567
567 2094
2094 2194
2194 1509
1509 472
472 1841
1841 912
912 1574
1574 884
884 653
653 1820
1820 2347
2347 146
146 684
684 524
524 1646
1646 871
871 1808
1808 1207
1207 115
115 901
901 1506
1506 1202
1202 2026
2026 1127
1127 1183
1183 935
935 2143
2143 18
18 1747
1747 1393
1393 1023
1023 2282
2282 586
586 637
637 1412
1412 1402
1402 750
750 691
691 853
853 829
829 1205
1205 1174
1174 423
423 1988
1988 732
732 594
594 2122
2122 25
25 890
890 1165
1165 1074
1074 2016
2016 402
402 1452
1452 1414
1414 997
997 2011
2011 1476
1476 1143
1143 2172
2172 1413
1413 1683
1683 2000
2000 139
139 137
137 1539
1539 51
51 2108
2108 2238
2238 1260
1260 1304
1304 533
533 1471
1471 406
406 1755
1755 708
708 1329
1329 1299
1299 1090
1090 2007
2007 107
107 1525
1525 2180
2180 661
661 1332
1332 1641
1641 1493
1493 2082
2082 164
164 362
362 2031
2031 1795
1795 1362
1362 1048
1048 1829
1829 2379
2379 1784
1784 957
957 1530
1530 1995
1995 1500
1500 927
927 19
19 949
949 2207
2207 1778
1778 517
517 1889
1889 96
96 68
68 863
863 200
200 1262
1262 1503
1503 559
559 808
808 1185
1185 1729
1729 2206
2206 1926
1926 42
42 1225
1225 969
969 2336
2336 179
179 946
946 1190
1190 996
996 947
947 237
237 1732
1732 616
616 985
985 1876
1876 814
814 1039
1039 1306
1306 53
53 1663
1663 431
431 1433
1433 480
480 1832
1832 603
603 2199
2199 1052
1052 2388
2388 152
152 4
4 30
30 1330
1330 16
16 2006
2006 1888
1888 222
222 703
703 2259
2259 399
399 414
414 1194
1194 1610
1610 889
889 761
761 1064
1064 2156
2156 633
633 1295
1295 2234
2234 1946
1946 2197
2197 1130
1130 376
376 2187
2187 1301
1301 2324
2324 690
690 733
733 2384
2384 239
239 46
46 1204
1204 1619
1619 1885
1885 1788
1788 1806
1806 2386
2386 645
645 897
897 942
942 2317
2317 1097
1097 1177
1177 1112
1112 1264
1264 1972
1972 2307
2307 1390
1390 858
858 1907
1907 813
813 1817
1817 1098
1098 2321
2321 79
79 1176
1176 1144
1144 415
415 1918
1918 2133
2133 1272
1272 1455
1455 1022
1022 2309
2309 1417
1417 1751
1751 887
887 866
866 214
214 717
717 681
681 218
218 2072
2072 678
678 1086
1086 221
221 1573
1573 860
860 194
194 747
747 2040
2040 2102
2102 1049
1049 1322
1322 280
280 1403
1403 1837
1837 2393
2393 2212
2212 1463
1463 1743
1743 1749
1749 604
604 1136
1136 1786
1786 828
828 1969
1969 2068
2068 299
299 1877
1877 1789
1789 319
319 989
989 2162
2162 710
710 55
55 520
520 895
895 327
327 963
963 550
550 1009
1009 575
575 2340
2340 2066
2066 2353
2353 1654
1654 158
158 730
730 1191
1191 2057
2057 2166
2166 358
358 1367
1367 1168
1168 276
276 892
892 1372
1372 2326
2326 2237
2237 1669
1669 1083
1083 1118
1118 956
956 595
595 138
138 734
734 1775
1775 1566
1566 1427
1427 1692
1692 1598
1598 522
522 420
420 1588
1588 2142
2142 1357
1357 418
418 988
988 320
320 45
45 460
460 43
43 392
392 938
938 1942
1942 1089
1089 854
854 127
127 655
655 408
408 1244
1244 588
588 2195
2195 178
178 2230
2230 1421
1421 2219
2219 266
266 1846
1846 925
925 2087
2087 1742
1742 1314
1314 621
621 577
577 298
298 1486
1486 1929
1929 2349
2349 1600
1600 337
337 2165
2165 817
817 130
130 89
89 2144
2144 1268
1268 1462
1462 2335
2335 1131
1131 182
182 748
748 1667
1667 2033
2033 1291
1291 1514
1514 606
606 1976
1976 1636
1636 439
439 360
360 2279
2279 355
355 1843
1843 1520
1520 301
301 2146
2146 1423
1423 1465
1465 2109
2109 39
39 2337
2337 1494
1494 2201
2201 92
92 1730
1730 186
186 1680
1680 1164
1164 2021
2021 1956
1956 668
668 921
921 509
509 1065
1065 169
169 1094
1094 651
651 1640
1640 254
254 22
22 531
531 1912
1912 739
739 2325
2325 1911
1911 987
987 1807
1807 1495
1495 1896
1896 2061
2061 646
646 467
467 1572
1572 1366
1366 811
811 499
499 1836
1836 232
232 973
973 444
444 241
241 132
132 1543
1543 1897
1897 1418
1418 888
888 2038
2038 1147
1147 699
699 1399
1399 1287
1287 874
874 2208
2208 1159
1159 1479
1479 937
937 832
832 1241
1241 412
412 73
73 878
878 2140
2140 28
28 2141
2141 1934
1934 1115
1115 1868
1868 2387
2387 1084
1084 1853
1853 1665
1665 309
309 2351
2351 104
104 1404
1404 534
534 2354
2354 609
609 1066
1066 1233
1233 755
755 1490
1490 913
913 2023
2023 1635
1635 1963
1963 2367
2367 1348
1348 476
476 1343
1343 350
350 2224
2224 2362
2362 1073
1073 32
32 924
924 1195
1195 2086
2086 1741
1741 180
180 1558
1558 2042
2042 268
268 1489
1489 2343
2343 1785
1785 2274
2274 328
328 1643
1643 1316
1316 2281
2281 1410
1410 507
507 1521
1521 1727
1727 2232
2232 1982
1982 1037
1037 2287
2287 157
157 58
58 1953
1953 672
672 1913
1913 196
196 227
227 665
665 1217
1217 610
610 807
807 1878
1878 1542
1542 10
10 955
955 381
381 207
207 983
983 1544
1544 789
789 749
749 844
844 258
258 433
433 443
443 566
566 1019
1019 635
635 1356
1356 1382
1382 1997
1997 2311
2311 482
482 2090
2090 438
438 1597
1597 2120
2120 1142
1142 1344
1344 1891
1891 885
885 339
339 1664
1664 1067
1067 56
56 1670
1670 236
236 2371
2371 2008
2008 448
448 2136
2136 275
275 2231
2231 134
134 1483
1483 1167
1167 2190
2190 161
161 391
391 1169
1169 1492
1492 1407
1407 1062
1062 416
416 2028
2028 861
861 462
462 64
64 1025
1025 1816
1816 121
121 2304
2304 1003
1003 113
113 1076
1076 1374
1374 1027
1027 296
296 447
447 791
791 1347
1347 2160
2160 2342
2342 1694
1694 274
274 2333
2333 451
451 1305
1305 437
437 1676
1676 1327
1327 778
778 145
145 1772
1772 1364
1364 1401
1401 2356
2356 2399
2399 465
465 1377
1377 618
618 993
993 248
248 1923
1923 1812
1812 371
371 1422
1422 819
819 1621
1621 1798
1798 998
998 2037
2037 818
818 564
564 1055
1055 74
74 1590
1590 669
669 984
984 1957
1957 1994
1994 830
830 149
149 380
380 94
94 2319
2319 1004
1004 260
260 2130
2130 1915
1915 1601
1601 1545
1545 1623
1623 1519
1519 617
617 123
123 1925
1925 287
287 1218
1218 1906
1906 974
974 165
165 330
330 2355
2355 112
112 929
929 216
216 1941
1941 1782
1782 212
212 1229
1229 1253
1253 1682
1682 1198
1198 297
297 1359
1359 2067
2067 1277
1277 981
981 1780
1780 782
782 1431
1431 1179
1179 2268
2268 1502
1502 1811
1811 917
917 1513
1513 991
991 1740
1740 133
133 611
611 1114
1336 458
1093 2385
225 69
1772 178
1795 2357
1536 2317
2053 1103
2187 2171
497 426
223 465
2390 1321
416 1400
1674 1173
450 413
2355 1647
1140 682
1192 2308
254 724
1075 1313
1319 438
1018 1129
1082 1726
638 997
1833 2310
2180 1723
562 230
978 899
865 1544
1852 982
599 1180
1024 1639
362 1005
591 1046
1037 2100
1037 291
945 684
58 1760
1547 293
2354 1770
1528 1437
1458 1273
447 1356
284 1462
1686 1118
1661 13
616 1158
2381 739
1333 145
214 1449
634 793
920 1202
946 284
1901 1089
1597 2284
105 1799
1505 680
644 972
1742 74
1435 1355
2374 34
1523 1315
1021 1443
64 2314
2333 1853
1797 1605
2349 1355
604 502
1779 2190
1081 1269
375 90
266 2147
491 782
66 1659
424 1418
758 1609
1018 1884
2087 1439
1246 764
2017 1061
1802 633
196 1969
463 1267
2369 1304
1563 1770
2055 356
738 2006
350 1575
606 2201
371 1646
980 851
22 953
2232 1108
1185 1514
372 1943
122 732
645 1965
1018 278
1735 2007
1935 2112
147 2040
2399 245
1317 490
1005 1626
802 848
1697 686
2106 237
163 66
1930 435
201 971
2118 1373
1394 1302
757 1249
2161 1435
2237 1120
1389 885
1505 833
8 209
1224 1501
383 1541
1024 475
1362 2275
1314 1567
2021 557
984 2399
2310 2155
252 1015
1584 2204
867 1533
271 1257
1018 55
1988 2144
1007 395
299 959
1716 2263
604 1679
2111 1859
975 180
2325 307
2372 1922
329 1025
1601 1746
287 1387
317 661
694 1513
1181 232
837 2050
828 1096
453 1855
1073 1416
1391 1696
1292 1761
1832 1518
1632 42
1306 1648
1127 1448
1893 1218
1890 167
1110 547
1185 2122
1686 237
515 287
966 1419
1373 342
233 1062
352 372
1732 1056
1974 963
1249 1957
1613 76
634 382
504 680
2132 1864
305 1683
425 1381
484 1058
2219 1266
2344 727
1158 1368
1455 1938
805 774
1377 2026
1560 1631
515 1884
852 1328
1917 675
764 1766
221 1353
1535 1565
566 2397
577 1179
45 998
1566 574
2198 727
1004 2003
1113 931
385 137
2075 1586
277 773
315 117
1929 2200
634 1367
1064 558
830 1428
844 840
1177 2254
1157 2156
869 29
2294 1690
1555 71
480 1699
2053 594
2147 1142
2264 1237
898 2235
2278 309
1958 1123
1802 623
1478 511
1861 1552
1606 752
961 237
2333 831
2197 2161
1595 655
1384 2385
235 528
1817 2086
1301 597
1342 731
1479 1031
107 1765
981 1563
182 1587
1599 1249
441 902
2386 223
1463 643
1522 222
1603 1159
694 1892
2237 1467
2132 257
1086 296
510 557
1430 1899
557 146
884 748
2238 134
1286 2380
1594 957
897 1342
1818 380
1315 1368
2346 976
2295 1417
974 1408
1754 1421
579 192
1275 831
7 1032
168 910
1947 1029
2183 179
455 270
2081 994
1375 889
902 127
1093 1871
301 1555
144 1277
91 1151
747 2125
294 2064
160 2068
1306 628
279 909
1052 1644
441 1094
557 1602
762 314
689 2396
1335 1695
624 2002
1468 160
1021 317
329 269
1141 432
54 114
1770 780
308 1285
97 142
310 356
793 1484
1744 1119
590 384
1247 1361
444 1827
41 725
871 638
1222 1591
1402 509
863 1000
430 357
662 2326
814 264
1030 1212
346 1590
1548 629
392 822
1703 1719
1137 117
156 1725
1675 2335
509 997
786 1260
1099 124
717 1628
281 1015
1519 2214
2003 99
1146 2252
511 543
43 1844
802 1128
2002 1491
1446 2069
224 619
1435 997
1894 375
2364 758
1083 1155
339 503
766 1377
736 288
765 1946
533 1184
1270 1986
2117 1879
1788 367
2239 37
1629 299
278 547
1313 1159
323 2353
1332 1875
77 687
2280 1964
1575 720
629 565
250 1132
899 489
805 1045
746 16
1859 1484
151 880
1324 1525
497 1957
1214 1928
669 372
253 1385
1375 2108
1528 2234
194 719
1134 1616
2010 1344
1201 355
1319 636
1802 1866
1117 830
1022 2119
34 926
1615 2270
888 522
2118 588
92 1144
2319 597
493 282
2245 2174
785 275
1873 413
1396 937
1837 430
499 1403
365 1479
1016 2229
640 1678
615 1474
467 137
600 1089
1526 631
453 1851
2148 1181
2279 916
2301 1187
508 1280
342 416
1965 312
884 1363
973 1997
597 2228
1059 1148
1488 1323
1900 2115
93 543
250 2259
759 2033
130 966
1985 73
309 2035
775 81
429 1439
1287 482
843 1974
2352 60
1854 1083
1130 346
2086 668
1590 2244
473 234
471 2246
678 743
144 1762
1561 481
1648 930
1215 1438
1932 1264
2346 1880
1484 745
1847 171
1225 559
685 748
1492 1375
553 1341
379 1603
952 2270
72 1960
1476 1158
1322 2258
531 1011
376 1582
2348 1598
275 712
860 2354
1099 959
1176 1854
997 662
2116 1705
2204 876
1171 1094
166 1486
656 2121
2328 76
988 696
44 1289
856 965
1537 118
1478 2363
1956 66
1643 1238
2030 491
1720 88
1678 1240
265 58
1449 1226
1869 960
607 1519
40 1072
399 2137
277 1220
574 623
2288 2174
2196 1539
2227 1052
135 1828
2239 332
1436 724
1053 1473
619 1725
421 1798
2371 447
799 82
1838 1357
201 2173
1078 2137
729 403
2120 2061
1251 1127
1144 859
1340 1961
1189 2071
1023 59
702 1092
1968 1952
453 1484
1408 277
1811 1717
497 2373
1436 2352
1499 824
1813 147
814 492
1235 969
1272 871
1301 744
1513 2059
1733 1700
245 1867
443 642
1113 2141
1251 751
1122 305
1568 722
1419 1825
1328 1824
134 552
114 2223
989 2040
2150 780
1912 775
116 241
129 490
431 1649
2055 1029
2267 2006
256 1697
237 1357
2259 511
370 704
1941 333
147 1093
1809 374
1591 2037
365 1406
1641 991
139 1967
732 413
526 1069
2060 1320
574 1873
2215 328
2317 1620
107 1198
1786 554
1810 2214
2326 1233
140 2343
230 1066
843 77
872 1095
1029 296
953 230
85 1206
822 1021
1635 1711
1825 54
1381 2272
1767 1213
806 1338
2208 1944
871 1355
23 1270
67 1422
1739 2123
2135 511
692 1915
545 561
1962 308
2376 2179
930 1410
924 2192
2138 381
1664 646
1336 389
453 570
1965 753
633 1049
1568 932
96 1314
681 737
289 659
1562 1313
1733 545
773 867
2363 844
1178 2243
800 1425
1807 2221
1981 2178
934 2067
881 756
1801 2110
1104 1527
249 674
876 1899
71 21
1460 1521
738 1314
1082 608
531 1496
505 793
2213 1096
757 466 100
757 1114 100
