2958 2957
981 1538
981 2186
1538 2466
2186 92
1538 64
92 1558
1558 130
92 2281
1558 1153
1538 1142
1153 1846
1142 1082
2186 418
1082 206
1082 707
981 2567
418 1556
1538 793
1142 2171
707 2148
1142 2213
1556 1783
707 66
1556 974
1558 308
2281 515
707 2706
2567 694
2281 1784
1556 2077
1082 1860
418 1631
92 870
1538 738
2567 1678
130 1850
694 1285
1846 1723
2171 2806
2706 403
130 838
2213 1831
870 2872
515 2327
1556 1295
793 300
1723 755
1831 417
66 555
417 1740
981 1468
555 1719
1860 659
1538 1738
1082 2536
2281 935
1783 2282
1850 1677
1719 1348
1142 2249
2148 1523
2872 637
738 2885
2327 1593
2885 2830
1740 1400
738 1800
974 1470
974 2185
1285 1096
2282 2331
1082 939
1348 1118
1142 1856
738 2264
64 2166
2331 1199
1295 482
206 590
130 2374
2171 81
1719 1270
2077 2893
2374 2202
637 844
308 1884
870 2721
844 139
838 1218
2171 620
1153 1212
2331 2851
1783 1782
64 1566
1884 2822
793 2922
1270 2599
935 2615
694 2336
1884 2921
981 1770
2615 2938
2851 2701
2331 1687
1285 385
755 1419
2938 2018
1558 2130
2171 1364
738 2834
1153 229
417 286
1677 1459
1538 2271
2872 416
2885 2223
1153 2679
1631 1062
1558 1772
2806 519
139 419
2271 2379
229 1257
2264 2356
659 2848
1199 2081
1558 606
2281 369
308 93
2264 1550
2706 951
2213 2283
2081 879
951 2947
1677 2301
1846 2014
2567 1951
2721 806
1631 221
206 1589
1770 1602
1784 548
2271 1913
1523 1733
2615 899
229 386
2536 410
2018 2957
838 2412
2249 395
1687 702
1860 1345
2186 977
1740 1048
1770 432
899 2030
308 1641
2077 88
419 609
659 956
1218 2907
308 1269
2938 330
139 194
139 1604
1593 1237
1538 1069
286 2464
1772 1275
1677 1989
977 1601
2599 237
2466 2920
416 662
662 431
64 1962
1951 868
1558 2816
286 2768
237 1165
81 1001
2822 1403
482 2079
2202 7
482 266
1602 220
1772 2380
1856 133
2030 1482
1770 2535
403 1691
1550 1019
2848 2365
2848 885
2130 1198
7 56
694 2678
1691 380
2816 1779
66 1065
1962 495
1459 2302
419 365
1738 1595
1523 164
1719 2650
369 2257
899 2335
2679 291
738 408
2848 134
1641 2712
659 560
365 2332
2336 1743
431 30
1065 1479
1048 1373
1743 1089
2081 51
555 847
2464 240
1270 1957
395 2261
432 2480
300 1958
659 1333
237 1216
2938 356
1142 2598
417 258
2281 1797
308 321
2302 1485
2327 2228
2598 2098
637 815
1989 2939
1733 391
403 1201
1096 448
1779 2864
2356 1821
380 2626
2081 2127
1677 1337
1846 2488
2257 2638
1687 292
448 2934
237 2039
2626 1124
416 141
1743 1367
2567 2115
432 2534
590 2832
417 433
2301 1145
560 1024
1218 1545
1198 1915
981 1030
885 1766
662 544
1913 1107
30 13
1687 1919
1216 2900
868 600
1373 2555
1678 2473
1199 2371
2327 988
2332 441
1124 241
1062 2164
548 2755
702 1617
2920 1897
548 161
2598 108
1403 828
2534 1050
2922 1455
2249 2131
2755 2782
1738 1599
385 459
241 2767
2535 1363
1884 2941
408 2702
133 1197
1677 761
1096 2802
1107 2538
637 769
1523 232
659 1948
419 1651
2885 2653
2466 892
292 2543
482 1187
2371 2330
2706 2860
2488 346
2264 2217
1030 732
935 2752
555 251
2752 2684
2018 1902
1295 439
229 2469
431 196
1691 781
1345 16
1556 2150
2702 2887
1897 1926
2830 655
2941 1968
92 197
2806 2757
956 641
2380 33
2257 683
66 445
2638 1005
1019 736
2150 1211
838 1430
365 1635
655 2766
560 2529
2757 484
92 2338
1142 1432
51 1941
1782 990
2469 2220
433 2481
2832 627
2679 2460
1005 2628
899 1031
108 2459
292 1916
2920 917
1165 329
1783 1262
1419 2484
1295 222
2706 557
694 2235
81 1576
133 2303
433 494
1601 200
286 2229
2220 2944
885 1805
291 2726
683 2675
2464 1816
495 2669
1566 1512
1545 2732
2202 1215
1915 2661
1599 1466
229 2195
1373 2489
2830 2086
1512 1547
1989 2794
2907 2255
2412 1074
2679 326
2650 2544
2217 1041
2806 2862
2721 1127
395 2129
707 1474
1197 2561
2938 616
2098 492
2086 562
1800 1007
2489 635
2014 1760
1738 2524
130 138
637 1681
1337 1033
2473 2843
2615 1768
2130 2349
981 1996
482 1987
1915 2800
1459 848
365 1645
736 1114
848 1116
2860 84
1860 1205
2081 2762
1719 1862
2030 2101
2712 1865
16 1409
417 2286
1333 950
1082 580
2543 723
1941 734
655 819
2249 984
1165 714
1641 1233
616 69
1466 1437
562 2158
88 2214
2830 1754
2217 1838
1602 2091
714 840
291 54
2039 1717
828 1378
828 534
2220 2205
1237 745
1547 1516
229 1509
519 1700
815 80
7 2556
2235 836
1599 2813
492 855
1333 2287
515 522
1948 2883
1989 184
194 2655
2864 1630
492 2345
292 1894
380 422
417 1129
2186 2578
1856 2746
2255 2395
2158 2291
1884 1532
1558 1908
1593 1924
590 2913
138 1273
220 37
196 2248
385 1929
1902 668
1800 2776
1902 2951
600 599
2356 470
2086 2304
164 376
1211 2699
1216 1431
1124 1157
1211 2260
13 270
1363 2711
1595 2372
1599 70
2460 901
2349 1178
2536 2251
2303 587
2535 1965
1345 2837
1419 971
977 1804
2079 2125
1846 294
1145 799
391 324
134 1940
2286 2401
1816 771
141 1549
2079 1956
1651 2948
2766 399
206 1597
232 1742
2079 1591
1846 2923
1367 959
130 2263
1782 2612
2675 111
2081 1935
232 2006
901 1053
484 466
1884 2072
2006 2729
1723 2955
2626 2163
2726 157
2291 110
1237 1692
294 2804
951 1180
2229 2845
376 2477
548 2242
2934 2742
2379 2940
2263 1204
2283 2517
196 698
2129 1173
2599 1077
1275 2012
399 1732
1838 2078
1024 1223
2907 2827
2213 552
403 289
51 1433
799 2467
1915 1352
1850 1857
2830 952
1779 171
2702 1603
171 926
2883 1829
984 1661
1005 1665
1545 1765
84 1098
1127 660
2072 2212
1816 255
1048 2408
70 2803
1114 1008
1431 1499
609 1058
2517 1727
1270 927
2371 2949
1829 168
157 1066
1474 877
600 174
232 451
655 1942
950 1952
241 966
2336 2490
2782 1869
2941 788
2706 2902
1987 2025
1030 1923
609 1920
30 2065
1400 2691
2837 297
1485 2201
2544 172
819 1684
1479 1349
847 1134
761 1555
694 2820
951 210
1066 2769
1956 1808
2251 44
668 2252
1098 1231
1948 1596
441 1256
330 2404
2271 275
1678 2932
1808 39
172 2074
2820 2511
745 2082
2752 404
448 50
1857 2718
2380 2895
251 946
2260 2642
2408 2915
587 1306
168 1326
459 1724
1187 2209
2864 1914
600 2952
2131 463
2951 954
1349 18
16 689
1218 1372
2862 666
1724 2623
2335 667
1549 791
294 2178
2883 2048
1732 2945
1001 1653
926 2447
2769 2315
2086 2672
133 344
2249 471
2220 722
346 2051
660 2937
494 2735
838 1551
1074 1398
1062 1450
1547 577
1069 2778
1862 1463
391 948
255 315
1352 359
899 1606
433 73
736 1222
1601 2378
1556 350
54 1015
2349 2020
2762 570
2517 87
1019 276
229 713
1727 2368
164 1875
1797 231
1691 2373
2488 941
2489 1060
1349 2298
1926 1663
2460 2683
570 1654
2338 1027
2378 1660
2543 1287
1684 2103
552 107
197 1085
2762 778
2020 460
2205 1292
1920 2176
1875 2429
395 1622
2368 2245
666 1228
445 2102
2944 2754
2939 784
1107 2697
1074 1486
1924 2585
771 768
1940 94
2822 1388
1403 1195
1717 55
1651 1726
984 2005
1645 983
1897 1117
229 2143
1968 454
1601 279
1337 1161
2642 523
2776 1307
1231 1877
1180 2034
1929 874
523 2104
416 2421
484 2687
1779 839
2679 2660
2767 352
2638 2842
422 705
2286 2455
1256 2237
1908 802
1066 960
291 724
788 2293
2252 2342
395 1751
1199 1278
2025 1200
66 1980
1779 2916
2804 1217
422 890
359 1872
1400 1146
172 1753
266 1580
44 355
482 2210
874 2918
197 1673
1129 909
1805 1343
1455 1029
939 1081
2762 2073
1053 1637
755 1656
1593 2564
901 2399
2242 2539
141 424
917 2337
2158 2592
1599 2946
1273 721
836 2690
587 1947
806 837
1470 10
206 973
641 2400
2769 372
1920 1721
721 2040
1645 1147
1831 1301
439 1819
2802 421
2327 2597
1287 2520
956 336
2794 49
1195 1842
408 1420
1348 1911
1645 1518
2684 2954
2615 904
220 1575
2921 2840
300 2231
984 236
1201 1501
662 2392
698 1896
139 2432
1518 114
1231 2389
2209 1792
950 1574
1617 2790
1772 1747
1862 2509
761 1796
1856 2188
1212 2553
1915 746
1738 920
2553 1878
2447 449
449 2898
1935 387
2205 1973
2373 1320
1257 228
683 700
459 2376
2827 2526
1195 1004
2683 1168
707 468
51 1552
1687 1901
93 1600
482 995
44 2236
1337 1159
1958 1487
460 535
2074 525
365 2305
1631 22
2827 1230
232 250
2332 644
376 170
2885 156
1197 2739
1989 1758
1896 1418
689 2795
2342 1126
904 866
2404 2063
352 1910
2408 2593
2804 669
1926 1722
336 842
240 2036
2916 2881
221 2853
2526 2919
1205 903
1958 1340
416 1583
2186 262
7 364
134 1351
1466 2010
30 2409
1066 1061
1204 1442
419 882
2171 759
1727 1000
2286 34
1127 757
2672 131
781 36
2245 2855
1201 233
2919 1493
732 2725
609 1148
352 379
1518 1734
2684 2192
2820 2370
2848 859
734 1067
966 967
2802 511
1784 2868
168 1979
2939 1119
2245 2064
1770 152
1187 1694
2158 225
2803 1283
1979 477
2947 493
1635 916
1538 2663
2848 1248
2718 2874
44 120
336 1969
1913 540
2481 1268
93 1904
1719 1764
2228 875
2036 1489
1197 720
1364 923
1512 2841
570 628
1418 2364
1865 998
580 703
1631 561
2947 1514
1691 1672
1665 1690
1516 154
2543 2107
1635 991
2729 1225
1743 1059
2459 1264
1019 2294
960 1837
1721 2168
2010 1752
702 2110
1069 2583
1295 2165
231 2730
1538 1477
2127 1918
1969 672
385 1417
2840 323
54 1425
2949 2280
2660 1122
778 2355
352 1807
927 2865
2036 325
2337 1244
1631 384
557 1490
2264 145
1857 1072
635 1669
2305 1045
2804 86
2730 2317
1547 1310
1732 2929
1142 1889
492 1439
1197 968
1477 718
2725 1289
2421 2137
616 2011
2010 2634
2236 1527
2598 2423
1865 2871
1857 574
2862 2385
2421 2329
1417 159
927 2348
1591 151
2484 181
2683 11
1403 2630
1550 2448
904 1092
1050 725
266 2657
1766 215
2921 957
736 2276
1477 517
384 779
2380 1540
2104 2664
1199 2126
10 425
1719 1778
784 854
1114 2713
1819 2440
1889 763
329 696
2459 2344
2921 851
1256 1131
696 1572
266 758
2916 687
1924 864
2920 2522
2078 858
2650 810
828 2866
2913 2774
956 2771
1783 1729
2851 633
2655 59
1212 929
1201 2262
2697 178
714 1560
1455 35
1601 1881
2012 401
2874 1863
232 1955
174 817
2098 2787
620 2809
2368 775
2282 1022
1225 2503
1656 969
1129 1247
548 673
995 1462
2769 2727
2488 751
1545 1054
108 1297
844 1342
703 2917
2702 1434
2754 1078
1489 1977
1591 140
1805 915
49 656
2262 2903
1760 2737
197 2558
2848 843
1589 2869
2291 1820
1215 414
56 371
666 2113
445 1435
448 476
1589 74
385 975
1968 2004
810 1446
344 1812
2874 1407
2712 2876
1470 1294
1951 1744
2129 176
1740 501
868 2180
724 1143
1081 585
2684 485
1403 1610
771 1843
1264 1331
660 2206
2920 774
1432 803
2389 2326
1591 78
39 319
2385 597
1434 343
50 684
892 2784
1275 993
1116 1632
1700 2749
84 2
493 1938
441 1785
2150 2224
1812 2087
1165 2069
1081 565
561 2670
1062 2416
855 2189
768 800
1342 2203
723 2884
779 2322
1119 1590
771 2140
875 1194
2675 2145
587 1715
2628 1978
2331 187
1805 2169
2098 1130
2368 2021
1727 820
2421 2781
1119 219
292 201
2400 490
935 185
157 2183
847 756
672 2531
1199 2574
1770 2810
2409 1458
1153 392
2876 869
2684 2038
1061 1985
1470 642
2467 2314
2344 638
2816 878
620 175
2623 2707
2941 1083
720 2622
1233 961
2074 1579
2280 2532
2178 2715
775 1569
1545 2581
372 796
2376 1793
291 1184
108 615
387 985
2678 136
2746 85
769 1035
957 2878
946 528
1797 1854
2683 1666
54 1634
2255 2482
1915 1393
1398 1544
111 566
1915 1404
720 893
385 1240
206 2219
990 2451
255 1553
2069 728
1549 2565
1863 2427
2837 2047
1599 1930
133 1972
233 2928
2871 338
1134 2215
1147 1845
950 933
136 1469
2298 1032
417 706
1180 1584
2536 2542
779 2496
85 867
609 1366
761 731
2553 2740
2081 2758
2231 1357
300 2716
1678 1720
2104 1249
1116 2390
55 573
1485 949
1875 72
2802 2320
2148 2681
2047 1824
1035 1330
134 1020
2336 1528
560 2381
2231 2696
552 2323
2164 2122
171 1745
2429 2428
1653 1162
2166 1613
1979 1449
485 40
2767 2689
2800 112
1805 889
107 677
968 450
291 568
2871 1535
2110 1150
1719 1636
308 2847
1631 2761
1083 469
219 396
771 1410
2702 894
2921 2377
1935 2931
470 2076
2302 873
385 1984
2834 2457
568 2351
2280 1382
644 97
220 2413
926 2222
2757 2616
2820 594
892 281
2176 413
2957 158
2412 2693
534 2603
1187 1208
2536 2936
184 2838
800 2266
326 979
2778 863
534 911
2832 509
201 945
279 1056
2955 1464
1980 832
1715 487
387 1436
1656 2611
2098 8
577 2111
292 1954
1553 936
2301 543
1733 105
2466 2753
1785 2476
2928 1767
2163 1113
2294 1452
2432 1620
1942 2641
2919 514
2065 15
1951 335
1980 374
2192 2646
1824 1305
2455 1274
2004 1524
702 1801
1201 1101
2536 674
2664 119
2110 20
696 1667
352 807
2690 850
2650 740
2902 353
2038 129
960 2398
2781 2625
2881 2096
439 2216
441 284
1532 480
2771 1288
1446 1809
732 2116
1717 342
350 153
2252 1181
161 2545
1083 1530
2074 1611
1278 375
1373 1934
2915 1890
1913 195
2372 1871
2048 2607
201 2798
2262 1380
463 2109
2005 505
2235 1543
1593 862
386 1598
1532 1325
2069 1961
935 2811
344 24
1935 825
2757 576
2612 288
56 1849
784 457
2922 2360
779 1302
882 598
281 160
344 704
2754 2905
2401 2465
2263 2221
1846 1016
2330 2418
2165 2225
751 930
1240 547
1908 1239
2051 2152
1549 1680
854 2057
2822 1679
1024 612
1593 420
1779 242
1617 2814
1364 1939
1131 2621
1778 1152
1237 14
2689 1076
1470 1983
1450 1427
1340 2146
451 1461
170 497
2874 2552
1302 1108
468 82
1446 831
395 663
2810 1771
1008 922
2622 2839
2749 2118
1326 571
1482 238
2473 1424
939 709
1941 121
736 1369
779 2510
2795 1136
2558 1063
1262 602
237 1786
501 1642
1059 2471
56 1581
1089 409
386 1750
1955 1859
2074 518
702 1937
1969 2406
1770 2685
633 2147
276 2523
2496 2594
2592 127
2883 891
1915 2601
2489 361
40 2179
1417 699
1124 223
916 437
492 256
1550 1311
420 214
2730 248
1157 2105
1715 103
480 2258
781 790
2552 2472
2351 1520
561 2680
714 1086
1800 2861
2816 2513
1543 1309
759 2123
788 2785
1295 269
2224 1313
385 285
85 357
635 1994
825 99
251 1950
1274 2825
66 1906
195 1379
1765 1648
2556 551
2480 2901
1738 65
1935 537
1660 1133
1914 1250
2565 26
1581 1505
1766 2577
11 1703
714 1414
1973 783
2186 794
2398 1277
2810 553
1108 1559
172 1251
2603 2268
867 2879
2556 564
746 767
2179 617
2776 1567
2482 1619
140 2310
867 1361
983 2909
325 1189
587 2773
2330 1317
2781 429
1772 735
292 2487
1461 1160
2228 1254
2030 1697
477 1756
1228 1177
1150 2559
2337 1638
419 2770
788 1428
2202 2635
220 2134
2843 777
1366 2571
1747 2645
2235 1095
1726 2888
1722 2824
1351 2024
2934 1708
837 2504
315 2420
873 1841
2778 2910
1469 1057
321 1381
1054 1039
2349 1960
2467 2595
2038 1036
2581 2624
2725 1670
418 1290
2660 2743
879 526
8 629
2729 1336
1211 207
151 1394
1369 2149
1797 2438
139 693
139 2232
2635 924
1656 1500
2869 2570
2940 1835
1432 2933
2327 2383
2018 584
2381 2321
153 435
1381 1220
1634 434
1231 972
505 79
713 1728
435 545
2616 1314
1766 1506
241 2507
1349 1882
2558 2857
1127 1799
2679 1886
145 1026
2902 989
1660 2218
1458 1836
1348 1822
1435 1460
2641 426
2755 1229
915 872
957 2083
839 1633
2538 1492
1804 645
1530 835
380 1513
1237 691
1545 1371
2298 1874
522 2751
2416 2340
2202 1626
2707 1209
2810 2133
1157 1607
449 2605
238 2247
2511 554
1691 603
127 508
2721 1350
2949 2829
2398 2121
950 1465
1045 2026
2781 1360
2257 239
2408 2772
2621 1412
2951 2890
2860 2154
2302 1561
2091 2425
2937 314
781 918
487 479
82 1353
222 782
1180 1402
2102 542
1544 264
576 2676
991 1496
540 884
2555 2405
2115 253
1764 2117
1357 536
909 12
2642 1234
641 394
2471 2705
870 647
39 1839
1551 1312
2691 748
1231 1949
1752 1190
1001 2527
2471 1174
1626 17
22 2066
2287 1818
777 123
2650 173
1388 2311
1505 1365
2268 596
409 1925
2425 1227
840 681
1113 2156
1388 1172
2345 809
2820 2815
2869 2892
1446 2343
2258 57
2837 1893
1506 1731
2038 327
904 2728
2816 1609
1513 708
1601 182
1547 453
2936 2562
425 444
974 1395
2813 2437
2848 2925
1726 507
1468 1851
1063 1573
757 31
2020 378
289 2328
633 306
2910 192
365 1577
836 2596
1031 2636
1458 1219
51 489
1523 1226
1285 2704
984 546
2762 115
2716 1166
1086 1284
1681 1421
2776 366
1394 2627
949 1981
1165 2454
1717 458
2909 1203
1785 578
2901 2458
2607 1664
1054 2172
2769 1315
854 636
1985 1356
1766 1711
1545 2521
2280 2246
120 1847
1233 1171
1143 1931
236 2573
2301 726
2918 996
1173 1049
1360 21
1532 2590
2014 1154
2601 2160
2543 2015
81 1144
2404 1359
145 2833
2599 2177
1851 2136
1836 910
2224 1624
1254 462
1381 2312
1122 89
1485 1909
1189 23
1059 109
1461 1375
566 955
1778 1242
2520 1755
1918 1064
2216 205
2660 651
1450 2200
1837 488
1574 742
2955 938
1005 249
1268 2486
1559 2858
1061 1511
2160 1346
1935 2709
2011 2362
2853 1034
1845 1899
352 1002
197 481
2389 1319
2825 1176
429 2407
1561 1844
468 2089
2701 1473
1859 752
2048 2023
2503 2031
1576 2665
2552 1823
2213 556
2784 2549
2778 1298
182 2609
1822 908
2454 2846
330 1858
977 2411
1770 2112
1719 1243
790 1281
1310 764
1357 1933
2641 2234
551 1997
2544 2162
16 932
1684 1079
1583 1141
2553 2054
2751 2600
2690 1592
2798 2608
2171 1515
2853 2080
875 986
2787 2244
1439 2075
2051 76
820 486
809 845
2782 1454
2832 247
519 1
215 2099
276 2877
2802 1775
802 753
885 880
1941 675
2628 1702
2642 533
2693 1456
2129 747
1477 1358
1148 1071
2909 2239
998 1834
2855 456
2687 216
1361 1091
11 1303
674 1504
746 887
1937 1282
127 2927
2872 312
1485 373
528 1853
2754 1685
2945 671
2111 2141
1490 2502
1407 2698
2340 2899
418 1927
459 834
554 150
2593 2483
2755 1112
2681 1263
365 1629
2946 622
723 2908
1645 1525
557 440
1233 124
2814 1075
1048 1265
1957 2277
248 1554
1979 1481
1283 2792
1071 937
297 2299
1239 283
2732 2835
1581 776
228 2805
2200 1998
489 230
1031 1519
647 1051
2862 252
456 2027
884 2717
2502 2633
1142 96
2360 143
1257 415
2129 1354
2864 876
2555 1625
2185 2870
2031 2497
2628 2090
612 2889
515 1100
292 1386
49 813
321 2067
1359 500
845 717
2847 1510
252 2061
2539 1870
554 2296
421 2604
196 1763
2031 1616
1544 317
637 2456
2521 2896
1026 1867
468 1612
1456 719
2529 2119
1085 1042
828 254
1058 766
1124 341
69 1183
1349 2875
2064 25
2510 1253
1786 2759
375 1224
2116 2744
2460 1170
2511 280
2630 2554
1284 1795
338 980
1941 400
365 646
2672 293
484 770
2069 1735
2915 913
2754 1817
2559 1618
2005 331
2398 575
468 569
1083 743
2521 345
1307 42
140 2199
1618 1848
2249 2560
1402 2462
2543 994
2936 1472
2298 1426
2368 2001
1288 2003
2842 1390
674 1440
2069 4
645 2207
835 167
2713 1570
1067 2272
250 1443
1767 2108
1596 2193
1663 28
484 1568
858 322
1004 180
587 2700
1804 2386
742 272
1799 199
1295 2808
850 715
2423 1213
170 1338
642 934
545 772
371 2551
2900 529
941 1013
2524 1526
598 2587
1039 1991
683 1009
1616 2722
2774 1055
1454 427
1462 190
1955 1494
361 1158
2365 204
2885 2953
1095 1905
2948 2692
2761 2241
1516 347
1015 2341
136 1235
8 2541
1816 506
229 852
979 2688
1454 2575
2944 2174
136 2254
330 503
2390 1497
1342 1476
1375 2719
1485 19
8 1522
2467 333
668 1652
434 953
2571 2022
1421 2354
2905 2859
1634 2530
1160 113
854 83
2861 2891
1295 582
1554 360
783 406
1284 2515
2189 75
1838 2042
1867 2682
842 2500
2089 2807
1690 2475
1325 2426
40 888
751 1291
2294 2366
2900 1110
1284 1971
2773 337
2784 1324
487 430
740 1339
2778 1713
2199 2088
957 1441
300 1044
714 987
1949 1531
1645 1883
285 2120
1924 2094
1187 1588
1969 2677
1515 2059
1853 2566
1518 1106
2770 905
2782 1411
2768 1023
181 856
800 2419
2381 1397
718 808
1555 2618
1117 797
1379 1138
1198 2033
548 861
767 2388
459 1502
1723 712
1234 1668
2426 1488
2595 358
782 367
2890 601
356 1623
2938 38
350 1563
1212 1040
99 2582
915 510
2122 2788
533 1988
1211 1565
1979 311
1198 657
1460 538
1023 2461
851 2637
642 2068
408 332
204 265
7 686
1071 388
1783 1888
777 823
34 2417
2841 1453
2349 1855
743 1903
380 2211
568 2056
2739 2439
2917 1391
1829 318
876 1484
945 2668
1101 162
2301 2035
225 1457
2502 789
1715 68
2785 1368
343 2052
4 539
1072 217
1382 2197
660 1649
757 2958
2919 377
2923 1895
556 2055
130 2361
1470 2499
672 2620
247 310
1220 521
1146 773
2216 77
1978 191
2395 2410
1457 1304
918 931
239 798
2691 1761
175 2306
1629 259
2188 407
1220 2662
2149 100
2287 2926
2096 634
1844 1385
1865 2084
2670 785
2689 1139
699 2450
2851 2519
1357 942
448 383
908 474
199 472
1368 274
1452 2289
1651 1873
1249 765
127 2786
377 1762
400 2640
2018 2505
634 1037
1216 2528
2020 1880
968 1659
2143 1438
2229 436
172 2695
972 302
1242 550
961 148
1895 1657
1916 1163
2014 2854
400 2132
1767 2812
2152 1891
1523 619
1853 2157
2336 1206
2148 1780
1607 2613
44 811
1174 1175
2090 2403
107 2267
471 1149
1180 710
2729 2470
2841 452
1889 1725
2555 2167
1691 2100
938 45
74 2671
2412 1188
1385 2334
2192 208
300 907
2664 349
2778 2602
1809 1413
1524 2533
1050 865
1339 305
2685 1992
317 1021
2728 1192
2754 2667
1669 446
265 692
669 1537
1588 1185
2896 2184
439 1169
1009 2191
1178 2085
1860 2828
1469 1698
1856 593
2766 943
1609 2044
1528 2353
1409 1214
972 295
2700 2764
526 2576
1720 188
2244 2506
2289 1693
54 1046
2160 2002
2539 1236
2622 2924
2871 1963
2785 1392
469 235
1421 447
1320 2849
1848 498
2168 1088
1499 212
2004 531
2039 296
731 849
783 2093
2795 1776
2012 883
1432 2474
2051 958
983 970
1187 1471
1275 2016
1565 29
223 1491
646 1003
1886 2826
2483 2446
1365 2155
1723 591
1493 1861
2076 1164
1206 2092
1525 1207
1282 618
1870 1542
2542 354
69 2037
1049 2686
551 2736
199 2045
872 2765
1795 2492
1274 1582
2892 1120
2027 1709
156 649
770 2537
289 166
2776 1321
1470 502
832 438
337 2886
487 881
959 895
2174 1384
1256 1826
2385 2367
1231 1628
1589 605
2304 695
1162 963
1694 639
2267 2512
1779 2274
1593 2240
2767 1830
909 257
2272 826
775 504
1796 1658
306 1688
1592 1898
254 405
800 2631
223 1094
449 613
1526 1167
2879 1272
2023 1749
296 1736
1745 1557
138 2243
1353 268
725 1791
2679 897
206 2357
1101 183
1158 1038
2767 1777
2239 1995
1356 163
2406 244
1294 2652
501 126
2025 2382
1816 737
916 1701
2193 1917
1360 716
64 2723
2353 2819
1591 2734
1653 1221
2640 2285
415 2284
1394 607
1390 2402
2833 2187
1617 2135
2787 2673
2918 1355
84 1594
2616 2731
2406 563
987 2783
888 2775
1611 559
2602 1639
1897 246
728 1970
2365 812
436 101
2927 1699
1394 1730
689 475
847 1329
2670 2550
1329 1814
1094 149
998 792
735 2468
2601 2546
2800 1308
882 2741
523 1103
2167 821
1167 982
1178 2265
1652 1828
319 2516
1952 2170
844 2316
2224 226
1457 313
979 1999
408 610
1015 750
2623 1586
1172 2375
1441 1646
112 1921
103 2777
1220 2540
613 530
879 1362
756 227
2827 1408
163 2760
2459 2747
1471 1451
862 177
324 676
2878 1202
1725 2318
1633 2307
2450 2151
1449 1789
2416 886
1428 1689
2556 1196
702 1087
148 1587
848 1803
1778 1953
659 1299
255 2435
1537 679
2209 527
2477 2935
469 727
2211 370
692 2720
2564 1267
1807 2359
939 271
2136 1374
2653 2756
1540 2422
757 978
365 58
536 2233
2806 925
1667 2914
332 122
474 1615
1731 2906
763 1105
2109 464
357 630
1890 664
2756 2478
2361 1662
2229 1759
2035 2028
1481 997
415 491
574 307
1158 520
1457 363
1756 2659
321 277
1409 2181
1659 390
2293 1571
2722 2256
966 2194
1008 278
2562 857
645 1245
1514 1480
2402 1585
2828 2629
2775 2308
73 2789
2858 46
1711 1802
2670 2894
1106 1781
474 1260
190 1907
1803 2175
1582 412
1440 202
1309 186
1590 1534
2234 2463
659 2494
1871 1258
1431 2821
1759 658
437 902
1916 2580
1721 1341
1268 1322
336 2498
2185 2445
2573 2238
1767 2114
2392 1467
451 1323
1458 2041
141 1255
2378 2278
1282 1605
788 2654
735 1676
1567 1507
2145 273
767 1210
113 1132
1237 1562
254 1974
2167 402
2483 623
1572 2956
1776 1128
1188 1043
2084 1811
2274 2904
2409 362
1456 2763
1348 1714
307 2584
1667 2632
2183 572
819 304
2014 1967
227 27
2924 2649
2107 604
770 625
1164 243
2515 209
720 2943
1636 98
2754 2309
226 833
1854 2588
2744 2950
884 260
96 43
1417 2614
2199 2414
2517 2007
530 900
2862 290
566 1097
338 1084
2301 701
205 2424
2268 1640
1872 1825
1522 496
355 263
1561 2253
2470 1655
716 2138
1760 2226
1948 964
977 688
831 2153
889 711
1776 203
2407 1115
2813 992
1467 198
761 944
2624 1976
651 334
353 2644
331 1887
2455 1627
2455 48
955 2493
266 62
2829 1686
2180 1546
74 912
2087 2017
1115 213
2051 1125
1066 661
1987 2823
1812 801
40 2275
357 2647
2193 473
79 2818
2743 2897
893 2058
2101 741
2110 261
2765 1327
969 1533
1527 2391
414 513
535 2856
2469 2333
1575 2850
2283 558
1747 1788
108 914
1622 524
1878 1429
1889 947
2467 428
1782 60
253 2350
1147 2452
2 1406
1729 896
2255 871
2947 2053
727 1794
1911 1073
2776 670
214 1241
2266 1261
524 61
767 1746
2420 860
2328 299
2353 1683
2121 1006
1173 146
2955 1121
2243 1401
1430 1335
1019 2518
2602 1827
2464 2651
460 348
661 2557
1409 516
1161 1539
1269 853
2136 2648
2349 1080
2242 2319
185 2738
2214 1293
1283 680
2053 328
408 1982
1217 2196
507 132
675 2643
425 2852
639 351
2955 2880
1426 648
2235 830
56 2297
2772 218
1605 320
2578 2046
2577 1529
2052 786
2761 1300
1094 965
305 2589
2265 816
2233 621
1339 1396
2283 2491
2515 2313
428 2796
860 1156
2646 1852
546 1945
1721 586
2653 1936
1431 2799
2532 1712
740 2844
1161 3
740 2269
2076 1866
1581 340
294 2514
1117 5
724 611
1392 2396
1625 2043
456 1068
2496 589
839 1892
948 1495
113 1739
2761 397
1497 1900
59 1286
3 1710
263 2443
1977 1017
666 541
210 2060
97 1252
2287 2290
828 63
2536 2863
2722 940
305 2694
15 67
2016 1137
2519 2397
2365 1643
432 1787
845 2836
2113 2610
35 499
2672 2617
2782 2436
757 2270
1143 631
2559 2363
528 423
1379 962
218 2703
1408 1018
1599 1674
2660 898
966 1885
664 2547
1297 90
127 822
1594 2198
839 298
1464 1986
1559 1707
822 1932
901 1741
1666 2288
2445 2568
1765 754
2091 1716
1925 1946
1455 2095
1331 2384
62 1536
181 1517
1536 117
539 2070
1343 2708
70 512
496 2352
2558 2733
764 2339
1724 1650
2303 2369
1477 267
875 2259
1559 116
1516 128
1661 690
2843 1444
35 2019
2021 1025
490 1813
876 2159
975 393
196 1387
931 316
1753 583
18 1155
1022 1748
2665 193
2406 2791
1529 2347
154 1644
492 2748
2012 1010
1402 2750
1676 2050
1089 1928
2154 1798
2748 1328
1801 1993
1310 2882
2840 165
2858 102
1784 2666
2336 1833
183 1757
2761 224
331 1047
1190 1943
2056 1090
1240 595
831 697
2954 1696
797 640
2210 1279
470 303
2085 1964
1409 1815
717 41
2308 1445
1130 2049
1681 2032
1341 1246
1331 53
479 1376
2167 211
1292 1389
192 592
679 653
285 2128
54 2071
759 2273
2185 682
2407 2942
1655 1280
656 2142
1657 1193
1037 2569
2789 2227
338 1959
651 118
1637 147
1413 1416
686 1399
2477 1868
1119 733
635 2793
1460 1975
2762 32
358 455
1427 2724
803 9
22 301
1629 643
1037 1521
327 1578
1251 2606
972 1876
1302 2190
1701 1769
272 2324
1501 532
1031 2801
2384 685
1893 1614
543 1104
66 398
1057 1548
186 2479
2271 91
93 1718
2145 1806
1696 179
636 1704
377 588
2909 579
2532 2008
2412 1014
2799 1944
2380 1773
2678 2508
855 2779
1359 2434
1060 1296
2723 2579
270 2295
856 2097
406 1705
2256 189
2454 2029
457 1099
2697 846
1623 654
2662 780
188 2449
2206 1266
109 287
2408 2009
2575 2182
2372 1790
1257 549
140 2000
300 1832
1399 2780
390 2495
1801 2062
1081 760
414 1332
170 608
248 443
2023 2548
1387 1737
2727 652
2798 1508
1433 155
1197 976
2421 1093
2313 2250
1161 1423
1634 1682
2886 1447
157 1706
1998 382
1911 2831
1336 1191
1907 739
1984 2710
25 2586
1725 624
1159 245
2162 1334
596 1912
466 381
494 1012
1905 1123
1802 2572
1648 2797
2123 1232
2542 818
2468 1111
2227 1541
1887 2230
754 309
2484 2124
690 2444
2832 142
2632 2393
512 1238
1617 2279
1308 2431
1942 2714
2077 2930
1145 1483
838 95
2722 729
959 2867
1702 2358
946 467
2647 6
502 1318
2435 2873
1738 665
1292 1475
1926 744
667 906
1551 1448
2644 2911
2552 1966
543 1675
1293 2817
1455 1990
1832 1344
1497 339
842 2658
2020 2013
816 1864
724 1011
1950 919
869 52
1150 478
1295 787
2315 1671
2166 71
213 1695
2494 1102
1676 465
2776 1316
2806 137
589 1383
978 921
2448 2563
212 1370
958 2415
2635 632
756 827
558 2674
201 1564
2658 824
2491 2501
2447 2394
196 805
526 2591
2632 567
1216 135
526 2442
1886 411
2067 928
490 234
414 1179
2214 1182
1794 1478
1991 442
1100 1840
2753 2745
2722 2656
2128 650
1778 389
2429 1498
29 2387
110 1647
598 47
2501 1276
245 2433
790 1151
513 2525
405 2912
1977 678
2711 144
2547 2204
1400 2430
442 1109
2484 1621
1342 1271
1162 1347
399 2292
99 814
2073 1879
722 829
274 2441
207 749
1007 1422
2479 169
1027 999
1460 1259
1301 1135
562 1922
713 1070
53 106
2804 2639
972 581
2253 2619
1858 483
1137 1377
599 1052
2251 125
2671 1810
2607 804
257 1028
1554 795
1220 2173
245 2453
674 1774
1634 2208
2436 626
128 104
1747 461
2957 2144
2215 762
199 2325
2348 2300
711 2106
1951 2161
878 730
1051 1140
176 368
78 2139
2464 1608
1511 614
1605 841
2693 1405
1779 2485
2723 1186
1297 282
1921 1503
1124 2346
2432 1415
4 5 6
7 8 9
