184 185
101 89
20 101
37 20
36 37
147 36
134 147
141 134
166 141
119 166
56 119
139 56
11 139
17 11
26 17
105 26
63 105
51 63
24 51
149 24
154 149
122 154
67 122
80 67
174 80
61 174
42 61
71 42
180 71
13 180
83 13
178 83
78 178
15 78
160 15
59 160
129 59
69 129
177 69
113 177
68 113
66 68
94 66
82 94
88 82
75 88
173 75
31 173
14 31
34 14
123 34
123 100
2 89
138 2
90 138
142 90
96 142
65 96
50 65
7 50
118 7
145 118
111 145
21 111
151 21
12 151
18 12
182 18
47 182
39 47
44 39
77 44
102 77
54 102
43 54
33 43
156 33
76 156
157 76
32 157
143 32
121 143
165 121
130 165
172 130
92 172
38 92
85 38
99 85
116 99
19 116
115 19
114 115
29 114
110 29
108 110
73 108
27 73
49 27
179 49
46 179
107 46
107 62
183 89
8 183
23 8
162 23
4 162
41 4
104 41
72 104
10 72
152 10
117 152
3 117
140 3
131 140
79 131
176 79
6 176
84 6
53 84
126 53
70 126
28 70
30 28
124 30
57 124
95 57
86 95
158 86
91 158
106 91
168 106
135 168
81 135
133 81
164 133
58 164
35 58
125 35
153 125
87 153
87 109
175 100
9 175
136 9
93 136
167 93
1 167
103 1
112 103
148 112
170 148
16 170
159 16
155 159
45 155
60 45
98 60
144 98
163 144
120 163
52 120
52 109
171 62
132 171
64 132
137 64
169 137
55 169
22 55
181 22
128 181
161 128
25 161
48 25
184 48
146 184
74 146
97 74
150 97
127 150
40 127
5 40
5 109
89 100 80
89 62 80
