900 899
355 159
159 562
562 823
562 406
562 872
159 667
159 403
355 468
355 531
159 383
872 840
403 305
667 726
403 718
726 73
305 379
726 8
406 836
406 739
667 881
840 261
73 308
823 842
842 263
823 886
263 342
886 3
263 752
305 397
159 56
379 659
752 704
823 742
308 771
872 428
531 686
403 83
836 296
308 90
562 790
379 169
263 695
659 681
305 599
397 170
704 89
397 134
742 132
872 206
881 450
169 98
836 10
739 36
132 528
169 646
886 116
403 328
170 844
403 200
695 449
771 604
842 518
752 157
449 430
604 846
667 900
900 494
89 861
170 372
686 775
403 232
157 774
681 179
263 744
518 462
206 293
861 720
604 526
468 607
170 321
739 645
169 185
686 492
73 674
846 723
607 224
305 198
494 16
881 290
846 84
36 793
449 410
739 558
296 773
900 433
36 239
886 66
56 284
134 603
604 755
284 588
720 826
10 709
90 666
773 622
206 409
293 884
296 874
861 60
844 348
3 641
723 522
645 894
116 183
296 182
607 867
492 354
872 598
179 625
752 692
840 139
409 21
494 311
646 361
599 473
16 789
89 538
73 711
134 377
522 698
377 417
232 675
284 767
674 210
293 772
793 205
132 391
607 97
342 390
774 514
514 568
185 250
836 701
428 852
210 683
73 806
170 104
397 540
296 54
774 552
379 285
354 595
540 728
308 208
558 371
409 741
607 583
528 542
462 471
183 363
321 493
116 750
552 201
492 549
583 256
377 630
159 781
750 797
718 76
83 871
355 412
250 676
328 133
76 152
355 386
773 13
894 621
410 834
675 254
621 19
752 346
595 810
471 480
406 82
377 529
676 690
328 593
391 657
598 776
667 677
894 551
232 849
132 33
849 45
622 896
552 499
73 40
355 612
676 632
449 546
690 498
709 853
198 600
881 839
562 815
311 648
328 189
348 399
839 103
256 628
726 511
19 584
152 303
66 77
428 451
390 523
372 221
797 260
468 11
675 782
379 187
409 307
790 615
346 831
54 515
648 359
159 639
189 605
10 581
666 527
752 313
185 727
397 495
767 351
896 889
11 759
834 46
8 876
886 331
599 629
170 123
157 777
844 655
599 312
89 195
867 356
450 699
690 733
451 381
296 96
823 833
263 722
776 79
261 237
884 162
755 738
605 364
170 578
709 142
775 6
104 258
381 634
16 107
142 512
250 27
60 275
515 24
97 209
377 168
646 745
354 635
615 135
152 798
356 30
79 506
782 795
36 48
776 590
657 725
781 850
403 505
40 292
514 899
355 478
449 620
711 395
773 15
604 309
781 64
512 697
552 458
201 576
726 682
15 643
659 572
781 684
116 589
852 272
635 730
169 113
157 502
781 264
54 883
551 459
745 868
512 341
495 353
742 456
793 1
292 436
66 434
209 563
789 31
852 525
823 287
381 188
169 601
572 626
434 673
709 892
354 222
632 696
10 783
451 707
900 327
607 360
409 4
641 535
354 497
529 99
868 647
722 804
139 225
831 822
872 324
256 729
433 465
899 174
695 144
256 186
170 75
704 140
795 373
733 281
894 158
195 509
208 746
8 216
281 147
527 809
900 128
853 23
615 18
629 799
353 421
742 74
36 748
128 760
783 78
45 437
27 453
209 820
3 855
468 214
363 592
599 441
750 642
563 573
216 470
60 58
397 770
681 672
755 423
359 17
820 779
755 703
852 885
509 624
355 766
643 211
98 177
839 661
346 747
189 768
395 580
82 489
360 740
592 530
48 517
107 94
834 138
831 203
433 350
699 322
511 485
19 444
823 633
703 715
354 587
399 501
580 548
471 124
169 149
546 28
364 304
729 92
36 227
331 705
777 837
572 63
383 255
874 344
588 687
837 246
604 101
620 875
695 12
492 888
492 631
576 863
134 710
584 442
502 784
498 724
237 717
770 472
588 407
66 59
458 448
752 463
377 519
442 362
341 298
30 680
377 513
779 786
312 865
672 841
284 204
465 91
626 269
98 651
227 80
123 891
517 811
517 756
169 665
741 154
204 753
158 243
433 821
601 455
66 136
742 207
626 816
527 105
433 280
629 181
710 700
562 202
795 106
750 569
90 369
64 199
896 575
899 778
198 560
768 656
54 652
239 413
876 654
21 7
881 71
569 340
771 534
899 418
206 802
768 496
529 545
1 483
78 235
434 663
793 192
707 702
199 890
351 314
60 393
246 828
867 148
875 294
407 334
201 570
779 567
225 780
250 611
622 829
852 164
530 337
27 420
494 532
774 431
94 847
690 818
896 469
19 238
648 380
152 866
94 735
529 524
625 555
124 117
369 213
448 171
868 315
497 51
210 508
891 670
304 277
386 879
340 88
128 664
532 737
589 427
702 860
209 194
739 270
666 130
313 486
576 249
73 452
10 688
36 333
519 100
849 487
629 713
421 319
75 193
892 233
78 382
116 145
900 69
656 155
142 561
628 791
33 2
1 335
428 326
441 176
293 39
164 898
386 396
206 559
590 301
351 38
261 443
181 557
855 108
767 141
89 26
171 299
379 712
136 650
555 190
280 65
56 240
867 609
875 785
783 869
204 404
181 252
237 226
157 310
458 763
200 245
84 857
630 623
200 792
738 385
269 617
676 220
720 638
869 851
684 352
190 685
741 411
312 743
275 854
549 415
583 714
377 367
767 543
337 425
551 357
528 95
84 197
659 734
105 119
499 35
309 55
531 374
465 247
162 787
104 53
834 253
485 288
573 694
206 43
456 719
572 764
407 732
96 803
846 302
774 467
755 521
803 5
399 34
790 895
811 32
631 668
92 120
630 160
403 178
351 457
551 370
130 14
65 215
314 345
459 424
207 366
452 375
457 283
772 241
39 20
726 118
313 553
715 429
545 166
249 491
185 115
603 693
138 173
174 564
725 259
785 800
83 212
710 475
159 825
123 476
183 67
499 488
517 265
225 637
83 402
472 230
270 273
335 236
421 574
705 858
5 537
458 758
822 234
898 167
83 812
583 408
570 426
853 85
724 165
900 870
659 788
543 662
457 893
449 566
622 384
524 300
688 474
235 271
100 550
501 887
630 419
633 143
315 29
176 121
292 856
449 338
600 438
241 219
402 41
777 114
360 25
530 9
605 376
486 339
851 873
463 42
851 268
712 109
873 282
779 610
420 838
452 422
598 864
717 644
140 61
327 805
6 394
94 416
869 731
74 533
553 484
66 343
803 653
867 57
142 276
33 796
272 400
457 843
771 52
381 146
659 347
725 349
663 320
764 405
382 819
449 378
771 577
409 180
395 817
170 398
759 807
887 877
4 329
337 660
778 112
202 218
378 541
29 801
603 323
407 153
13 808
542 93
798 671
707 156
394 161
373 330
393 830
543 70
410 244
730 289
138 72
94 859
577 291
820 882
39 231
244 616
512 794
521 835
632 454
821 862
275 516
222 751
147 137
662 878
337 689
55 163
898 332
870 614
485 257
633 274
76 594
258 318
93 286
630 481
289 125
869 50
666 754
502 845
801 44
780 813
58 87
513 126
790 827
12 757
269 679
806 68
399 262
455 460
883 446
806 536
260 721
844 762
159 596
739 266
465 591
646 22
764 110
790 749
180 358
583 248
352 477
593 172
484 832
358 325
789 880
478 102
611 316
514 520
269 554
250 47
39 636
530 414
334 691
73 627
583 769
578 150
692 278
138 295
95 571
66 848
511 539
69 111
691 392
514 62
373 251
890 716
58 368
371 389
147 582
792 279
1 669
540 267
711 579
624 678
148 242
448 184
246 765
620 445
617 131
59 503
763 175
624 606
167 510
676 466
399 122
410 706
116 640
757 479
414 336
806 37
783 49
466 897
596 618
472 447
403 649
494 500
280 435
248 608
28 613
840 544
682 736
539 228
642 387
701 229
12 317
806 586
843 597
653 297
572 127
674 440
866 217
542 761
806 490
322 708
238 306
6 602
436 388
723 191
837 129
525 439
845 401
32 547
692 461
726 814
226 824
567 507
315 151
80 658
833 585
551 365
535 619
589 432
134 86
164 565
30 464
867 482
293 223
706 504
739 81
95 556
513 196
499 599 19
69 96 14
