2999 3000
933 41
728 933
331 728
410 331
2593 410
1107 2593
563 1107
1301 563
1709 1301
2462 1709
1315 2462
49 1315
440 49
1078 440
1469 1078
1791 1469
2383 1791
2025 2383
1851 2025
1588 1851
647 1588
66 647
1293 66
2896 1293
2232 2896
260 2232
1066 260
1118 1066
319 1118
2881 319
1440 2881
2780 1440
994 2780
1498 994
108 1498
784 108
2972 784
2970 2972
1176 2970
2562 1176
122 2562
2709 122
1201 2709
2557 1201
466 2557
2363 466
188 2363
2425 188
980 2425
1741 980
734 1741
2024 734
2205 2024
279 2205
2815 279
2606 2815
1450 2606
1132 1450
2457 1132
1494 2457
2690 1494
344 2690
1093 344
2507 1093
2222 2507
2099 2222
2495 2099
114 2495
2902 114
1339 2902
938 1339
2681 938
2868 2681
613 2868
1887 613
1461 1887
1864 1461
2476 1864
893 2476
791 893
1379 791
65 1379
14 65
1152 14
2410 1152
1929 2410
1400 1929
347 1400
2010 347
989 2010
999 989
675 999
2197 675
266 2197
2309 266
2424 2309
1994 2424
1261 1994
2035 1261
2999 2035
2847 2999
568 2847
1378 568
2494 1378
400 2494
626 400
2589 626
2577 2589
1616 2577
2855 1616
1996 2855
606 1996
1412 606
2436 1412
1153 2436
1552 1153
465 1552
1733 465
2559 1733
1135 2559
546 1135
996 546
1493 996
1350 1493
1790 1350
797 1790
2068 797
361 2068
2482 361
2541 2482
1336 2541
1654 1336
1388 1654
507 1388
1505 507
2579 1505
605 2579
838 605
1394 838
1978 1394
2588 1978
430 2588
1419 430
756 1419
704 756
2981 704
2785 2981
2676 2785
1226 2676
2754 1226
1294 2754
449 1294
2629 449
2081 2629
812 2081
729 812
2963 729
106 2963
720 106
1941 720
1898 1941
2138 1898
1651 2138
1768 1651
1177 1768
2220 1177
2750 2220
498 2750
1572 498
1839 1572
1361 1839
2705 1361
2403 2705
970 2403
2136 970
2215 2136
2945 2215
639 2945
2642 639
2331 2642
1151 2331
1593 1151
1687 1593
450 1687
1506 450
880 1506
1024 880
902 1024
1971 902
2740 1971
278 2740
2078 278
1725 2078
2878 1725
1042 2878
2038 1042
2298 2038
2088 2298
2417 2088
810 2417
68 810
2021 68
1583 2021
1592 1583
1077 1592
1813 1077
1512 1813
2159 1512
1656 2159
709 1656
997 709
914 997
382 914
471 382
259 471
1634 259
2390 1634
1167 2390
1861 1167
1668 1861
2414 1668
1609 2414
2761 1609
2934 2761
2649 2934
1809 2649
2757 1809
1530 2757
1714 1530
1959 1714
2373 1959
1225 2373
825 1225
2556 825
2453 2556
150 2453
987 150
2059 987
393 2059
2592 393
2369 2592
2829 2369
390 2829
542 390
864 542
1691 864
204 1691
1031 204
2244 1031
1387 2244
490 1387
88 490
934 88
662 934
962 662
2814 962
958 2814
1838 958
851 1838
2726 851
1411 2726
645 1411
301 645
2685 301
608 2685
30 608
594 30
2344 594
935 2344
1976 935
532 1976
2360 532
2065 2360
1047 2065
2790 1047
1251 2790
1067 1251
1370 1067
425 1370
2944 425
2356 2944
367 2356
298 367
1989 298
946 1989
1053 946
2748 1053
1467 2748
571 1467
1842 571
775 1842
2259 775
1680 2259
2912 1680
249 2912
2056 249
46 2056
2741 46
397 2741
1052 397
767 1052
1582 767
1353 1582
943 1353
2214 943
835 2214
70 835
2377 70
680 2377
92 680
477 92
1548 477
447 1548
502 447
1082 502
437 1082
2016 437
407 2016
2666 407
1095 2666
270 1095
2969 270
429 2969
826 429
2095 826
1933 2095
483 1933
1590 483
1511 1590
2789 1511
2788 2789
2295 2788
2504 2295
2399 2504
1822 2399
2544 1822
1603 2544
2909 1603
1622 2909
1658 1622
1952 1658
1649 1952
949 1649
1696 949
1318 1696
1704 1318
2378 1704
513 2378
277 513
2701 277
2029 2701
1764 2029
586 1764
1831 586
2413 1831
321 2413
2450 321
1420 2450
1970 1420
2538 1970
597 2538
638 597
1964 638
1479 1964
1581 1479
1280 1581
2725 1280
2671 2725
1133 2671
635 1133
809 635
467 809
1804 467
1083 1804
104 1083
1286 104
2289 1286
740 2289
313 740
1242 313
923 1242
2262 923
2903 2262
2082 2903
2258 2082
409 2258
1305 409
2427 1305
2618 2427
2419 2618
535 2419
808 535
701 808
1840 701
2700 1840
758 2700
1652 758
2069 1652
2567 2069
297 2567
1689 297
1865 1689
52 1865
2505 52
2148 2505
27 2148
1954 27
2382 1954
176 2382
2167 176
552 2167
1065 552
550 1065
1213 550
1023 1213
452 1023
2691 452
2905 2691
387 2905
28 387
1549 28
1599 1549
135 1599
2980 135
533 2980
1141 533
2661 1141
2171 2661
2904 2171
1977 2904
1233 1977
693 1233
1147 693
1981 1147
887 1981
2461 887
352 2461
573 352
1430 573
1944 1430
2803 1944
2134 2803
2627 2134
445 2627
1859 445
2978 1859
2804 2978
2093 2804
2630 2093
1600 2630
2670 1600
806 2670
1672 806
2674 1672
137 2674
1198 137
2084 1198
140 2084
1117 140
2117 1117
496 2117
2005 496
1525 2005
750 1525
2433 750
303 2433
2766 303
2712 2766
286 2712
1114 286
158 1114
1337 158
2122 1337
1230 2122
2730 1230
510 2730
50 510
202 50
783 202
1728 783
2152 1728
627 2152
1252 627
1271 1252
2133 1271
1841 2133
2594 1841
2007 2594
2468 2007
2693 2468
2006 2693
672 2006
892 672
1150 892
1231 1150
2412 1231
2225 2412
918 2225
1684 918
2530 1684
1882 2530
2517 1882
966 2517
721 966
1166 721
508 1166
694 508
2464 694
1289 2464
307 1289
2971 307
456 2971
1670 456
160 1670
151 160
2437 151
2401 2437
45 2401
87 45
1917 87
1647 1917
2372 1647
1607 2372
1297 1607
377 1297
1975 377
2646 1975
2364 2646
1247 2364
2022 1247
2585 2022
458 2585
1398 458
83 1398
1328 83
2576 1328
2201 2576
1288 2201
1854 1288
2614 1854
1557 2614
593 1557
817 593
455 817
57 455
1136 57
503 1136
1644 503
1911 1644
1720 1911
2899 1720
293 2899
2336 293
1521 2336
1693 1521
2793 1693
378 2793
2144 378
1610 2144
2408 1610
1410 2408
1005 1410
2767 1005
644 2767
443 644
1262 443
676 1262
2549 676
1170 2549
2150 1170
1724 2150
538 1724
2908 538
1856 2908
263 1856
2265 263
2274 2265
448 2274
2200 448
2830 2200
2216 2830
1418 2216
1937 1418
1958 1937
2466 1958
1427 2466
2260 1427
621 2260
1585 621
2910 1585
2249 2910
1277 2249
1349 1277
2501 1349
2192 2501
2744 2192
2810 2744
2714 2810
2057 2714
191 2057
495 191
2656 495
2774 2656
2361 2774
1364 2361
230 1364
823 230
2313 823
248 2313
2510 248
2917 2510
2506 2917
2833 2506
1209 2833
2042 1209
2362 2042
2609 2362
1319 2609
2571 1319
2086 2571
2765 2086
1888 2765
1073 1888
1237 1073
2288 1237
281 2288
746 281
2923 746
710 2923
643 710
1795 643
1089 1795
636 1089
170 636
2067 170
2183 2067
1391 2183
1159 1391
2337 1159
1215 2337
799 1215
2071 799
690 2071
1302 690
2769 1302
839 2769
1608 839
134 1608
1219 134
1703 1219
898 1703
469 898
275 469
529 275
1284 529
2698 1284
569 2698
1632 569
2141 1632
1834 2141
1571 1834
439 1571
1912 439
94 1912
1011 94
1772 1011
2485 1772
2512 2485
1984 2512
757 1984
36 757
2729 36
1477 2729
982 1477
2919 982
1853 2919
26 1853
1472 26
181 1472
1070 181
922 1070
438 922
2543 438
2792 2543
318 2792
282 318
236 282
623 236
2779 623
112 2779
2454 112
217 2454
2452 217
2747 2452
330 2747
1158 330
2673 1158
491 2673
1998 491
2242 1998
1036 2242
1299 1036
1934 1299
1007 1934
2391 1007
2522 2391
2463 2522
1316 2463
634 1316
2528 634
1533 2528
2602 1533
1399 2602
486 1399
2243 486
2935 2243
362 2935
2777 362
1969 2777
1180 1969
1266 1180
145 1266
1362 145
1739 1362
1690 1739
670 1690
741 670
1513 741
2733 1513
781 2733
1069 781
2758 1069
1281 2758
587 1281
1449 587
998 1449
1556 998
336 1556
73 336
618 73
232 618
1547 232
322 1547
2402 322
326 2402
2140 326
2165 2140
184 2165
2687 184
522 2687
1443 522
1322 1443
1531 1322
2976 1531
2680 2976
2669 2680
1257 2669
1753 1257
2013 1753
2823 2013
1490 2823
193 1490
1059 193
267 1059
2212 267
2430 2212
214 2430
1030 214
2368 1030
1235 2368
830 1235
655 830
977 655
619 977
1355 619
2590 1355
1833 2590
433 1833
1129 433
824 1129
294 824
801 294
1553 801
419 1553
2895 419
85 2895
1001 85
2607 1001
206 2607
1492 206
2154 1492
1638 2154
1899 1638
1967 1899
1594 1967
1870 1594
1015 1870
1372 1015
1290 1372
1290 2668
2987 1858
1737 2987
2037 1737
896 2037
1918 896
1880 1918
995 1880
2617 995
1110 2617
2083 1110
558 2083
735 558
320 735
1417 320
2421 1417
939 2421
802 939
886 802
2168 886
2411 2168
975 2411
2591 975
1224 2591
1808 1224
1244 1808
2751 1244
1534 2751
1441 1534
1779 1441
2924 1779
1812 2924
379 1812
2252 379
1719 2252
2085 1719
199 2085
1517 199
324 1517
118 324
2388 118
2087 2388
848 2087
1169 848
1174 1169
1890 1174
1260 1890
1134 1260
1334 1134
1726 1334
2933 1726
2853 2933
1524 2853
795 1524
615 795
1146 615
2345 1146
1674 2345
1618 1674
2866 1618
2493 2866
1526 2493
237 1526
1138 237
2240 1138
1245 2240
2210 1245
1197 2210
509 1197
2979 509
2073 2979
1368 2073
561 1368
2438 561
2478 2438
1991 2478
524 1991
1905 524
1979 1905
616 1979
2626 616
642 2626
441 642
2283 441
1566 2283
1574 1566
2897 1574
2060 2897
2106 2060
2573 2106
2915 2573
1173 2915
604 1173
1555 604
2531 1555
2851 2531
633 2851
1620 633
2061 1620
2422 2061
1161 2422
380 1161
2175 380
485 2175
1614 485
241 1614
2644 241
1021 2644
2231 1021
316 2231
1628 316
2984 1628
2633 2984
800 2633
2760 800
610 2760
1463 610
1816 1463
620 1816
2555 620
1058 2555
97 1058
489 97
2795 489
1754 2795
2628 1754
2048 2628
2509 2048
969 2509
1982 969
776 1982
697 776
2358 697
1799 2358
1273 1799
2275 1273
2491 2275
1633 2491
2342 1633
948 2342
2157 948
2647 2157
1962 2647
1554 1962
1009 1554
821 1009
2849 821
461 2849
540 461
2474 540
736 2474
2467 736
603 2467
457 603
871 457
2355 871
657 2355
1543 657
1298 1543
190 1298
415 190
1542 415
1358 1542
2991 1358
155 2991
873 155
242 873
2139 242
2299 2139
1810 2299
481 1810
1706 481
2497 1706
1238 2497
1471 1238
2959 1471
1434 2959
2841 1434
48 2841
198 48
921 198
2566 921
549 2566
1757 549
2871 1757
2773 2871
335 2773
2584 335
1980 2584
1678 1980
1451 1678
2695 1451
2441 2695
2525 2441
2874 2525
1922 2874
1749 1922
61 1749
1 61
1803 1
2648 1803
1573 2648
777 1573
2008 777
142 2008
329 142
601 329
63 601
2066 63
1759 2066
2859 1759
1103 2859
711 1103
1314 711
2882 1314
1486 2882
1773 1486
656 1773
1612 656
1897 1612
309 1897
1939 309
1811 1939
1195 1811
891 1195
889 891
1239 889
1883 1239
1742 1883
2513 1742
2124 2513
1357 2124
771 1357
2937 771
793 2937
1794 793
1028 1794
418 1028
252 418
2199 252
2127 2199
2221 2127
1285 2221
1054 1285
2307 1054
2480 2307
1296 2480
454 1296
1088 454
770 1088
2290 770
738 2290
782 738
2049 782
385 2049
2228 385
2728 2228
897 2728
2996 897
2276 2996
2471 2276
1122 2471
936 1122
865 936
1473 865
1818 1473
1389 1818
1395 1389
764 1395
1957 764
1915 1957
2064 1915
2209 2064
2578 2209
2799 2578
2151 2799
917 2151
731 917
654 731
58 654
16 58
1431 16
2014 1431
2282 2014
2858 2282
1586 2858
1659 1586
2012 1659
1382 2012
1087 1382
2645 1087
1186 2645
2147 1186
688 2147
2686 688
148 2686
1930 148
598 1930
572 598
2110 572
1393 2110
1874 1393
2600 1874
766 2600
1014 766
1774 1014
1003 1774
175 1003
916 175
497 916
372 497
2353 372
1406 2353
1602 1406
745 1602
1063 745
1196 1063
1683 1196
2312 1683
2956 2312
1040 2956
1646 1040
788 1646
78 788
1518 78
578 1518
667 578
2548 667
2569 2548
525 2569
849 525
927 849
1993 927
1650 1993
1968 1650
2703 1968
2990 2703
162 2990
285 162
2875 285
215 2875
2783 215
1035 2783
2526 1035
1663 2526
855 1663
2692 855
641 2692
1626 641
1771 1626
702 1771
2520 702
2516 2520
103 2516
453 103
971 453
565 971
120 565
1421 120
472 1421
1722 472
365 1722
2552 365
2613 2552
2115 2613
2771 2115
2149 2771
1509 2149
2840 1509
1374 2840
2738 1374
544 2738
1080 544
2938 1080
2319 2938
2805 2319
1800 2805
515 1800
837 515
1639 837
1105 1639
1156 1105
929 1156
1373 929
200 1373
1872 200
2931 1872
2925 2931
76 2925
243 76
539 243
2365 539
1484 2365
1886 1484
2328 1886
590 2328
229 590
2444 229
2311 2444
1444 2311
1648 1444
2683 1648
827 2683
1985 827
1619 1985
2409 1619
226 2409
2639 226
2217 2639
602 2217
904 602
480 904
2173 480
2285 2173
1113 2285
828 1113
1731 828
555 1731
1661 555
183 1661
2514 183
664 2514
882 664
1217 882
2367 1217
269 2367
1403 269
51 1403
813 51
476 813
253 476
251 253
1891 251
909 1891
1734 909
404 1734
1193 404
1801 1193
90 1801
1625 90
685 1625
716 685
2292 716
1532 2292
2679 1532
1178 2679
1004 1178
2587 1004
2554 2587
2523 2554
2096 2523
72 2096
2966 72
265 2966
376 265
1304 376
2047 1304
2223 2047
926 2223
1338 926
2428 1338
2596 2428
772 2596
1938 772
2458 1938
691 2458
1699 691
2664 1699
1567 2664
1259 1567
2960 1259
894 2960
2125 894
1085 2125
40 1085
1660 40
185 1660
2819 185
913 2819
2550 913
427 2550
2487 427
1562 2487
2856 1562
1904 2856
2126 1904
1270 2126
1232 1270
518 1232
1671 518
113 1671
2992 113
2599 2992
2286 2599
1655 2286
2852 1655
147 2852
2595 147
1106 2595
2694 1106
725 2694
2469 725
576 2469
2203 576
2208 2203
295 2208
2174 295
60 2174
1468 60
31 1468
2253 31
2170 2253
2261 2170
1576 2261
519 1576
107 519
2870 107
2775 2870
1500 2775
2229 1500
1055 2229
748 1055
2338 748
2268 2338
1127 2268
973 1127
1360 973
1789 1360
1345 1789
2036 1345
2845 2036
1383 2845
520 1383
1877 520
867 1877
932 867
1777 932
682 1777
1041 682
261 1041
1847 261
1643 1847
2539 1643
780 2539
1564 780
1955 1564
203 1955
2961 203
1617 2961
553 1617
900 553
2204 900
2558 2204
2794 2558
2346 2794
2844 2346
2435 2844
2489 2435
2719 2489
395 2719
2825 395
2737 2825
222 2737
2179 222
1665 2179
1537 1665
2756 1537
2255 2756
1819 2255
2161 1819
24 2161
436 24
262 436
2195 262
231 2195
2257 231
1621 2257
2900 1621
2998 2900
1212 2998
2827 1212
2551 2827
551 2551
592 551
100 592
1447 100
2635 1447
488 2635
2305 488
588 2305
396 588
967 396
877 967
577 877
1126 577
1940 1126
2879 1940
2092 2879
1369 2092
2974 1369
2063 2974
2921 2063
2982 2921
868 2982
1308 868
2293 1308
961 2293
1645 961
2864 1645
1710 2864
492 1710
2238 492
1869 2238
2640 1869
1422 2640
2277 1422
2715 2277
2641 2715
154 2641
1092 154
17 1092
1354 17
1184 1354
2343 1184
1701 2343
2604 1701
1326 2604
526 1326
1953 526
1454 1953
850 1454
2002 850
1935 2002
1515 1935
876 1515
1108 876
2287 1108
358 2287
288 358
2580 288
2470 2580
2334 2470
1702 2334
1202 1702
1657 1202
2119 1657
2958 2119
213 2958
514 213
201 514
724 201
1348 724
132 1348
1666 132
2907 1666
1990 2907
1926 1990
2822 1926
816 2822
1000 816
2109 1000
1148 2109
792 1148
373 792
579 373
1194 579
312 1194
1931 312
1255 1931
2439 1255
730 2439
55 730
1637 55
1782 1637
890 1782
2397 890
2797 2397
304 2797
1221 304
1559 1221
983 1559
1857 983
2429 1857
2097 2429
2927 2097
2888 2927
661 2888
1806 661
2887 1806
1767 2887
1550 1767
29 1550
976 29
2842 976
2583 2842
679 2583
2914 679
91 2914
747 91
1032 747
1331 1032
2675 1331
937 2675
903 937
2483 903
459 2483
119 459
1165 119
139 1165
2610 139
1750 2610
2568 1750
2077 2568
2189 2077
2395 2189
1292 2395
596 1292
858 596
2407 858
2619 2407
1448 2619
1965 1448
1653 1965
2824 1653
1377 2824
1071 1377
1223 1071
1947 1223
842 1947
2102 842
712 2102
268 712
2445 268
406 2445
1474 406
1700 1474
1020 1700
640 1020
1340 640
2511 1340
1162 2511
1732 1162
311 1732
1508 311
907 1508
2181 907
840 2181
2241 840
1919 2241
1873 1919
1487 1873
2235 1487
169 2235
631 169
1425 631
1736 1425
2894 1736
1154 2894
2575 1154
1218 2575
2349 1218
389 2349
1769 389
1544 1769
1258 1544
2885 1258
2055 2885
1615 2055
2918 1615
403 2918
511 403
1676 511
860 1676
1207 860
722 1207
1483 722
1868 1483
872 1868
172 872
2967 172
2187 2967
2749 2187
2883 2749
1182 2883
221 1182
530 221
521 530
2218 521
1945 2218
2359 1945
718 2359
2142 718
1516 2142
9 1516
386 9
1045 386
292 1045
924 292
484 924
1826 484
1826 1786
2322 41
189 2322
1208 189
2988 1208
2 2988
1717 2
195 1717
1278 195
2028 1278
595 2028
2643 595
2898 2643
156 2898
42 156
765 42
1019 765
2023 1019
536 2023
54 536
2651 54
339 2651
1784 339
1227 1784
1501 1227
1692 1501
2770 1692
911 2770
2354 911
1050 2354
1099 1050
845 1099
2302 845
1760 2302
131 1760
2026 131
834 2026
1685 834
1128 1685
2455 1128
1536 2455
338 1536
2655 338
1730 2655
761 1730
1546 761
187 1546
956 187
666 956
212 666
1181 212
2572 1181
494 2572
567 494
2746 567
240 2746
1018 240
1855 1018
2553 1855
2011 2553
1892 2011
2968 1892
1002 2968
2169 1002
2357 2169
819 2357
391 819
789 391
1079 789
1903 1079
2753 1903
717 2753
1824 717
2884 1824
2166 2884
2046 2166
2832 2046
2074 2832
421 2074
1488 421
1695 1488
1432 1695
2876 1432
2837 2876
110 2837
274 110
1397 274
1561 1397
1900 1561
2308 1900
1679 2308
442 1679
2776 442
1323 2776
624 1323
1796 624
2601 1796
814 2601
1164 814
2317 1164
124 2317
302 124
1743 302
1682 1743
2003 1682
1200 2003
874 1200
1667 874
208 1667
2075 208
2352 2075
763 2352
300 763
2524 300
310 2524
951 310
796 951
854 796
1946 854
1832 1946
2862 1832
289 2862
879 289
2488 879
2381 2488
2103 2381
186 2103
2716 186
2857 2716
778 2857
696 778
1527 696
168 1527
2473 168
1268 2473
2330 1268
1064 2330
646 1064
2211 646
1325 2211
223 1325
2332 223
2202 2332
1026 2202
1120 1026
2519 1120
1465 2519
2351 1465
244 2351
954 244
1623 954
2479 1623
915 2479
1263 915
23 1263
463 23
82 463
2831 82
2702 2831
527 2702
2062 527
2272 2062
2326 2272
1307 2326
354 1307
392 354
1664 392
985 1664
1470 985
84 1470
1766 84
1752 1766
875 1752
719 875
1820 719
2460 1820
2808 2460
1570 2808
2964 1570
1464 2964
152 1464
111 152
733 111
2423 733
227 2423
1641 227
1006 1641
2320 1006
1936 2320
2782 1936
2263 2782
1821 2263
2952 1821
1130 2952
460 1130
870 460
136 870
2432 136
1437 2432
853 1437
853 614
2105 1858
2043 2105
2128 2043
2385 2128
32 2385
714 32
2710 714
1932 2710
470 1932
384 470
1514 384
2129 1514
677 2129
818 677
2953 818
681 2953
2682 681
2314 2682
1140 2314
205 1140
2809 205
2477 2809
1157 2477
53 1157
2926 53
1240 2926
1091 1240
2379 1091
220 2379
1577 220
2546 1577
2451 2546
1039 2451
759 1039
2280 759
5 2280
1124 5
1352 1124
1775 1352
2415 1775
591 2415
1075 591
663 1075
1051 663
1034 1051
1746 1034
668 1746
674 668
705 674
589 705
2188 589
1995 2188
1901 1995
940 1901
62 940
986 62
2484 986
585 2484
211 585
2811 211
1972 2811
20 1972
1707 20
1401 1707
173 1401
2153 173
2132 2153
2955 2132
692 2955
2688 692
2989 2688
1175 2989
831 1175
981 831
1889 981
2227 1889
2034 2227
2812 2034
2426 2812
543 2426
942 543
2032 942
2678 2032
1636 2678
1686 1636
2951 1686
671 2951
2266 671
1489 2266
554 1489
687 554
2860 687
861 2860
1499 861
1539 1499
1747 1539
2459 1747
2041 2459
637 2041
1376 637
233 1376
1442 233
2158 1442
1580 2158
930 1580
1770 930
2335 1770
1844 2335
1914 1844
165 1914
305 165
829 305
1675 829
171 1675
991 171
2456 991
925 2456
474 925
1347 474
1392 1347
291 1392
2177 291
1109 2177
21 1109
1906 21
337 1906
773 337
1748 773
69 1748
1963 69
1635 1963
2250 1635
1256 2250
1462 1256
1876 1462
2993 1876
1836 2993
2872 1836
1090 2872
2030 1090
919 2030
798 919
284 798
811 284
2867 811
34 2867
2143 34
1303 2143
209 1303
2443 209
537 2443
2386 537
906 2386
2327 906
1043 2327
360 1043
2017 360
1179 2017
1765 1179
2615 1765
2891 2615
1335 2891
341 1335
359 341
98 359
39 98
1485 39
1185 1485
698 1185
1049 698
2662 1049
1762 2662
2387 1762
256 2387
2739 256
1830 2739
1578 1830
2465 1578
2284 2465
1149 2284
1983 1149
2194 1983
2653 2194
2031 2653
2176 2031
67 2176
700 67
2206 700
2820 2206
2658 2820
2251 2658
2535 2251
912 2535
752 912
1925 752
1669 1925
2371 1669
1793 2371
18 1793
18 614
2707 2668
2911 2707
1558 2911
2162 1558
832 2162
599 832
216 599
2835 216
1688 2835
908 1688
2226 908
121 2226
159 121
505 159
2848 505
1142 2848
516 1142
219 516
2663 219
1738 2663
2704 1738
1575 2704
1269 1575
141 1269
2107 141
1560 2107
1814 1560
2020 1814
64 2020
959 64
56 959
1992 56
2906 1992
2394 2906
74 2394
2536 74
695 2536
630 695
245 630
2098 245
2985 2098
531 2985
2273 531
863 2273
534 863
754 534
1852 754
1321 1852
96 1321
2112 96
2123 2112
649 2123
1309 649
2759 1309
1320 2759
953 1320
2135 953
1204 2135
790 1204
1711 790
1884 1711
686 1884
560 686
703 560
207 703
1384 207
355 1384
348 355
1579 348
2565 1579
1365 2565
2983 1365
374 2983
1283 374
1778 1283
1908 1778
1104 1908
1027 1104
2178 1027
431 2178
2418 431
1630 2418
2050 1630
1025 2050
1100 1025
1845 1100
116 1845
2323 116
2762 2323
841 2762
1453 841
2396 1453
2080 2396
1495 2080
2721 1495
899 2721
408 899
779 408
1708 779
1805 1708
1341 1805
1452 1341
1482 1452
2772 1482
1429 2772
1481 1429
478 1481
2950 478
2581 2950
174 2581
1681 174
422 1681
1974 422
1522 1974
2186 1522
2094 2186
287 2094
1895 287
424 1895
2508 424
178 2508
528 178
2570 528
1878 2570
582 1878
1551 582
276 1551
1084 276
1519 1084
1375 1519
1380 1375
2786 1380
1744 2786
383 1744
2101 383
2431 2101
1596 2431
955 1596
166 955
1446 166
426 1446
1402 426
149 1402
2472 149
2768 2472
417 2768
1329 417
2304 1329
368 2304
584 368
1012 584
2090 1012
1435 2090
2621 1435
315 2621
1311 315
952 1311
984 952
1264 984
2329 1264
2270 2329
462 2270
660 462
1111 660
2296 1111
2954 2296
600 2954
786 600
1143 786
2184 1143
1885 2184
1988 1885
44 1988
2781 44
743 2781
2892 743
2089 2892
2684 2089
1712 2684
1445 1712
125 1445
963 125
210 963
2806 210
13 2806
273 13
2051 273
1629 2051
990 1629
2605 990
2015 2605
2547 2015
1439 2547
1850 1439
2193 1850
548 2193
1396 548
1927 1396
1949 1927
1949 43
653 1786
2736 653
1405 2736
1591 1405
1745 1591
2172 1745
364 2172
1788 364
2634 1788
1191 2634
1342 1191
1367 1342
2764 1367
115 2764
167 115
323 167
2219 323
852 2219
59 852
2236 59
1909 2236
1943 1909
2631 1943
3 2631
2755 3
1356 2755
1829 1356
2975 1829
2561 2975
678 2561
715 678
881 715
2190 881
1203 2190
306 1203
950 306
512 950
628 512
370 628
2665 370
1881 2665
2717 1881
2301 2717
340 2301
992 340
1715 992
1694 1715
2611 1694
1863 2611
2324 1863
308 2324
2449 308
1920 2449
2850 1920
1894 2850
351 1894
1960 351
1137 1960
2713 1137
846 2713
2448 846
2818 2448
787 2818
2185 787
2155 2185
1116 2155
742 1116
2537 742
2515 2537
751 2515
1523 751
1460 1523
753 1460
1008 753
2943 1008
1597 2943
910 1597
479 910
1250 479
1797 1250
356 1797
2496 356
2877 2496
2486 2877
2247 2486
2930 2247
1295 2930
7 1295
1823 7
2916 1823
2340 2916
363 2340
1413 363
102 1413
2965 102
2932 2965
1761 2932
1896 1761
683 1896
99 683
650 99
157 650
1718 157
652 1718
1697 652
2533 1697
12 2533
2492 12
947 2492
957 947
760 957
2044 760
1613 2044
1846 1613
435 1846
161 435
1828 161
2306 1828
1781 2306
1835 1781
2724 1835
1300 2724
258 1300
1390 258
2784 1390
2278 2784
2711 2278
769 2711
2001 769
2913 2001
2763 2913
2977 2763
1913 2977
2564 1913
2269 2564
2995 2269
89 2995
1862 89
2854 1862
394 2854
2723 394
194 2723
47 194
254 47
138 254
1086 138
1785 1086
2120 1785
2697 2120
2079 2697
402 2079
2398 402
2475 2398
2734 2475
2752 2734
2254 2752
2113 2254
885 2113
1631 885
1961 1631
2527 1961
2256 2527
493 2256
1480 493
2948 1480
1624 2948
580 1624
2374 580
803 2374
75 803
1879 75
2347 1879
1640 2347
978 1640
272 978
1163 272
1183 1163
2297 1183
2677 2297
1317 2677
1565 1317
1455 1565
815 1455
575 815
1145 575
238 1145
2532 238
413 2532
1538 413
446 1538
673 446
2638 673
2279 2638
71 2279
2632 71
2798 2632
1716 2798
1802 1716
1060 1802
1060 43
2376 614
1229 2376
2281 1229
1924 2281
2612 1924
129 2612
859 129
2118 859
1942 2118
2498 1942
2720 2498
1096 2720
1386 1096
1013 1386
1279 1013
804 1279
1346 804
2608 1346
1385 2608
2636 1385
1044 2636
523 1044
566 523
2667 566
1076 2667
1236 1076
2861 1236
2620 2861
2941 2620
2920 2941
2033 2920
79 2033
1751 79
314 1751
2807 314
2699 2807
2303 2699
1867 2303
2846 1867
35 2846
1792 35
2446 1792
325 2446
388 325
2339 388
2890 2339
1404 2890
1254 1404
38 1254
1366 38
1310 1366
905 1310
25 905
2499 25
1756 2499
2481 1756
77 2481
1037 77
2224 1037
2660 2224
1274 2660
1662 1274
414 1662
482 414
707 482
196 707
1584 196
1068 1584
878 1068
1528 878
583 1528
2230 583
1698 2230
1997 1698
346 1997
820 346
941 820
2145 941
1187 2145
2091 1187
1436 2091
836 1436
2657 836
1438 2657
1535 1438
625 1535
1871 625
651 1871
153 651
689 153
612 689
224 612
1046 224
1987 1046
2447 1987
451 2447
182 451
774 182
144 774
1504 144
629 1504
1986 629
95 1986
2440 95
2802 2440
2131 2802
1199 2131
2563 1199
2947 2563
564 2947
250 564
739 250
1131 739
2708 1131
1333 2708
1010 1333
1721 1010
500 1721
299 500
1496 299
2791 1496
255 2791
888 255
727 888
944 727
1456 944
723 1456
2180 723
1220 2180
2722 1220
609 2722
866 609
2392 866
1119 2392
2213 1119
399 2213
225 399
197 225
19 197
2942 19
2901 2942
2070 2901
1423 2070
1755 1423
501 1755
2384 501
732 2384
665 732
247 665
1966 247
2816 1966
737 2816
357 737
2873 357
177 2873
2603 177
411 2603
843 411
1426 843
2542 1426
755 2542
487 755
1605 487
350 1605
1160 350
1866 1160
1923 1866
2264 1923
1433 2264
2821 1433
1568 2821
1189 1568
1587 1189
2586 1587
2442 2586
988 2442
1466 988
218 1466
684 218
2052 684
2019 2052
928 2019
1673 928
1807 1673
2994 1807
1243 2994
862 1243
1359 862
1783 1359
1503 1783
109 1503
2742 109
822 2742
1062 822
857 1062
632 857
2696 632
2380 2696
768 2380
1265 768
1860 1265
1192 1860
1849 1192
22 1849
2727 22
2027 2727
895 2027
559 895
1048 559
296 1048
1306 296
2316 1306
1763 2316
1758 1763
81 1758
2058 81
2560 2058
2834 2560
146 2834
1428 146
2315 1428
2114 2315
1324 2114
2796 1324
101 2796
1248 101
1228 1248
2039 1228
2893 2039
1351 2893
257 1351
1327 257
1234 1327
1457 1234
1848 1457
1017 1848
1275 1017
1815 1275
2863 1815
1332 2863
2237 1332
2104 2237
117 2104
2156 117
1642 2156
2004 1642
1787 2004
2325 1787
423 2325
504 423
1033 504
2813 1033
611 2813
432 611
1973 432
2778 1973
2545 2778
2957 2545
2518 2957
920 2518
2321 920
1740 2321
1098 1740
713 1098
2245 713
2534 2245
622 2534
960 622
1540 960
2054 1540
328 2054
2732 328
332 2732
2946 332
2743 2946
847 2743
2787 847
2836 2787
964 2836
2598 964
2672 2598
1424 2672
353 1424
180 353
228 180
1139 228
2271 1139
2706 2271
833 2706
2310 833
1094 2310
557 1094
2939 557
2163 2939
562 2163
1211 562
1541 1211
2233 1541
2121 2233
2009 2121
1101 2009
2111 1101
1415 2111
617 1415
2869 617
2234 2869
2521 2234
658 2521
235 658
1144 235
884 1144
1563 884
968 1563
133 968
1287 133
405 1287
1344 405
2929 1344
2300 2929
2420 2300
570 2420
345 570
2928 345
1267 2928
444 1267
246 444
2348 246
2404 2348
1604 2404
2652 1604
1713 2652
2889 1713
464 2889
2735 464
130 2735
2045 130
1097 2045
15 1097
1038 15
2375 1038
1205 2375
749 1205
805 749
2800 805
2922 2800
2366 2922
856 2366
401 856
1206 401
264 1206
1921 264
2582 1921
2689 2582
1729 2689
1627 1729
317 1627
2198 317
1825 2198
2718 1825
1776 2718
1029 1776
1022 1029
123 1022
2434 123
398 2434
931 398
883 931
179 883
1475 179
556 1475
334 556
1381 334
1168 1381
105 1168
2389 105
1112 2389
1999 1112
844 1999
2940 844
2529 2940
2333 2529
2191 2333
1780 2191
327 1780
2597 327
1343 2597
648 1343
1214 648
1827 1214
1893 1827
375 1893
2659 375
1606 2659
2182 1606
2616 2182
1529 2616
706 1529
2018 706
1216 2018
993 1216
901 993
2000 901
2146 2000
1253 2146
1837 1253
547 1837
333 547
1312 333
10 1312
33 10
1330 33
1928 1330
2826 1928
2986 2826
163 2986
1313 163
1497 1313
1102 1497
2160 1102
2164 2160
2503 2164
2207 2503
1249 2207
1545 1249
2318 1545
420 2318
2637 420
762 2637
1282 762
290 1282
2817 290
2622 2817
2239 2622
2500 2239
371 2500
2839 371
1950 2839
1507 1950
2654 1507
1705 2654
6 1705
2880 6
2574 2880
239 2574
1115 239
699 1115
271 699
1056 271
869 1056
1510 869
1520 1510
1190 1520
2828 1190
1875 2828
1459 1875
2053 1459
1057 2053
8 1057
1246 8
1241 1246
506 1241
1125 506
2936 1125
192 2936
1409 192
2650 1409
2843 2650
2624 2843
1727 2624
1414 1727
2623 1414
80 2623
545 80
1902 545
1677 1902
468 1677
1601 468
1723 1601
2997 1723
2949 2997
1611 2949
581 1611
1843 581
1061 1843
1291 1061
164 1291
2405 164
2040 2405
541 2040
280 541
1210 280
143 1210
1276 143
2962 1276
428 2962
2416 428
127 2416
1121 127
1272 1121
1476 1272
2294 1476
434 2294
2100 434
1502 2100
794 1502
2072 794
1916 2072
1907 1916
2393 1907
972 2393
381 972
2076 381
343 2076
1155 343
93 1155
2865 93
2625 2865
2246 2625
2502 2246
2196 2502
412 2196
785 412
342 785
128 342
1171 128
1948 1171
475 1948
965 475
2745 965
2838 2745
974 2838
1416 974
1081 1416
2490 1081
2350 2490
37 2350
1408 37
945 1408
2370 945
1598 2370
744 1598
1072 744
1188 1072
2973 1188
1458 2973
1363 1458
2731 1363
1817 2731
86 1817
2886 86
1595 2886
1491 1595
1951 1491
2400 1951
1222 2400
4 1222
234 4
2291 234
349 2291
1798 349
2406 1798
11 2406
669 11
1074 669
1123 1074
2341 1123
1371 2341
1569 1371
659 1569
2108 659
2137 2108
2248 2137
1910 2248
416 1910
607 416
2130 607
517 2130
366 517
1735 366
2801 1735
369 2801
574 369
1407 574
499 1407
283 499
2267 283
1172 2267
126 1172
708 126
1478 708
1016 1478
473 1016
2540 473
979 2540
807 979
1589 807
726 1589
1956 726
2116 1956
2116 43
41 2668 2111
1786 1858 2024
