1389 1856
125 934
934 358
358 11
11 147
147 716
716 438
438 1296
1296 719
719 456
456 1226
1226 411
411 586
586 349
349 307
307 1048
1048 1270
1270 607
607 1285
1285 246
246 1025
1025 184
184 671
671 1354
1354 520
520 599
599 1056
1056 680
680 1281
1281 863
863 1043
1043 5
5 102
102 1019
1019 1031
1031 259
259 572
572 228
228 698
698 916
916 1269
1269 137
137 1004
1004 1020
1020 1293
1293 1087
1087 462
462 827
827 524
524 236
236 285
285 170
170 1099
1099 96
96 303
303 1103
1103 1074
1074 1003
1003 227
227 233
233 1239
1239 461
461 851
851 44
44 811
811 1298
1298 385
385 801
801 605
605 835
835 1320
1320 65
65 16
16 50
50 291
291 994
994 1088
1088 656
656 805
805 770
770 290
290 542
542 1017
1017 795
795 1155
1155 866
866 796
796 292
292 437
437 229
229 420
420 463
463 157
157 51
51 99
99 1163
1163 432
432 961
961 531
531 848
848 943
943 1333
1333 361
361 895
895 367
367 1329
1329 1332
1332 1044
1044 269
269 566
566 969
969 322
322 85
85 861
861 1086
1086 1102
1102 504
504 1219
1219 1232
1232 666
666 46
46 938
938 1130
1130 1382
1382 1261
1261 547
547 875
875 311
311 182
182 1140
1140 1284
1284 295
295 226
226 846
846 32
32 983
983 380
380 598
598 1315
1315 62
62 1202
1202 659
659 355
355 33
33 944
944 555
555 465
465 362
362 140
140 838
838 174
174 415
415 1336
1336 1167
1167 357
357 790
790 241
241 989
989 242
242 1035
1035 939
939 1113
1113 1124
1124 338
338 334
334 1379
1379 148
148 966
966 335
335 786
786 314
314 490
490 1108
1108 1178
1178 1105
1105 237
237 672
672 800
800 726
726 1236
1236 1238
1238 675
675 15
15 13
13 459
459 981
981 330
330 1008
1008 818
818 120
120 503
503 556
556 744
744 210
210 904
904 305
305 279
279 980
980 792
792 1195
1195 840
840 839
839 1007
1007 899
899 373
373 81
81 1063
1063 1132
1132 262
262 888
888 561
561 1089
1089 602
602 369
369 1059
1059 1066
1066 673
673 195
195 1029
1029 1327
1327 896
896 1331
1331 1093
1093 878
878 993
993 248
248 576
576 751
751 929
929 296
296 414
414 300
300 224
224 905
905 406
406 238
238 571
571 1151
1151 163
163 705
705 117
117 457
457 959
959 600
600 1378
1378 284
284 668
668 261
261 1129
1129 1072
1072 413
413 730
730 1119
1119 1257
1257 495
495 1342
1342 912
912 869
869 1041
1041 970
970 1058
1058 476
476 1026
1026 828
828 87
87 615
615 625
625 590
590 313
313 400
400 634
634 388
388 956
956 1116
1116 17
17 106
106 1325
1325 82
82 1144
1144 36
36 957
957 166
166 240
240 809
809 473
473 832
832 143
143 1343
1343 306
306 1267
1267 234
234 886
886 824
824 953
953 1203
1203 1194
1194 1363
1363 945
945 270
270 243
243 1135
1135 564
564 1028
1028 1388
1388 1344
1344 302
302 710
710 14
14 1182
1182 2
2 1081
1081 1387
1387 784
784 386
386 977
977 193
193 317
317 1104
1104 1227
1227 928
928 27
27 468
468 806
806 1098
1098 1112
1112 1266
1266 1271
1271 409
409 1275
1275 810
810 231
231 516
516 1362
1362 513
513 712
712 870
870 1317
1317 894
894 604
604 760
760 223
223 95
95 377
377 405
405 718
718 523
523 477
477 24
24 608
608 312
312 772
772 347
347 1243
1243 427
427 1248
1248 379
379 320
320 526
526 47
47 198
198 1045
1045 663
663 1366
1366 271
271 628
628 1380
1380 578
578 487
487 644
644 244
244 1177
1177 711
711 225
225 1265
1265 264
264 874
874 149
149 222
222 1201
1201 161
161 394
394 778
778 1164
1164 1291
1291 1134
1134 1328
1328 384
384 1046
1046 205
205 1337
1337 1107
1107 594
594 146
146 43
43 138
138 873
873 1077
1077 92
92 30
30 383
383 70
70 963
963 133
133 1085
1085 1262
1262 1330
1330 57
57 491
491 254
254 779
779 588
588 108
108 627
627 532
532 522
522 530
530 1209
1209 950
950 876
876 740
740 257
257 991
991 91
91 973
973 1168
1168 880
880 1280
1280 745
745 1375
1375 1158
1158 325
325 1353
1353 665
665 1288
1288 1097
1097 756
756 732
732 423
423 676
676 34
34 1347
1347 230
230 793
793 327
327 1272
1272 859
859 1196
1196 1223
1223 1335
1335 1126
1126 575
575 512
512 501
501 354
354 204
204 132
132 565
565 926
926 255
255 643
643 215
215 1242
1242 1023
1023 971
971 1050
1050 552
552 952
952 724
724 596
596 1079
1079 1334
1334 658
658 892
892 704
704 160
160 90
90 788
788 630
630 214
214 1075
1075 763
763 1183
1183 1030
1030 408
408 1234
1234 407
407 580
580 551
551 1118
1118 451
451 217
217 1070
1070 22
22 936
936 130
130 40
40 685
685 949
949 754
754 515
515 29
29 282
282 678
678 206
206 1204
1204 1351
1351 1165
1165 1231
1231 592
592 153
153 1200
1200 1230
1230 390
390 1073
1073 955
955 39
39 752
752 203
203 1246
1246 197
197 56
56 48
48 86
86 822
822 341
341 623
623 1060
1060 545
545 860
860 1295
1295 1314
1314 171
171 1133
1133 1057
1057 183
183 677
677 510
510 990
990 881
881 80
80 268
268 620
620 1374
1374 902
902 474
474 1253
1253 883
883 219
219 1318
1318 416
416 1040
1040 41
41 831
831 842
842 1310
1310 470
470 940
940 1369
1369 1191
1191 337
337 845
845 768
768 589
589 127
127 654
654 201
201 1154
1154 1244
1244 449
449 445
445 569
569 1220
1220 1345
1345 135
135 984
984 372
372 1022
1022 10
10 272
272 1012
1012 804
804 276
276 942
942 629
629 404
404 162
162 494
494 587
587 657
657 23
23 560
560 1128
1128 480
480 775
775 1160
1160 58
58 947
947 1214
1214 304
304 609
609 49
49 951
951 1054
1054 755
755 460
460 483
483 1068
1068 395
395 154
154 88
88 265
265 119
119 1080
1080 212
212 688
688 417
417 539
539 482
482 1365
1365 635
635 208
208 509
509 767
767 173
173 915
915 353
353 742
742 424
424 508
508 758
758 1368
1368 1125
1125 1216
1216 1282
1282 728
728 638
638 591
591 172
172 650
650 1123
1123 331
331 720
720 52
52 1215
1215 466
466 911
911 293
293 1062
1062 691
691 1138
1138 126
126 1279
1279 1179
1179 1358
1358 636
636 553
553 844
844 907
907 481
481 472
472 766
766 1304
1304 909
909 21
21 1006
1006 42
42 370
370 1302
1302 815
815 1175
1175 900
900 475
475 1055
1055 901
901 985
985 646
646 791
791 69
69 626
626 145
145 6
6 1274
1274 422
422 533
533 247
247 1213
1213 365
365 717
717 849
849 581
581 536
536 431
431 333
333 647
647 917
917 1189
1189 660
660 107
107 104
104 471
471 1251
1251 584
584 1377
1377 1100
1100 178
178 26
26 252
252 713
713 436
436 574
574 527
527 814
814 1247
1247 181
181 1206
1206 825
825 648
648 297
297 54
54 506
506 75
75 164
164 1166
1166 645
645 897
897 941
941 642
642 743
743 1237
1237 452
452 700
700 783
783 83
83 558
558 864
864 60
60 12
12 403
403 1149
1149 115
115 1199
1199 363
363 670
670 965
965 344
344 191
191 1036
1036 274
274 690
690 979
979 932
932 789
789 499
499 1340
1340 315
315 1145
1145 521
521 995
995 773
773 837
837 777
777 843
843 854
854 597
597 1009
1009 802
802 692
692 435
435 94
94 761
761 209
209 819
819 1301
1301 1235
1235 582
582 19
19 785
785 862
862 632
632 826
826 1316
1316 260
260 200
200 910
910 1000
1000 4
4 1053
1053 1094
1094 1120
1120 1289
1289 64
64 1106
1106 782
782 725
725 748
748 1115
1115 733
733 593
593 505
505 131
131 402
402 919
919 399
399 71
71 1339
1339 63
63 1367
1367 568
568 288
288 1381
1381 1350
1350 1229
1229 1172
1172 986
986 1309
1309 637
637 467
467 948
948 301
301 865
865 1181
1181 774
774 73
73 1312
1312 958
958 168
168 1190
1190 601
601 1294
1294 308
308 188
188 426
426 737
737 954
954 343
343 375
375 1255
1255 857
857 350
350 1143
1143 879
879 352
352 611
611 1127
1127 616
616 749
749 1037
1037 1018
1018 439
439 61
61 549
549 176
176 464
464 492
492 548
548 1292
1292 1148
1148 1222
1222 211
211 232
232 1065
1065 925
925 55
55 66
66 651
651 488
488 310
310 687
687 190
190 868
868 813
813 103
103 150
150 493
493 975
975 708
708 111
111 750
750 1277
1277 348
348 419
419 351
351 1324
1324 992
992 1260
1260 614
614 455
455 908
908 387
387 165
165 1278
1278 144
144 1082
1082 497
497 1173
1173 655
655 891
891 976
976 159
159 442
442 332
332 309
309 381
381 746
746 278
278 329
329 1273
1273 967
967 1187
1187 903
903 401
401 1326
1326 346
346 134
134 186
186 1180
1180 1192
1192 640
640 123
123 653
653 974
974 1042
1042 1319
1319 1176
1176 1078
1078 489
489 447
447 1011
1011 454
454 410
410 1184
1184 1364
1364 128
128 699
699 105
105 443
443 988
988 273
273 189
189 1386
1386 1224
1224 982
982 498
498 1250
1250 251
251 972
972 741
741 1197
1197 1067
1067 649
649 1297
1297 703
703 1131
1131 1002
1002 1090
1090 757
757 652
652 759
759 1313
1313 500
500 321
321 356
356 706
706 1111
1111 397
397 517
517 496
496 889
889 960
960 797
797 287
287 736
736 25
25 1033
1033 378
378 1162
1162 319
319 9
9 799
799 867
867 1024
1024 987
987 7
7 281
281 253
253 618
618 1185
1185 734
734 1259
1259 245
245 318
318 1161
1161 425
425 771
771 855
855 129
129 324
324 299
299 918
918 519
519 694
694 1276
1276 68
68 1156
1156 167
167 1171
1171 342
342 155
155 218
218 1117
1117 679
679 1287
1287 701
701 833
833 621
621 35
35 829
829 921
921 277
277 142
142 433
433 67
67 540
540 18
18 1005
1005 1385
1385 124
124 1096
1096 1174
1174 220
220 722
722 798
798 1137
1137 185
185 221
221 528
528 729
729 906
906 100
100 997
997 440
440 852
852 1069
1069 1010
1010 421
421 554
554 1153
1153 412
412 559
559 1198
1198 280
280 1208
1208 577
577 765
765 633
633 836
836 816
816 478
478 74
74 1249
1249 1109
1109 817
817 192
192 1013
1013 187
187 1101
1101 664
664 872
872 684
684 1241
1241 213
213 1034
1034 1051
1051 613
613 360
360 669
669 323
323 1150
1150 76
76 1263
1263 930
930 1114
1114 847
847 1338
1338 77
77 776
776 298
298 458
458 393
393 275
275 583
583 418
418 507
507 807
807 662
662 444
444 567
567 175
175 1136
1136 1372
1372 946
946 1321
1321 97
97 1061
1061 603
603 1322
1322 479
479 850
850 1286
1286 1371
1371 376
376 263
263 441
441 1139
1139 1095
1095 610
610 180
180 38
38 935
935 1308
1308 89
89 118
118 731
731 113
113 937
937 562
562 340
340 641
641 885
885 374
374 683
683 1032
1032 1360
1360 1283
1283 256
256 803
803 53
53 430
430 695
695 931
931 858
858 830
830 434
434 391
391 109
109 382
382 1359
1359 920
920 834
834 267
267 821
821 59
59 1146
1146 446
446 999
999 871
871 563
563 1228
1228 8
8 1268
1268 136
136 764
764 1300
1300 98
98 541
541 1323
1323 1001
1001 359
359 202
202 235
235 258
258 723
723 152
152 538
538 1307
1307 518
518 1311
1311 714
714 469
469 141
141 893
893 364
364 913
913 1121
1121 1389
1389 328
328 194
194 762
762 177
177 820
820 79
79 179
179 933
933 534
534 794
794 856
856 1349
1349 686
686 1207
1207 37
37 1210
1210 964
964 1225
1225 199
199 336
336 738
738 1303
1303 1014
1014 1170
1170 249
249 707
707 550
550 3
3 882
882 1240
1240 661
661 667
667 151
151 1299
1299 1083
1083 31
31 1384
1384 1038
1038 1076
1076 484
484 371
371 1039
1039 294
294 1346
1346 1305
1305 715
715 543
543 753
753 110
110 1306
1306 812
812 674
674 914
914 544
544 93
93 962
962 1110
1110 537
537 1218
1218 579
579 890
890 1047
1047 693
693 1348
1348 396
396 624
624 1169
1169 216
216 453
453 450
450 781
781 529
529 1157
1157 631
631 1091
1091 1159
1159 922
922 196
196 595
595 28
28 689
689 1352
1352 122
122 429
429 1027
1027 546
546 502
502 207
207 78
78 1361
1361 535
535 428
428 1049
1049 1256
1256 639
639 557
557 747
747 1355
1355 727
727 339
339 316
316 169
169 266
266 617
617 1357
1357 968
968 721
721 612
612 286
286 702
702 1092
1092 1142
1142 606
606 1212
1212 1193
1193 156
156 392
392 841
841 389
389 239
239 877
877 573
573 20
20 1341
1341 1084
1084 697
697 1211
1211 709
709 283
283 769
769 485
485 998
998 1217
1217 1188
1188 326
326 1021
1021 1252
1252 1383
1383 1233
1233 622
622 1254
1254 101
101 1205
1205 808
808 978
978 898
898 884
884 585
585 853
853 924
924 1152
1152 619
619 1356
1356 996
996 1373
1373 823
823 158
158 1221
1221 525
525 366
366 368
368 448
448 681
681 739
739 514
514 780
780 682
682 887
887 289
289 139
139 121
121 787
787 486
486 84
84 112
112 1258
1258 696
696 1141
1141 570
570 923
923 511
511 1064
1064 1264
1264 45
45 1147
1147 1186
1186 1015
1015 72
72 114
114 345
345 1245
1245 1376
1376 1290
1290 735
735 1016
1016 1071
1071 1
1 927
927 250
250 1122
1122 1370
1370 116
116 1052
1052 398
1035 148
49 395
117 959
517 797
473 306
397 378
1038 484
343 352
576 414
867 1185
375 350
511 1264
1272 204
613 323
776 444
1353 676
464 1222
923 1064
381 278
161 1291
1333 1044
1224 1067
1156 1287
213 930
1273 346
321 889
186 123
27 1266
1219 46
859 354
748 733
128 498
1354 680
1333 895
1222 66
206 1165
777 854
184 863
1366 644
1186 72
965 191
99 895
399 1350
520 1056
943 1332
935 562
510 1374
2 928
1015 1376
634 1325
136 98
1226 349
202 469
662 175
591 1123
188 1255
90 1234
542 229
443 972
473 143
602 673
65 656
754 678
1059 1327
1129 730
1284 62
538 469
1054 88
939 786
919 1381
1059 1029
485 1233
1088 805
699 1386
1170 3
344 979
420 943
424 172
1095 180
89 562
619 1373
13 556
1004 170
806 1112
520 5
207 747
1280 1375
709 326
720 126
862 826
682 486
565 1050
482 635
1171 621
835 50
503 305
212 417
1298 835
694 155
761 19
70 588
749 176
223 718
445 1345
1012 629
186 1176
390 39
1062 553
874 222
866 437
213 76
1328 1337
855 1276
399 1367
607 599
446 8
993 224
434 267
627 876
508 1282
1172 774
292 229
1200 39
1184 1224
834 999
921 1005
792 899
540 798
1268 98
1003 461
230 1196
413 1342
1272 512
919 568
622 585
790 242
1219 311
147 719
1206 75
441 89
380 555
793 859
849 917
379 47
1293 96
435 582
898 1373
1223 204
191 315
675 120
13 503
1127 61
384 1107
18 1174
1294 426
332 329
405 477
393 1136
584 574
1259 318
271 244
428 747
884 1356
364 1389
23 609
1317 223
819 19
686 199
1096 1137
108 991
210 279
666 547
69 6
900 1055
1068 539
291 542
1002 321
1269 285
112 923
996 1221
956 166
1225 249
876 1280
798 852
335 490
389 877
1026 313
510 80
1174 906
257 1375
1162 618
181 825
85 1086
1214 1068
1151 284
853 619
296 300
840 561
1199 979
14 977
795 463
1303 1170
880 325
833 829
698 827
177 1207
756 1272
1293 170
1313 1111
485 1217
1123 1215
1256 727
1288 327
415 242
576 929
99 1333
789 777
1330 530
528 440
226 659
1387 1104
196 1352
477 608
795 157
182 295
818 503
501 1242
683 1360
640 1176
277 124
49 1068
699 189
405 523
989 338
47 628
61 464
1348 529
1107 138
970 87
832 1267
91 880
502 1256
81 1059
856 738
323 1338
244 149
391 1359
272 587
664 684
376 180
682 787
150 750
973 1375
813 975
860 510
96 1074
845 569
1149 1036
507 946
269 1102
86 171
995 1009
1118 217
496 287
1227 806
790 334
954 375
801 1088
236 1074
1114 583
439 549
872 613
1155 463
1130 1140
199 550
347 1045
830 834
1005 722
1188 1254
1262 532
195 896
37 336
1055 646
471 713
1018 492
712 377
927 116
687 150
350 352
665 756
591 52
934 147
769 326
894 405
26 825
1135 2
1123 293
569 272
196 122
511 345
770 229
254 588
872 323
1235 632
83 1199
970 1026
767 758
309 401
1361 1256
671 863
1033 1024
1188 101
1379 966
1287 433
948 1181
1337 383
592 1073
1355 316
921 1096
806 231
256 430
711 264
724 788
1378 1072
253 855
475 646
106 82
332 1187
1057 268
459 904
1191 449
504 547
1123 466
817 1241
1032 830
744 305
1341 697
988 251
612 1142
562 1032
385 16
1295 171
931 267
672 726
1010 1153
252 574
171 990
88 417
913 1389
1234 1070
768 1154
608 772
587 1214
710 386
570 45
490 237
660 26
178 436
693 453
979 1145
1133 881
706 287
1351 39
234 945
217 685
1152 1373
1309 467
1255 1037
1005 185
544 1047
625 400
850 263
1383 884
652 356
1192 653
1044 1219
375 857
89 340
1100 252
1086 1219
883 842
254 522
1177 1265
574 54
1036 521
263 180
349 246
1296 1270
803 830
532 530
492 1148
987 253
259 1004
735 1071
787 112
119 1365
139 84
472 1304
730 495
23 1160
409 1317
1344 14
611 1018
33 1167
474 219
232 190
1350 467
854 209
685 1204
1340 1145
1184 699
286 156
612 392
275 418
843 435
1315 362
1124 1379
134 1176
547 983
408 551
1043 572
199 738
1007 561
1065 868
255 724
278 1273
1166 941
972 1067
59 1268
608 47
423 1196
89 641
1235 785
180 1308
376 441
1127 464
1201 1328
917 471
1170 882
1342 476
718 608
1290 1370
47 1380
167 621
455 891
5 1269
395 482
943 969
145 849
932 499
145 533
1067 1297
604 718
622 898
1372 1322
496 736
382 59
999 98
53 382
907 1304
1193 1341
881 1374
1020 96
952 1079
146 133
944 1336
1154 445
1185 855
125 398 203
125 398 177
