5

10
8767634194
11 89
10 74
6 95
9 35
10 29
8 39
10 47
6 39
15 79
13 34
25 18 13 29 28 14 27 10 10 11
13 23 16 28 5 15 7 16 2 9
18 19 4 13 0 30 15 26 15 26
7 20 14 16 2 16 23 23 22 4
16 30 14 9 19 6 7 1 29 7
7 3 22 8 17 7 22 12 3 24
26 8 12 26 22 10 2 15 3 10
9 10 10 0 17 2 20 29 1 8
17 7 30 17 7 17 14 13 24 8
7 25 3 11 4 4 3 22 10 9

10
0503599972
3 28
14 92
1 28
11 71
6 51
15 45
9 35
10 53
0 2
1 8
6 5 1 1 8 14 21 23 4 28
19 26 21 22 22 23 12 13 20 18
1 0 27 29 29 13 21 23 6 22
30 2 16 30 20 15 6 7 30 18
22 8 4 17 9 8 29 28 17 23
7 21 4 18 29 14 29 1 9 21
4 18 7 6 11 15 28 28 30 7
16 4 15 12 28 29 2 1 7 21
14 17 21 5 19 27 5 23 14 28
12 16 29 21 4 10 11 9 12 16

10
9656060185
14 62
11 74
6 88
5 36
1 8
12 70
15 29
9 86
1 3
4 90
14 20 30 28 14 6 12 5 18 3
19 27 29 6 22 6 24 5 13 11
29 26 7 0 27 18 17 23 6 24
3 19 3 18 30 21 29 6 24 10
12 22 11 16 8 26 27 5 11 10
14 28 18 19 7 18 24 22 5 18
11 18 0 2 29 19 12 0 21 17
2 11 6 19 8 14 12 29 9 1
22 1 7 4 26 0 6 2 10 16
14 10 7 7 14 23 9 5 10 20

10
1609341984
5 90
9 51
6 38
4 21
1 24
1 2
9 93
0 87
13 45
13 44
28 21 26 10 13 21 25 13 14 14
16 0 24 10 28 20 7 15 7 11
21 26 13 7 25 5 24 25 19 3
29 9 1 13 15 9 0 22 23 12
0 9 19 4 28 4 29 15 14 8
24 14 7 22 24 9 0 11 24 15
24 0 3 25 18 17 0 0 19 7
30 26 4 0 23 1 8 21 5 15
9 4 26 18 21 18 10 7 5 18
30 12 10 15 16 19 13 29 28 2

10
1602413677
5 92
7 71
5 81
7 97
3 68
9 86
8 22
7 25
8 91
9 35
28 21 16 20 22 22 23 26 3 6
13 14 28 14 18 9 30 29 17 3
22 15 16 12 13 6 26 6 2 2
11 14 25 18 18 19 19 16 21 0
20 27 12 10 27 14 7 18 22 18
7 16 20 5 5 10 3 1 15 28
9 27 19 26 20 29 11 3 17 14
7 4 29 3 6 9 29 28 26 24
10 3 7 19 24 15 16 28 3 0
25 3 1 7 9 28 16 19 22 18
