10

50
65866772625752097324611310604530099105673474533553
0 712
0 291
0 248
0 327
0 722
0 430
0 332
0 650
0 210
0 268
25 35 9 28 26 30 31 6 18 43 37 29 44 20 21 20 3 36 39 33 28 29 5 40 49 17 35 15 29 6 9 45 43 16 10 28 25 16 9 23 25 43 20 25 42 46 48 32 11 15
14 45 4 43 30 36 14 45 24 18 45 9 38 48 12 20 22 27 7 41 40 0 24 49 32 48 13 3 34 43 0 44 26 21 50 27 39 38 17 4 17 17 6 42 39 50 18 29 33 15
34 1 40 43 35 48 40 3 26 1 41 21 40 49 0 11 15 31 17 14 1 43 31 15 36 50 31 50 38 39 33 5 47 48 15 36 1 44 38 18 3 24 18 50 44 22 42 14 12 6
43 49 33 21 34 40 35 33 46 34 45 14 38 32 23 33 11 5 35 35 42 44 25 11 30 19 19 49 0 2 31 34 3 3 45 44 45 39 38 46 2 26 4 34 13 28 46 41 35 33
17 6 24 27 4 31 27 7 16 4 7 20 22 48 50 32 40 7 33 9 10 20 36 4 30 46 27 50 28 33 32 38 49 12 28 13 12 5 50 24 7 5 17 32 14 12 23 19 18 22
19 47 26 44 16 14 27 12 45 25 45 24 12 24 25 23 1 47 23 11 1 43 34 11 10 30 22 21 1 36 46 17 26 16 14 6 3 29 47 12 38 3 47 9 23 4 11 26 40 43
21 27 23 44 30 21 17 0 13 45 1 40 10 38 25 8 13 27 47 13 8 42 48 9 47 12 50 28 42 22 41 40 24 13 44 46 2 27 21 28 18 7 3 47 43 20 13 11 17 29
31 12 1 12 21 40 37 11 41 28 46 31 2 49 28 31 8 25 24 12 30 45 43 42 50 33 47 15 16 33 2 15 31 35 36 28 3 12 43 36 10 27 46 15 25 28 14 48 47 19
40 50 27 31 4 2 21 10 15 17 7 33 2 42 36 49 41 33 16 43 47 48 7 26 10 50 33 36 43 35 3 0 13 5 48 14 26 3 40 1 40 12 37 16 6 43 46 30 14 14
6 47 36 9 48 41 2 30 2 50 33 15 12 1 27 11 26 47 38 37 37 14 31 2 32 34 13 33 25 17 50 25 49 10 33 41 6 46 4 14 9 46 37 17 17 16 9 42 49 49
1 20 35 13 17 30 18 13 27 4 1 8 32 33 16 43 41 13 25 26 17 29 5 25 37 50 6 47 6 35 27 17 36 4 42 28 23 30 49 28 35 30 17 11 47 50 7 25 45 1
6 2 37 18 19 9 49 23 49 7 10 23 50 21 17 15 6 47 41 27 26 48 29 10 0 20 17 26 25 14 11 36 44 3 5 15 5 43 18 27 7 20 33 29 4 25 4 37 16 14
9 41 32 16 10 23 20 37 16 6 44 36 40 0 42 20 31 20 17 18 50 6 5 44 4 41 30 45 12 28 18 41 36 2 44 0 38 28 30 2 33 50 42 41 37 33 44 29 20 0
36 25 29 33 31 47 0 39 17 14 39 3 27 20 23 40 45 13 24 38 27 38 4 7 20 27 42 24 33 40 47 40 18 27 1 9 10 9 14 22 32 19 36 7 18 29 17 42 39 18
42 44 41 2 33 22 9 39 47 45 2 48 3 12 44 34 14 42 6 44 12 0 14 41 18 37 30 30 33 18 36 47 20 40 44 43 19 2 14 44 32 19 12 35 4 34 49 29 1 39
48 50 27 32 7 33 1 43 41 24 7 18 42 32 18 1 45 35 31 25 13 34 31 0 33 17 9 13 13 16 27 39 50 12 38 9 5 23 37 5 43 18 46 6 17 28 30 32 40 46
7 30 13 48 9 45 0 46 18 50 24 1 12 36 15 0 43 49 26 9 6 8 37 32 48 16 46 13 6 11 42 22 5 1 20 44 42 14 39 5 2 6 15 9 10 49 38 43 7 0
40 42 26 41 18 44 32 20 38 36 2 26 47 1 27 38 18 8 33 24 32 46 6 17 49 14 5 5 48 5 47 11 16 13 15 43 16 18 37 9 31 20 6 16 20 2 19 6 14 21
46 17 32 21 39 29 9 11 42 7 38 38 14 45 1 43 3 37 26 4 48 15 11 35 16 26 34 30 49 39 43 37 23 42 26 26 32 32 10 47 43 41 41 50 38 25 43 44 1 22
28 37 40 35 16 22 8 27 4 49 26 9 13 32 45 49 16 9 9 32 40 9 40 15 28 11 12 0 13 30 27 1 45 10 37 33 35 50 19 21 7 9 32 8 38 5 16 45 15 35
16 1 38 14 22 47 5 3 2 3 11 12 4 8 9 4 5 39 32 3 39 38 9 48 40 42 2 28 4 39 3 50 41 4 43 24 34 32 49 42 20 40 12 50 14 28 18 35 6 1
23 46 43 38 12 34 21 33 43 21 7 44 22 11 19 21 46 49 4 42 39 26 42 0 39 20 21 27 7 0 22 7 22 8 10 33 8 24 39 46 24 1 3 26 49 39 1 49 13 44
42 32 2 18 43 21 44 31 21 23 50 37 1 13 48 49 32 41 2 34 26 37 8 8 6 35 2 7 38 24 12 16 38 5 25 13 41 4 29 30 16 41 8 41 41 39 42 20 0 33
14 14 10 2 11 30 7 42 40 33 45 2 10 16 41 26 6 43 48 43 20 18 17 32 8 41 29 23 23 49 45 33 24 28 16 32 22 0 34 3 28 10 8 29 27 21 33 31 11 24
23 20 48 41 39 1 37 29 50 19 34 8 23 46 2 44 34 30 8 30 44 25 2 1 10 42 31 28 25 13 40 32 42 12 39 18 7 34 48 6 7 48 21 21 27 28 8 45 26 44
37 46 1 47 33 48 28 44 43 7 38 21 32 4 26 11 25 16 1 46 28 7 50 21 5 7 29 42 37 23 49 36 24 2 28 6 2 2 4 5 8 26 23 6 42 37 42 1 36 25
10 0 10 30 19 42 32 32 10 2 49 4 27 35 14 27 29 24 10 4 31 39 49 27 14 47 35 38 23 6 2 31 29 49 7 30 28 30 23 10 33 30 42 27 32 12 1 15 13 24
16 29 42 46 39 23 28 2 16 48 2 19 8 19 33 13 1 49 34 21 27 31 41 22 27 12 1 29 6 16 0 9 20 9 15 21 50 25 10 36 29 20 27 47 34 22 32 24 9 12
11 44 18 2 10 31 4 43 47 40 24 46 14 9 8 40 1 25 6 42 17 39 4 17 42 38 16 45 44 40 14 34 8 16 19 8 25 13 38 9 21 13 26 23 39 36 6 50 16 10
8 5 36 6 37 11 36 34 37 40 39 48 9 9 38 49 34 3 26 28 1 17 48 37 36 10 10 27 29 29 24 20 6 44 35 14 35 35 42 41 33 7 22 13 2 46 11 43 9 41
9 15 36 3 45 13 50 19 28 1 3 1 6 14 3 9 41 40 17 31 12 33 14 22 8 31 41 12 6 43 25 45 5 16 44 15 23 36 19 10 17 6 45 2 40 20 25 26 35 15
22 28 44 24 18 28 14 27 34 8 50 31 33 41 0 4 42 11 42 41 16 15 13 42 31 27 20 29 0 17 9 2 44 13 3 47 8 18 43 27 30 49 7 36 12 49 39 4 33 9
26 29 44 13 10 38 31 6 13 50 32 26 9 15 46 11 28 23 47 36 0 38 39 31 19 22 41 12 19 21 37 14 22 45 1 7 31 2 23 29 4 9 0 47 14 24 25 4 48 42
48 42 2 46 11 37 16 1 24 22 1 39 6 38 19 22 43 47 33 49 27 22 50 50 37 42 37 26 46 13 13 7 2 25 23 40 35 36 50 47 43 43 49 18 13 29 5 38 18 4
2 45 50 19 47 2 20 26 19 23 8 39 18 44 0 18 15 39 9 30 44 26 4 36 33 27 15 23 7 8 35 26 11 8 36 44 40 45 9 9 36 46 1 47 28 38 8 27 14 41
26 34 13 46 15 35 32 34 5 38 0 19 19 30 10 14 44 25 17 42 11 50 45 4 2 37 1 46 19 7 15 20 11 20 18 5 35 47 8 14 45 28 29 20 28 30 11 17 46 4
37 25 35 1 35 12 3 16 17 10 50 11 43 8 5 48 14 23 19 27 29 46 31 32 30 27 16 41 3 22 1 7 26 44 40 20 28 11 6 6 23 48 21 12 4 39 13 10 26 28
31 26 18 35 48 26 37 24 16 24 36 43 8 48 33 40 9 5 27 23 4 11 35 9 0 8 39 25 2 11 48 21 5 45 8 18 46 43 0 10 36 11 14 16 29 45 48 19 31 31
42 48 3 45 43 16 10 19 19 9 3 42 44 41 1 6 39 9 37 4 44 27 33 36 1 38 13 31 31 29 42 44 15 15 47 33 25 31 46 12 48 36 36 0 21 44 8 30 4 27
45 14 33 6 42 0 42 30 24 49 14 36 2 38 47 33 41 10 35 4 29 28 35 4 5 20 34 28 39 33 33 46 35 38 29 22 22 31 35 20 13 25 48 19 3 3 43 38 6 22
17 33 7 30 48 20 34 22 29 34 4 32 10 39 8 0 12 15 35 29 42 12 45 21 0 27 32 5 17 45 28 24 11 27 30 27 38 40 4 10 23 40 22 14 29 14 32 38 32 41
16 14 27 16 47 35 12 24 28 31 39 0 1 6 29 40 22 3 35 24 40 50 28 45 5 16 10 30 33 45 8 49 28 7 39 21 35 24 41 39 7 41 37 28 13 45 22 38 6 41
30 14 25 17 49 36 21 20 38 24 2 28 4 26 9 25 6 44 40 32 41 18 37 14 46 29 36 25 15 7 36 41 41 4 8 20 11 44 36 8 50 39 21 2 4 31 49 32 16 30
3 9 33 27 33 9 6 11 5 18 2 25 12 6 47 16 2 6 36 40 16 8 39 46 34 21 10 8 36 16 37 5 7 22 36 17 13 26 43 9 22 31 45 9 11 35 31 29 7 4
12 36 31 48 34 44 46 18 47 24 35 12 20 23 47 15 10 37 23 42 36 38 26 3 1 44 38 24 13 47 11 32 50 10 0 24 19 12 1 15 3 6 13 3 23 42 27 25 40 22
29 3 22 41 42 14 23 29 21 18 40 5 42 39 25 36 43 10 36 8 36 20 18 3 37 20 11 48 21 18 48 1 30 31 22 39 35 22 6 7 39 33 17 18 38 10 39 23 29 1
31 45 19 23 22 27 50 16 30 7 38 48 31 20 19 17 38 33 9 26 17 38 49 7 8 28 28 45 6 25 6 12 11 35 36 28 16 6 19 16 10 40 48 4 3 40 45 30 28 30
5 6 15 45 31 30 34 5 30 22 42 12 47 35 13 25 36 44 20 38 14 45 36 18 15 36 26 14 28 6 32 11 2 32 33 45 19 10 19 2 48 34 25 46 22 3 6 39 3 46
23 32 32 46 26 45 36 1 27 36 45 7 25 17 46 29 42 21 45 5 0 22 24 6 9 1 33 6 17 1 14 40 35 19 16 41 31 2 50 46 29 16 42 18 10 38 14 9 12 22
16 46 16 49 41 2 39 50 27 49 28 45 32 18 35 43 39 44 31 24 30 48 0 8 45 18 25 18 3 22 33 14 19 9 16 19 44 44 4 25 5 12 6 5 5 9 46 40 49 21

50
52006535202157044514069899601074702964947979882875
0 796
0 759
0 752
0 389
0 957
0 991
0 833
0 86
0 709
0 428
25 40 47 13 14 27 24 9 47 27 28 21 10 35 41 43 39 19 47 40 8 34 46 31 28 22 33 6 32 1 32 27 42 18 14 45 48 45 46 48 10 36 33 41 43 3 45 35 50 21
8 42 14 3 24 12 47 36 41 45 0 40 32 30 26 34 1 24 23 34 3 26 39 21 43 23 9 31 4 2 6 10 46 44 8 0 49 45 50 33 10 16 44 24 46 25 7 30 38 43
41 4 28 32 47 22 47 29 7 22 2 28 18 2 13 29 19 14 8 12 15 38 47 9 30 7 27 31 16 21 8 1 37 48 19 22 50 24 42 49 1 48 41 39 37 11 27 9 44 44
40 42 20 50 39 39 17 49 1 30 34 44 6 26 14 44 21 18 12 10 34 50 43 8 16 25 47 25 8 26 13 21 47 25 44 37 6 27 0 45 36 48 42 9 34 46 36 32 50 34
27 40 33 3 44 20 44 45 28 0 37 1 48 17 3 47 14 44 2 47 39 1 20 49 48 1 46 22 3 10 38 23 36 15 7 38 34 5 35 23 15 20 48 32 7 36 29 33 39 37
10 27 27 8 38 17 11 50 32 44 9 40 14 7 32 39 33 8 28 48 20 24 43 15 32 21 40 41 36 23 22 1 22 0 1 19 14 2 14 32 14 1 31 38 2 24 34 35 17 23
6 15 49 32 44 35 42 26 3 7 7 2 21 26 12 1 35 19 22 18 46 0 45 18 36 10 18 1 11 26 24 44 35 13 40 18 29 32 33 33 50 45 45 19 19 19 35 20 40 30
29 47 38 29 36 43 5 22 0 10 10 7 26 40 45 5 33 25 11 1 19 32 39 23 46 41 23 36 1 2 15 8 45 12 29 39 28 30 7 22 4 12 27 21 25 5 30 16 9 33
26 15 48 40 48 46 26 48 18 30 34 18 24 21 1 28 6 22 21 13 24 21 6 36 8 7 7 40 23 30 49 39 11 40 44 5 14 5 22 15 14 4 32 47 17 20 22 1 33 22
48 4 0 40 2 50 0 30 16 49 45 42 48 7 32 17 45 31 40 26 14 8 47 7 30 42 11 19 2 29 49 2 19 19 47 7 32 15 4 23 50 11 29 5 49 46 0 34 16 45
16 18 26 8 1 10 18 12 7 38 5 50 42 26 8 2 8 15 5 10 19 47 16 43 21 11 37 23 8 1 8 7 45 2 29 12 41 34 20 23 49 10 17 18 4 0 41 28 21 13
1 2 44 30 28 4 8 10 46 6 46 3 1 7 46 35 10 37 4 20 40 16 37 30 39 33 26 9 27 48 8 14 44 1 29 2 31 19 40 11 48 48 5 20 8 10 20 32 4 10
29 8 13 12 42 48 44 30 0 8 8 19 31 11 26 10 1 14 29 33 25 36 14 44 3 31 0 12 40 18 38 33 6 37 11 11 20 3 24 40 46 24 34 1 40 12 35 22 40 41
5 48 42 39 35 7 10 37 28 41 9 30 10 15 25 41 7 17 39 44 17 7 3 31 8 35 49 8 4 19 47 28 2 20 2 11 18 19 18 37 1 20 24 41 38 13 26 26 35 39
33 3 28 21 20 28 46 12 8 1 35 4 27 18 44 36 33 3 19 22 47 2 36 12 18 4 6 50 27 25 34 11 47 24 35 34 40 36 14 7 8 27 49 18 8 31 36 6 25 28
34 30 17 4 6 0 12 15 49 11 21 40 27 1 41 11 5 16 35 47 42 18 3 8 36 20 49 29 16 26 5 30 6 45 27 33 16 3 16 48 14 27 1 23 42 4 37 28 6 30
0 26 37 1 34 25 32 35 28 25 30 15 43 41 49 37 22 4 30 38 3 15 49 44 11 46 40 43 20 48 47 1 10 39 39 16 29 22 44 3 4 29 29 26 15 27 43 42 0 29
14 2 10 14 41 22 48 5 14 44 16 30 4 27 37 46 23 24 33 25 18 10 10 48 21 36 16 15 13 12 37 44 21 0 36 28 0 16 4 20 15 39 35 19 30 41 5 31 43 18
26 47 0 2 29 11 49 29 3 17 8 44 30 29 36 38 43 49 32 21 4 7 23 13 30 19 40 46 15 50 35 44 3 33 29 47 20 23 34 18 19 30 16 19 30 43 47 49 34 3
34 23 20 5 30 31 38 20 22 34 43 31 19 24 22 45 12 24 45 8 33 44 24 36 23 15 39 36 28 23 49 5 23 25 49 0 29 36 12 21 34 43 13 28 20 38 4 48 28 9
13 15 6 0 14 1 32 27 32 10 7 2 12 2 37 20 14 28 50 49 43 8 2 46 4 40 23 18 34 20 22 41 12 39 0 12 48 6 19 39 14 12 22 35 18 28 8 19 17 45
27 21 33 25 22 14 19 38 41 1 9 27 12 0 5 23 39 33 23 10 25 0 37 40 15 21 19 50 38 0 33 30 3 33 0 1 10 28 12 16 21 1 41 39 9 37 5 8 6 17
26 12 41 29 31 36 14 14 34 21 47 30 38 11 1 17 26 5 27 41 38 45 44 13 27 41 45 12 26 9 18 2 7 47 47 35 25 42 24 23 18 7 24 20 34 39 4 12 1 9
1 44 0 37 19 9 5 26 18 7 34 36 46 3 29 3 19 42 26 47 36 36 16 4 8 20 24 35 50 8 36 26 34 19 32 29 15 16 29 24 49 20 43 24 18 37 16 39 7 41
39 36 21 44 10 48 26 22 11 21 33 27 23 0 43 44 15 9 8 16 9 23 1 13 20 29 48 0 35 40 26 43 49 44 34 16 20 32 2 11 25 13 6 16 21 38 15 7 7 34
29 42 25 22 36 41 8 4 3 22 10 5 35 18 10 28 34 28 6 35 6 13 47 28 3 31 3 5 10 43 41 34 43 33 17 6 30 25 0 29 33 4 11 17 15 36 10 18 15 32
16 22 0 44 31 4 17 2 28 4 5 23 26 38 45 5 39 20 6 28 15 1 21 9 14 22 16 26 7 15 26 35 8 42 18 11 10 27 45 16 19 21 48 15 48 46 40 32 32 16
32 2 47 19 32 48 39 23 33 14 11 21 24 47 34 5 10 40 17 31 42 38 38 1 28 0 43 8 37 39 28 37 46 19 42 27 10 11 39 8 28 39 35 5 49 8 3 32 25 47
10 46 21 10 10 28 7 1 21 45 30 28 45 31 1 15 46 43 37 47 35 3 35 31 39 41 19 13 44 0 28 13 48 27 26 7 23 17 16 34 21 25 16 8 41 8 2 45 31 6
46 29 33 42 33 40 11 19 41 8 17 2 30 13 15 24 36 4 29 21 5 2 5 15 29 17 9 14 44 25 45 6 5 10 29 45 42 4 41 4 21 21 26 12 12 13 49 14 6 8
15 27 45 31 39 30 30 20 36 4 39 18 36 2 15 49 6 40 5 4 17 12 28 30 36 41 48 18 33 17 4 27 39 8 48 7 36 32 42 12 42 44 0 27 28 2 31 32 13 18
10 38 6 2 11 21 0 34 8 26 7 3 2 25 37 20 47 37 11 29 40 41 12 8 30 18 23 40 42 24 9 4 36 17 22 33 1 7 37 21 31 28 33 14 30 20 16 32 23 41
8 30 35 11 19 9 2 4 20 14 44 18 18 10 8 23 33 35 10 30 50 20 25 2 26 15 50 32 19 22 47 34 17 13 44 27 2 42 36 36 47 5 14 14 2 29 49 27 5 37
35 9 32 5 43 50 49 44 3 11 26 1 36 18 6 8 14 26 9 38 43 5 31 9 13 13 11 18 20 41 8 41 27 22 41 15 8 5 43 9 18 37 33 46 27 42 46 13 27 21
30 14 6 22 50 25 32 47 34 43 7 43 36 20 44 21 46 44 37 0 23 46 27 42 21 37 28 14 2 2 20 30 14 46 27 38 7 20 46 50 48 2 13 30 7 23 4 39 31 49
16 7 33 8 45 12 11 42 12 43 49 21 40 1 28 21 27 18 34 37 8 35 42 35 12 14 45 42 5 12 42 22 27 13 40 50 42 40 13 17 27 45 30 37 35 36 25 9 48 49
36 14 34 21 44 36 46 23 42 44 1 7 39 14 46 22 11 20 23 19 25 25 37 32 42 41 40 12 46 20 23 27 44 39 16 28 47 11 1 1 23 20 6 16 20 14 42 30 17 20
50 48 6 40 26 8 9 47 22 16 45 44 35 21 40 22 9 8 30 28 10 35 11 6 13 15 22 18 4 49 3 44 40 29 33 45 24 18 28 15 28 8 16 8 31 39 32 46 45 41
12 38 0 27 29 14 50 30 18 33 44 6 40 36 18 18 15 35 2 46 50 5 14 7 14 1 6 3 3 41 40 7 25 27 41 47 27 50 49 42 48 26 13 49 48 38 42 1 4 40
6 45 22 49 15 7 11 20 50 6 14 7 43 46 12 43 22 28 5 19 24 35 11 26 11 11 0 12 49 42 14 49 24 8 22 24 0 8 38 48 44 3 25 23 8 48 32 43 30 49
39 25 50 50 24 46 6 23 46 48 36 8 23 36 9 45 1 8 48 40 42 26 16 45 21 35 49 33 5 18 44 26 6 18 30 28 13 32 9 1 32 28 6 48 45 12 17 7 12 27
13 32 31 8 13 43 41 40 32 25 44 48 11 46 34 46 1 42 20 19 4 7 10 35 21 11 35 47 17 13 7 25 12 48 4 34 28 31 19 4 36 2 18 19 1 32 1 30 33 16
23 24 41 45 29 23 21 2 33 45 50 22 40 24 43 25 21 50 21 5 47 47 17 47 41 28 2 29 12 14 49 32 41 2 15 28 17 20 5 5 21 23 0 33 15 40 33 10 34 40
23 7 38 3 43 42 10 10 22 19 21 40 8 22 29 15 43 21 50 26 32 34 18 4 25 38 40 14 19 25 26 24 35 39 30 12 8 30 15 6 37 3 34 46 50 49 6 12 10 22
5 38 37 2 4 2 47 48 42 33 19 22 1 4 25 24 42 31 44 2 31 21 44 49 8 17 20 28 5 3 20 50 38 27 41 33 26 11 34 35 6 33 8 6 48 20 9 26 38 18
36 33 22 43 33 37 0 40 49 30 23 31 48 12 0 10 48 50 42 11 27 41 14 22 46 12 17 22 46 49 12 1 27 21 16 18 41 43 45 19 45 4 42 0 36 37 0 5 41 4
23 20 32 49 0 5 42 3 27 17 38 39 6 8 43 24 29 8 48 32 48 11 28 28 9 25 24 38 43 48 11 4 4 39 1 33 23 11 47 48 4 1 9 34 40 39 15 49 40 6
28 12 21 17 47 9 12 31 44 25 9 0 7 37 9 28 7 7 43 41 11 42 17 4 27 37 33 14 36 35 40 41 26 6 26 12 33 34 23 0 22 22 31 21 36 42 25 9 43 4
19 43 47 10 46 14 27 43 29 30 49 23 12 26 31 30 21 18 0 15 29 6 6 46 44 16 8 37 50 15 16 49 16 38 45 7 9 33 42 40 26 3 34 35 49 11 50 40 46 6
47 48 32 1 13 2 4 14 44 20 49 37 11 2 20 46 5 17 41 45 48 5 47 0 25 20 33 31 36 33 11 44 49 3 19 1 28 17 0 18 20 18 21 27 0 24 19 33 36 25

50
51651712633728347883889188064795125181090960839608
0 649
0 237
0 582
0 705
0 741
0 500
0 811
0 869
0 127
0 360
4 18 14 46 21 11 49 18 19 21 24 36 47 39 26 14 34 28 0 29 6 43 30 0 9 44 11 2 33 12 21 18 22 20 25 1 22 20 25 8 11 24 2 10 42 50 47 5 0 30
1 15 42 19 7 24 45 19 46 10 42 41 11 3 29 1 45 43 47 22 44 27 30 22 34 43 17 6 12 26 47 39 8 33 15 38 7 24 11 12 19 35 33 0 48 28 28 11 32 38
41 13 47 27 18 11 35 35 25 9 12 36 14 4 1 18 45 4 48 4 33 7 31 8 44 35 8 43 31 1 15 44 19 7 2 35 30 15 40 47 14 45 38 46 4 31 1 47 42 13
22 13 16 20 19 45 7 2 20 18 3 2 7 25 15 34 31 25 23 14 16 0 26 18 4 39 0 0 15 24 37 28 1 26 22 18 35 47 25 30 38 22 44 23 34 34 34 11 1 20
40 14 49 28 47 1 3 46 17 1 13 21 7 1 5 37 47 48 18 1 43 8 42 24 8 29 36 31 47 2 9 12 28 3 33 45 33 33 4 45 25 48 31 15 48 4 3 14 16 11
23 5 2 48 10 12 10 12 16 12 22 12 2 45 42 47 29 29 36 41 50 10 5 8 40 46 48 49 19 23 14 38 41 40 14 21 28 49 19 20 17 33 48 8 26 33 45 38 36 16
50 47 8 17 17 34 26 11 17 10 24 28 7 10 50 48 32 22 50 43 11 25 18 11 4 27 29 37 31 1 38 5 14 11 25 37 29 1 38 46 34 36 43 40 42 19 44 31 31 7
9 2 47 35 12 49 44 47 36 19 27 39 12 28 39 40 47 11 40 16 14 44 24 34 23 42 49 4 30 0 31 0 15 7 42 6 31 6 37 35 45 35 40 5 45 1 28 25 44 34
34 14 4 34 3 33 15 16 40 36 28 32 45 18 28 36 18 26 45 33 49 3 31 42 12 13 38 28 4 5 15 17 49 8 49 6 10 26 45 16 34 14 18 31 5 16 30 39 5 37
36 7 39 3 48 42 14 24 5 21 11 33 33 24 31 44 48 11 27 23 14 45 7 43 50 41 16 45 10 38 18 31 1 24 37 28 19 35 27 33 26 3 35 26 21 12 8 16 17 33
5 25 25 26 42 28 30 40 48 16 5 3 23 10 50 10 16 37 50 45 37 9 40 33 9 20 30 41 40 26 11 17 15 0 5 5 4 6 33 41 43 39 1 6 24 25 30 4 47 30
42 43 37 4 26 28 34 44 35 13 20 2 48 43 49 34 9 5 41 19 43 42 38 8 38 10 26 9 28 27 41 0 0 21 27 24 2 17 5 38 11 32 48 7 30 1 40 50 42 41
30 8 10 28 39 41 29 5 21 22 17 13 5 8 5 48 16 26 26 14 39 40 11 48 27 24 28 17 20 15 32 29 7 24 49 41 20 16 39 26 5 28 11 4 43 1 13 10 18 22
14 18 46 49 40 33 23 48 24 2 12 13 12 30 44 16 7 35 26 5 34 34 10 46 12 5 24 47 29 46 30 4 0 11 29 32 49 32 5 20 37 26 11 20 14 6 11 41 0 25
22 22 6 9 45 23 32 2 42 3 36 38 29 17 31 14 39 25 43 38 1 44 0 21 4 26 20 41 19 8 5 9 17 21 47 31 3 10 25 47 4 46 16 19 29 10 39 31 18 28
1 17 21 20 37 2 25 38 39 13 6 33 39 48 14 23 50 0 11 39 31 20 19 38 31 20 45 36 21 25 31 6 32 34 30 6 31 47 0 30 30 2 44 30 3 34 37 42 33 45
26 16 30 17 35 39 38 15 27 27 40 22 9 19 16 47 27 39 32 40 28 18 29 9 35 22 17 49 1 4 17 34 11 6 14 42 21 22 22 6 33 19 17 6 30 41 35 16 43 33
49 3 50 35 20 7 14 34 35 5 20 31 48 14 15 25 13 7 15 1 22 40 1 1 16 48 41 38 49 47 40 6 34 45 24 27 17 43 25 46 26 4 25 35 20 27 40 45 23 14
1 8 49 37 29 42 38 50 32 16 41 45 37 33 49 5 9 35 5 35 16 39 48 6 17 18 31 40 46 14 49 47 9 16 39 40 16 14 20 4 41 26 45 35 36 38 20 38 4 39
50 25 20 27 20 6 42 0 30 12 26 37 12 24 33 40 7 38 0 20 14 37 47 33 23 16 20 3 39 3 4 12 13 27 50 0 27 9 39 18 14 32 4 46 48 26 42 34 44 21
48 40 11 6 49 42 36 37 31 13 6 25 23 44 36 30 50 3 14 31 19 48 33 7 14 26 26 44 21 46 37 24 5 5 15 35 18 26 22 41 41 30 41 11 44 38 9 15 23 10
43 22 35 8 12 43 17 45 33 0 1 13 28 5 33 8 17 2 17 1 44 20 29 46 44 28 21 16 22 43 31 23 37 19 11 10 2 17 35 19 17 33 9 17 10 47 16 13 23 26
5 22 39 15 32 34 10 4 26 43 19 15 11 24 32 42 42 30 30 8 46 49 16 10 14 28 25 0 0 17 25 4 9 37 48 38 44 42 47 27 27 47 17 12 42 48 4 47 12 10
23 14 7 36 30 40 31 10 16 19 13 19 5 0 4 8 36 23 41 0 46 46 9 23 10 32 26 34 41 25 33 35 9 30 40 35 21 35 44 40 2 1 13 23 10 36 30 41 45 30
30 41 41 17 32 10 43 50 26 26 19 4 28 5 43 1 39 31 18 24 30 14 28 20 43 13 47 16 49 7 41 38 27 27 29 11 43 37 9 34 12 46 4 45 20 13 29 20 11 40
8 42 14 46 14 17 23 50 9 34 16 46 41 50 3 48 42 6 14 22 32 3 12 44 48 45 0 43 48 50 21 0 24 8 13 36 33 10 37 22 12 40 9 34 15 17 37 48 4 15
36 27 32 24 9 0 43 9 3 18 5 28 12 39 28 32 14 31 5 16 19 1 50 48 48 44 7 38 40 1 26 37 17 31 6 34 18 0 19 32 9 6 9 14 36 27 28 29 24 41
30 45 41 10 35 2 20 36 11 33 4 11 32 32 37 28 29 20 13 5 18 40 43 41 43 16 2 20 15 25 45 44 31 7 2 1 43 39 37 15 50 48 6 33 33 18 43 2 50 15
23 33 48 45 23 44 14 39 27 27 23 7 46 34 7 11 37 31 35 23 26 0 44 22 1 1 5 1 4 8 43 1 36 28 1 44 39 6 34 35 8 35 45 49 18 46 34 36 11 33
13 7 37 4 39 45 31 7 13 45 33 38 34 8 19 40 13 21 48 38 35 30 0 9 13 5 22 32 13 36 47 48 17 5 37 4 10 29 13 16 9 23 36 1 24 11 25 21 28 44
2 34 5 47 41 45 0 45 11 9 20 10 48 16 25 40 38 18 6 33 28 2 33 47 41 0 42 37 10 31 31 40 25 10 33 32 25 42 16 44 36 39 35 8 1 37 27 18 48 6
2 14 35 15 13 11 18 2 40 4 16 30 44 49 7 23 28 2 27 27 8 41 37 45 34 25 1 35 28 9 42 23 49 27 26 10 43 46 8 41 47 11 14 7 3 16 10 20 4 0
31 6 37 34 29 21 22 30 22 40 45 42 42 34 20 24 1 20 26 15 47 18 16 48 8 8 34 2 41 15 1 39 27 17 28 30 45 25 29 13 47 34 34 30 12 26 20 5 16 33
32 48 39 49 4 30 10 5 49 26 23 40 9 4 37 48 44 23 11 8 37 40 15 32 40 20 15 24 27 18 9 16 18 1 8 18 17 20 13 49 46 16 26 39 45 32 42 17 34 16
50 12 25 20 50 22 19 23 28 20 18 8 26 14 3 22 23 25 13 4 41 47 42 10 41 27 49 0 0 23 40 21 25 44 2 14 28 2 44 33 26 24 24 45 44 0 47 17 24 10
24 15 1 7 14 34 0 33 37 42 33 15 38 14 50 28 28 4 11 20 47 2 28 37 49 15 46 30 46 27 42 33 32 8 9 45 27 47 8 29 4 7 14 0 44 2 3 30 34 18
42 4 0 23 47 49 24 10 25 33 34 28 4 41 23 12 11 26 10 42 13 27 19 21 27 11 37 30 10 33 30 9 19 37 16 42 40 19 7 16 29 23 35 5 8 50 32 2 34 48
6 49 32 5 1 31 10 37 35 0 41 9 27 3 1 27 17 21 34 21 29 14 13 37 10 7 47 40 19 28 40 9 45 8 0 34 47 6 9 44 18 3 7 0 37 20 1 16 15 29
27 48 25 39 40 20 11 41 30 38 21 35 19 16 20 20 1 0 25 15 4 27 6 13 18 12 20 7 41 48 37 46 35 29 3 15 4 46 24 47 12 4 27 17 48 0 39 19 36 8
34 48 31 37 6 14 1 42 17 32 46 18 44 11 18 15 48 49 7 40 27 3 45 24 22 16 6 25 48 0 50 26 22 16 31 1 13 26 30 3 39 8 28 5 16 1 33 22 46 11
8 33 33 46 22 42 23 23 33 31 3 45 31 15 12 33 3 4 10 3 46 4 26 26 29 13 41 27 2 30 7 25 23 8 20 48 7 47 18 47 25 11 29 42 43 27 3 29 32 31
47 12 34 14 44 20 48 27 24 7 23 37 21 10 22 6 5 42 11 20 23 23 8 15 8 43 11 6 22 37 28 47 31 26 27 49 8 24 41 35 31 24 7 34 50 8 38 44 44 46
10 8 30 36 43 48 17 34 37 39 43 8 13 47 12 5 24 10 10 19 19 28 43 43 40 24 5 9 4 41 1 11 2 49 5 12 20 12 41 10 12 24 43 47 41 1 3 48 46 23
18 8 31 27 1 40 47 7 4 0 18 23 10 3 31 47 42 7 14 20 30 29 50 6 50 49 45 16 3 5 32 22 24 44 26 8 40 27 28 46 37 43 28 45 41 18 32 22 9 45
30 11 47 32 33 19 42 12 42 20 26 47 41 13 24 25 40 25 3 24 49 19 44 18 17 13 24 15 36 38 26 22 31 3 44 18 37 13 22 6 5 49 49 47 27 41 11 22 38 9
49 39 21 25 17 33 50 40 6 38 46 22 12 36 11 19 36 27 9 7 22 22 43 40 36 15 38 16 7 5 43 24 23 13 27 26 24 15 50 42 23 14 30 20 14 4 48 9 25 28
16 34 21 50 16 37 41 0 16 20 7 42 10 34 38 23 42 26 9 40 44 38 19 33 4 45 4 43 50 3 4 30 17 42 26 26 46 10 6 8 25 19 35 47 4 7 38 6 36 46
41 6 44 26 8 44 28 47 30 14 6 11 3 23 17 24 18 36 33 12 35 4 20 2 13 30 17 18 37 10 22 22 14 9 43 34 12 30 30 47 40 31 43 19 39 11 16 13 32 11
36 46 23 41 27 46 14 30 0 45 35 42 37 34 24 45 41 19 20 11 9 4 32 26 37 45 43 32 8 33 0 7 22 19 24 4 44 17 39 27 39 17 17 42 33 0 20 1 20 14
6 17 8 23 6 5 27 8 9 6 32 48 8 3 39 21 35 42 8 3 13 1 46 46 12 15 9 34 47 46 18 11 36 38 40 20 14 50 31 9 48 18 20 43 15 48 42 41 12 36

50
27359462707495545247105375051181468921976664865879
0 12
0 747
0 863
0 420
0 411
0 860
0 486
0 902
0 411
0 840
6 0 45 42 28 28 29 29 16 3 24 16 34 47 24 43 13 31 46 10 47 44 46 31 1 4 22 50 27 4 26 7 3 19 40 32 47 38 39 48 45 3 27 43 24 42 15 42 29 47
39 40 45 16 7 38 19 24 19 38 26 41 9 3 42 27 24 42 45 19 43 46 10 42 44 36 38 35 21 9 28 15 4 29 30 5 11 28 42 11 17 47 42 38 1 47 29 10 38 5
26 49 24 11 6 20 29 14 5 44 28 18 25 6 19 34 18 46 29 15 9 12 44 26 30 34 18 26 33 45 43 49 42 47 46 35 38 48 32 10 34 4 2 46 18 22 0 50 50 23
39 43 48 28 44 43 23 41 6 7 37 39 42 13 47 34 2 13 1 48 21 24 30 27 22 48 49 2 40 15 15 44 3 32 19 23 36 5 28 43 19 10 37 10 9 35 46 4 48 45
32 24 9 46 25 46 42 7 19 22 46 35 33 36 42 36 3 21 28 38 27 22 42 35 16 41 40 39 18 23 39 33 48 44 5 35 30 41 27 13 43 14 21 5 47 2 2 34 15 30
1 31 31 32 44 33 22 17 46 15 45 4 19 10 11 32 11 14 27 15 24 36 26 24 14 40 24 42 18 10 35 19 6 17 48 25 48 12 16 41 10 23 7 33 36 37 20 27 50 24
27 20 10 17 10 6 43 40 36 28 30 1 29 16 12 20 14 2 37 34 47 20 9 13 40 18 20 2 11 24 37 47 41 29 23 11 25 24 17 1 1 31 32 27 2 38 31 29 40 10
50 11 25 26 41 25 49 40 9 28 34 5 7 4 5 39 2 19 41 4 46 38 17 42 29 5 25 33 47 0 38 18 6 14 28 38 21 41 44 29 22 33 26 38 18 38 7 43 24 1
13 6 29 26 30 26 32 37 4 8 14 33 21 46 37 14 17 21 36 10 35 11 37 22 14 23 19 2 37 7 19 44 14 0 12 10 39 22 33 26 10 11 3 41 3 7 49 39 23 0
15 49 8 10 35 49 14 50 30 21 30 49 25 11 0 42 10 27 16 15 32 3 28 20 31 28 49 40 35 42 32 37 34 11 26 23 8 48 2 38 40 7 3 0 40 1 20 46 9 2
12 40 9 33 27 0 10 44 47 6 45 34 25 0 12 22 23 20 30 33 46 21 32 16 23 50 39 35 7 38 12 32 25 50 4 27 20 3 46 50 40 39 9 2 18 48 38 20 14 18
2 22 24 44 10 19 3 3 32 41 12 4 43 0 33 25 13 7 5 37 13 1 17 44 15 40 42 19 20 12 38 6 41 35 4 5 47 4 39 15 37 26 46 42 45 33 12 41 39 46
44 49 8 20 25 25 9 17 14 42 36 46 34 23 10 48 18 22 34 2 21 14 26 0 33 6 4 48 39 22 15 44 11 17 46 19 28 8 19 34 42 50 35 7 41 3 14 13 36 40
7 33 43 25 30 28 36 38 32 31 17 39 34 8 48 10 8 27 48 19 27 19 46 41 7 2 27 5 9 15 13 18 1 8 25 19 38 27 7 13 1 5 1 37 20 50 1 2 50 39
2 27 24 30 32 22 15 29 9 8 36 15 22 0 14 8 13 19 43 45 13 46 10 42 47 32 3 5 41 4 45 42 39 2 10 29 49 34 15 50 4 41 14 29 22 14 17 1 1 17
22 33 4 30 25 46 32 14 47 44 43 39 34 39 28 39 40 30 31 4 33 42 31 30 25 27 10 50 0 50 39 4 9 20 24 25 5 18 40 45 45 10 24 36 31 25 42 48 25 29
25 44 13 2 33 22 30 31 47 30 49 31 21 19 21 42 27 47 31 0 28 9 26 32 40 38 41 11 3 18 10 50 19 1 46 45 6 15 44 19 32 14 15 15 23 48 29 34 4 21
1 26 2 14 48 11 33 46 17 25 37 11 48 17 37 34 14 20 47 26 19 23 1 22 23 12 17 23 40 40 14 38 11 43 49 41 26 8 10 47 29 11 42 33 20 14 17 8 49 24
50 23 38 2 7 7 17 25 31 2 13 3 0 44 50 16 26 16 10 10 41 12 43 3 43 13 42 25 10 2 22 44 14 45 12 47 14 35 33 46 12 15 44 0 47 47 49 31 45 41
30 32 8 25 17 29 42 32 11 14 31 29 27 5 11 1 40 24 48 5 2 36 40 13 8 9 48 13 11 6 40 13 47 44 9 27 33 7 40 13 9 49 7 36 25 5 18 4 23 5
23 27 30 21 14 45 15 37 13 23 34 11 23 28 4 45 28 22 13 46 15 5 45 26 29 6 0 1 6 35 23 18 19 20 35 44 14 32 27 19 16 39 8 24 9 4 30 12 12 46
0 22 46 30 38 21 27 8 2 22 3 48 6 42 4 16 7 38 45 21 18 21 44 33 22 18 35 34 31 3 48 22 34 28 11 4 14 14 44 46 2 36 9 45 47 8 8 3 8 5
8 28 42 12 18 16 5 33 14 28 49 29 35 7 21 21 17 21 30 14 35 32 16 2 28 1 1 7 49 35 18 11 37 19 9 15 2 30 33 24 13 26 4 29 36 22 39 28 44 44
26 32 44 42 4 21 9 15 33 3 34 44 10 16 11 31 38 32 24 28 50 12 22 10 1 20 1 17 34 41 48 33 24 10 3 32 20 37 10 6 11 44 7 28 28 42 13 49 3 43
20 27 45 37 32 37 29 25 46 8 21 15 36 24 2 43 35 48 14 7 33 19 39 26 29 17 37 33 0 6 40 33 19 48 3 1 11 11 28 48 48 17 12 28 16 24 47 30 22 19
29 8 8 17 1 30 20 27 17 19 31 35 34 41 36 27 1 28 26 10 50 39 23 2 13 43 49 36 0 23 37 8 3 31 43 14 13 37 15 36 23 0 41 11 6 8 50 32 14 29
23 33 26 37 49 9 47 44 43 13 12 6 41 17 46 33 42 23 50 7 38 3 26 44 13 12 39 33 28 45 34 33 19 27 21 1 19 16 8 2 33 4 40 14 6 4 5 42 14 50
40 32 24 1 42 28 36 11 13 13 1 3 46 34 12 12 7 0 14 12 12 36 32 34 47 11 47 40 32 20 18 2 22 3 25 12 8 28 44 4 50 30 39 7 33 46 47 31 14 5
29 47 40 49 0 19 28 41 36 27 41 1 12 9 40 21 2 27 29 34 25 11 46 16 21 44 21 46 45 49 50 41 18 29 46 16 27 31 13 2 40 34 18 35 7 46 21 10 9 49
4 26 17 48 7 7 20 6 31 2 5 29 32 9 31 4 1 24 0 33 11 45 34 34 19 10 37 13 23 27 33 14 5 0 36 4 25 45 44 26 1 3 26 31 12 18 23 26 24 5
35 12 14 25 9 38 17 10 41 7 12 5 3 20 19 24 19 16 43 49 39 18 45 24 32 13 46 31 18 10 50 32 45 7 21 27 19 16 35 31 28 48 11 9 37 50 32 50 8 44
40 44 40 33 12 35 47 8 48 11 26 7 10 43 47 25 38 38 30 25 33 13 13 1 49 6 37 21 45 25 20 20 23 5 22 33 29 20 48 17 11 2 20 1 30 40 7 47 3 26
47 6 47 12 35 34 13 16 21 36 31 12 46 49 11 17 46 37 39 6 37 18 15 4 39 13 29 48 45 25 37 12 13 34 28 1 8 32 47 15 21 8 33 42 3 33 26 38 11 1
2 36 40 8 46 18 5 25 23 27 27 38 41 20 11 45 26 42 23 6 0 6 32 10 13 33 38 23 0 33 33 44 30 45 11 36 18 25 9 0 45 32 47 9 24 5 36 37 31 16
20 14 33 24 34 1 26 25 17 41 46 46 11 41 21 6 31 19 31 10 28 41 49 10 1 35 3 49 20 14 6 45 16 38 8 28 1 49 25 45 37 33 6 22 37 2 23 41 1 50
16 11 25 33 7 20 9 34 27 13 10 46 31 15 5 2 23 10 41 7 3 39 44 43 35 13 36 27 27 29 30 16 36 22 30 48 39 18 18 25 24 13 41 6 33 32 30 10 33 41
0 15 27 18 8 35 15 26 2 20 43 21 48 7 10 38 8 41 5 21 25 46 7 19 11 10 31 15 34 11 47 42 42 47 5 10 4 49 38 42 14 0 50 35 11 33 41 10 42 4
39 18 1 35 22 29 6 2 40 29 39 49 33 16 39 35 16 9 29 20 24 0 16 19 49 28 3 24 38 44 47 40 39 35 49 26 44 19 1 43 19 50 14 44 17 46 28 25 10 28
33 7 31 16 13 14 34 49 35 37 41 46 31 9 29 40 14 29 6 21 35 21 24 22 32 36 5 40 10 47 29 40 15 18 45 12 25 6 16 37 12 50 49 2 39 9 22 19 24 47
24 46 7 42 24 34 40 41 12 38 24 13 10 42 2 5 34 37 35 31 7 2 23 36 40 32 2 22 4 50 29 34 20 6 33 17 16 11 36 45 10 8 23 25 11 42 44 22 25 17
38 4 33 15 2 19 29 3 44 15 4 24 32 15 50 47 40 45 10 26 18 6 25 49 21 18 9 16 44 16 25 39 46 5 15 18 37 22 8 41 49 17 21 2 10 14 49 36 19 33
40 10 12 8 17 33 49 10 49 34 5 10 0 34 28 48 46 41 40 10 31 22 38 13 50 35 16 1 10 2 25 25 30 43 19 30 31 16 20 33 22 3 31 0 48 45 48 27 11 30
50 26 2 29 49 27 0 14 5 21 35 50 26 24 2 42 14 24 14 8 18 27 40 25 1 1 20 41 29 4 43 1 29 9 40 46 31 43 33 25 32 39 32 11 27 46 47 43 26 15
22 22 11 42 29 16 48 6 3 45 8 22 15 10 46 20 39 39 21 1 23 16 27 18 39 24 22 10 50 44 5 1 19 22 29 39 42 9 23 26 44 32 38 10 22 27 38 16 6 0
21 8 17 3 22 47 28 29 44 3 39 41 32 28 0 5 19 13 47 5 38 20 38 34 31 6 4 42 23 32 26 3 46 26 33 22 25 33 2 23 13 46 41 16 35 12 43 21 39 21
30 19 49 23 45 36 14 10 22 7 19 20 17 49 47 28 4 46 44 9 50 28 14 13 46 46 20 47 32 21 36 29 1 35 12 41 3 26 5 7 50 47 44 7 31 42 14 47 12 39
36 4 36 50 19 23 20 46 43 17 7 13 44 13 13 26 41 0 10 21 32 41 39 20 40 19 49 41 4 2 32 10 38 47 38 17 39 22 46 49 35 10 19 8 11 35 37 32 17 29
18 44 36 14 5 8 2 27 35 35 32 50 6 7 35 34 9 17 20 23 23 6 4 11 22 48 0 15 40 36 29 24 12 18 49 45 11 31 3 1 12 40 31 1 50 21 37 41 41 40
29 44 0 8 9 0 3 23 35 11 31 9 36 7 10 24 13 5 13 50 38 9 7 2 42 7 20 33 7 10 29 4 12 40 46 11 8 30 8 8 5 15 43 44 27 23 37 44 12 7
12 43 3 42 7 22 50 27 22 14 34 12 25 6 11 26 15 15 12 29 37 4 10 29 50 44 41 38 23 40 41 20 30 3 21 11 29 1 23 4 26 31 29 11 16 50 26 2 44 9

50
50963382808366283111615707365166051707903704278054
0 915
0 420
0 146
0 290
0 941
0 646
0 407
0 595
0 253
0 591
10 21 4 7 36 41 5 4 11 40 38 36 5 22 22 38 18 26 5 7 3 15 15 32 18 11 21 7 2 47 31 28 15 50 3 37 41 15 21 42 21 24 13 11 5 32 8 24 46 26
5 1 9 10 6 27 45 24 48 40 49 35 25 2 33 19 26 39 18 9 42 44 45 45 43 27 46 29 11 44 32 2 29 9 38 10 24 16 22 0 30 0 1 27 17 11 6 11 16 39
16 8 18 41 44 20 28 9 35 40 8 28 13 19 20 34 18 43 49 38 0 1 7 26 38 25 2 4 47 20 18 40 42 2 13 1 2 36 24 28 17 20 12 42 26 4 23 21 8 7
0 35 19 10 47 22 38 13 12 14 37 9 26 37 5 8 29 24 47 41 35 1 39 4 0 38 23 28 7 45 25 41 13 41 43 47 39 46 44 29 43 34 1 7 34 2 3 50 30 48
48 29 12 49 32 33 12 0 3 28 19 24 41 26 33 48 24 49 28 49 1 36 29 43 12 34 39 4 38 27 19 17 47 33 15 7 9 22 26 1 33 32 28 26 38 32 19 31 16 21
6 34 40 4 43 4 6 50 38 8 42 45 39 42 4 1 23 41 41 45 9 22 0 35 33 14 0 0 21 4 39 8 19 48 19 8 45 43 21 8 3 2 31 38 17 36 24 28 45 8
28 23 16 29 11 22 7 28 0 31 24 14 5 50 11 38 34 0 8 42 35 5 34 23 27 17 24 4 7 19 11 17 31 41 40 49 44 22 23 25 13 25 2 43 1 46 3 21 33 11
48 46 45 24 3 29 37 1 14 8 23 0 7 22 39 28 11 43 16 3 31 40 21 40 46 6 32 19 42 41 23 27 12 34 46 44 11 1 47 10 7 20 7 35 17 1 26 48 27 8
20 1 31 27 17 9 28 35 42 4 50 10 45 10 42 21 49 6 33 21 0 18 38 23 47 7 1 5 48 17 18 2 41 17 25 13 47 23 15 40 1 29 50 41 17 5 11 6 36 48
47 37 24 2 50 9 42 39 21 8 14 29 33 43 7 46 39 26 14 23 34 19 48 13 15 43 20 34 14 1 10 19 3 25 25 22 4 7 14 21 12 3 48 35 3 32 44 44 25 38
7 7 27 6 38 18 21 48 38 47 27 24 43 38 6 33 44 13 48 5 32 34 14 11 21 35 4 7 43 40 13 45 19 26 48 45 48 44 19 35 37 22 18 5 48 38 35 29 2 40
42 27 31 25 39 46 45 13 48 16 17 50 32 40 24 8 39 13 23 9 35 32 18 22 42 37 11 20 18 7 5 21 10 30 42 9 25 48 8 3 30 17 0 32 36 40 6 37 30 49
4 24 46 39 11 30 42 16 13 27 11 5 13 5 41 9 15 17 40 1 9 46 42 2 45 38 5 33 31 0 17 26 3 15 29 3 31 16 26 7 3 42 47 39 45 20 35 17 45 19
22 18 0 34 33 1 21 34 24 6 42 15 33 4 48 25 38 22 21 23 13 28 24 12 30 42 49 20 31 18 20 5 39 28 45 15 17 27 20 2 48 20 20 26 22 27 38 37 2 36
10 27 38 37 41 7 19 46 8 40 6 12 2 3 8 35 35 15 48 1 28 17 9 29 1 32 18 24 40 25 3 10 6 5 20 23 34 8 49 34 13 43 2 32 16 36 22 17 47 15
15 36 26 21 44 13 27 11 44 8 20 9 21 11 28 14 48 14 33 39 1 33 9 23 48 24 12 14 50 24 12 23 25 48 36 19 35 26 23 20 9 6 10 45 37 47 21 16 16 21
34 40 13 45 49 24 8 42 33 18 36 27 21 2 43 41 4 36 44 41 46 19 15 26 37 8 35 2 43 0 14 15 2 44 45 17 19 24 42 49 13 43 26 22 19 45 50 4 20 11
6 6 9 24 23 13 47 13 22 33 3 36 15 28 2 22 8 22 36 0 15 47 11 50 42 0 10 46 40 13 15 26 35 16 35 3 32 23 33 20 7 44 26 46 7 27 11 41 41 28
24 36 11 20 3 42 30 30 5 31 46 1 43 29 42 40 49 29 6 46 2 26 1 10 9 30 43 14 5 5 31 28 41 44 25 40 9 38 13 20 47 28 12 39 0 35 16 42 12 2
23 5 40 20 15 6 39 46 36 1 30 13 41 34 49 40 16 35 44 25 14 8 8 20 25 6 31 48 22 10 17 4 49 13 18 11 34 31 28 2 14 37 22 29 38 34 43 43 5 47
18 30 8 2 49 17 29 16 44 15 50 30 38 19 35 40 31 47 21 27 25 38 20 2 44 32 37 13 1 26 29 25 35 47 21 9 29 11 10 46 47 0 15 11 30 34 24 41 18 40
13 37 11 18 6 41 20 19 2 2 9 20 35 7 18 36 2 5 21 46 43 30 39 9 9 9 31 17 47 7 13 48 1 25 21 17 17 30 25 28 3 8 7 2 34 13 12 48 29 19
3 44 13 38 41 12 26 3 12 14 21 16 45 16 23 30 26 32 34 7 26 38 8 6 20 37 1 0 2 25 4 49 35 7 22 27 17 22 34 44 25 50 3 27 8 10 45 11 50 19
49 22 35 47 34 24 28 36 2 33 50 4 31 13 6 43 32 36 1 42 0 4 3 2 14 11 48 35 32 27 25 34 47 6 32 14 0 33 17 17 37 39 2 8 38 10 18 8 20 43
49 44 21 7 14 30 37 28 0 10 1 8 42 16 23 30 20 20 3 28 34 4 45 30 34 7 4 5 27 46 28 7 5 39 16 48 4 45 17 41 20 25 22 6 23 29 36 46 43 35
14 3 4 49 30 1 9 6 12 38 17 19 8 1 40 5 8 43 5 36 15 3 33 35 11 23 47 43 9 43 41 45 29 25 13 3 8 12 15 9 43 18 12 28 0 4 14 13 44 30
30 49 30 27 11 32 13 33 49 7 28 19 23 27 20 5 50 29 9 29 4 30 2 34 38 47 12 36 36 24 45 24 21 32 47 9 17 32 50 4 22 48 42 35 44 0 37 32 13 11
27 27 2 0 50 17 27 28 10 20 29 39 37 33 5 11 40 33 12 10 14 9 43 21 38 34 2 3 27 12 32 19 17 21 5 23 17 21 47 7 2 46 17 27 44 16 17 45 49 14
23 15 4 38 42 39 41 20 15 35 42 28 45 21 49 33 23 35 15 50 45 47 31 34 39 50 40 28 47 15 47 32 49 30 44 2 7 40 40 34 21 16 32 35 44 44 4 20 16 21
4 2 1 36 32 41 4 33 28 20 40 13 2 23 8 8 3 17 37 14 39 50 27 30 23 7 5 14 32 26 12 27 46 3 29 20 50 35 44 45 34 46 2 5 15 36 13 45 8 15
8 13 26 27 35 3 43 46 14 14 14 2 32 20 26 24 20 25 19 43 29 46 10 27 46 40 2 3 45 25 34 29 32 35 6 37 14 29 44 23 33 6 0 39 43 30 6 31 2 1
13 3 31 35 36 9 38 41 44 44 30 50 3 13 50 10 22 33 7 17 31 7 35 4 25 33 31 29 2 16 9 6 18 13 10 6 40 11 5 14 6 36 15 13 21 45 35 47 2 7
25 42 8 17 50 3 12 19 28 7 28 43 30 26 34 6 1 43 2 50 30 18 20 43 41 25 37 24 45 32 42 34 45 20 31 42 37 25 0 40 8 20 21 48 38 24 48 24 31 20
4 38 1 39 31 40 41 11 30 49 17 9 48 50 43 11 5 20 15 48 41 24 41 39 25 39 10 20 35 47 44 30 27 38 17 19 21 33 46 40 28 13 23 48 13 23 38 14 39 37
11 0 21 37 16 27 4 50 36 11 11 10 34 29 28 34 5 28 9 43 31 44 10 12 14 46 49 13 42 46 13 24 30 46 19 0 19 39 28 33 6 48 3 41 9 18 14 32 1 40
32 25 12 23 8 36 0 33 25 35 13 38 38 39 12 18 1 1 0 21 38 42 48 36 2 21 1 37 47 12 23 33 11 16 29 22 27 21 22 16 2 14 5 15 47 34 3 12 21 7
10 10 28 50 16 8 37 19 10 44 8 2 20 39 5 18 15 46 23 31 3 5 29 12 15 43 25 10 32 25 20 24 41 11 19 4 3 29 25 40 4 36 10 0 25 19 41 14 47 47
5 47 50 16 41 26 8 2 9 42 34 5 5 16 2 19 4 0 29 41 22 22 22 29 40 31 1 12 29 25 21 12 31 1 49 17 39 12 46 17 35 24 0 8 19 32 28 20 7 6
48 37 23 40 22 5 7 12 19 13 44 29 3 3 34 48 44 7 10 38 33 27 40 1 32 17 19 8 18 43 50 11 19 18 34 28 34 11 26 39 8 18 0 18 4 42 25 39 13 12
33 4 46 12 37 42 35 43 25 15 19 5 3 29 11 39 25 6 27 37 36 25 1 3 0 17 32 43 14 48 14 12 45 25 3 21 16 7 47 26 47 7 20 46 17 46 50 31 31 4
19 37 49 9 17 1 10 37 34 39 38 21 13 16 24 47 46 42 42 10 14 38 30 26 32 14 40 43 13 5 24 38 49 35 7 2 29 45 31 47 4 28 9 4 33 13 37 27 30 30
3 12 13 1 36 21 7 31 48 26 18 3 39 30 44 17 26 12 43 46 7 28 33 49 15 39 26 47 14 33 36 7 19 43 30 19 38 29 21 6 16 1 34 19 24 43 7 41 22 46
21 23 42 23 3 7 45 15 7 36 48 43 35 11 5 34 5 48 21 47 16 15 47 43 14 49 43 21 33 25 38 5 36 48 4 31 44 0 12 20 44 6 18 46 45 48 29 11 39 22
12 2 30 26 17 25 18 22 19 21 34 34 43 18 37 18 26 38 25 18 9 14 36 12 21 39 1 10 10 27 34 32 50 40 46 24 5 20 37 18 17 32 48 47 28 34 35 40 1 43
16 40 26 5 17 37 13 29 13 38 18 28 5 47 34 36 39 9 41 45 46 48 39 31 50 7 42 48 45 44 41 49 29 36 4 24 28 41 41 12 4 8 22 34 22 36 30 50 32 25
28 44 24 23 23 29 15 4 28 5 16 43 13 0 43 45 38 24 13 16 37 16 22 43 19 14 36 27 17 5 41 2 22 30 10 39 24 46 10 40 34 24 3 26 29 48 34 22 44 4
28 32 26 29 29 27 5 35 4 26 36 8 25 19 31 16 24 40 34 40 49 9 30 42 45 40 38 3 49 36 43 40 35 11 19 50 9 39 29 8 46 14 16 2 40 40 35 11 44 2
31 1 35 48 41 48 8 31 24 14 25 26 28 27 24 6 12 38 20 48 12 21 31 32 26 39 35 22 18 49 26 31 36 7 48 8 40 50 47 27 13 39 24 18 47 8 21 0 46 13
32 39 5 7 16 45 22 4 31 17 14 7 13 8 2 45 31 11 26 7 43 34 19 44 49 10 20 25 9 0 44 30 40 15 8 23 12 22 48 21 38 12 32 16 3 48 27 10 26 14
25 25 36 38 15 6 46 11 47 18 1 24 20 1 30 45 22 49 39 15 11 50 42 17 7 0 27 39 17 12 43 20 38 30 25 0 45 15 36 24 48 48 19 37 28 3 10 12 21 8

50
46684930096336008630534921619075666627652497313755
0 225
0 142
0 164
0 660
0 475
0 933
0 53
0 953
0 542
0 295
43 21 0 20 37 0 38 48 35 20 18 49 13 46 2 36 22 13 43 3 7 41 3 40 18 35 19 40 48 47 37 16 16 37 47 34 37 44 29 36 6 10 29 19 28 18 3 29 22 36
39 34 1 13 4 38 46 8 1 36 10 46 0 45 36 46 30 39 15 8 8 33 8 18 2 3 47 29 3 18 50 18 48 3 37 18 50 45 4 15 25 2 37 14 19 19 15 6 0 0
12 16 29 38 22 33 3 13 12 50 37 31 8 35 4 2 19 15 12 44 24 45 7 40 29 32 37 10 21 30 37 10 28 18 37 43 5 15 29 39 33 40 34 35 1 3 32 2 20 49
10 35 39 6 50 2 25 11 19 7 46 48 49 16 2 2 48 4 14 0 7 28 28 45 20 12 9 44 31 1 23 1 35 35 30 33 9 1 2 27 23 14 29 39 30 20 12 19 22 22
33 19 50 28 8 42 11 14 35 46 38 29 23 14 16 25 32 5 25 26 2 14 28 2 16 3 32 2 23 1 42 39 44 26 49 16 21 47 47 34 36 49 42 42 7 37 8 4 3 28
17 42 28 17 7 34 25 44 37 22 41 43 3 34 7 50 3 0 25 33 10 27 45 37 42 25 22 7 7 14 4 25 16 47 47 13 29 13 1 6 33 15 5 22 29 34 35 38 22 42
46 11 2 21 16 46 45 44 31 48 4 37 47 21 5 14 40 46 28 10 39 36 17 26 24 29 32 1 36 40 17 5 45 1 47 29 37 4 11 44 7 38 12 44 40 38 4 0 25 37
12 37 11 0 20 24 15 12 44 44 24 50 35 33 23 33 33 10 14 45 12 19 14 21 9 0 49 18 10 37 35 48 33 21 38 14 50 8 12 6 18 8 37 9 29 23 44 46 47 13
7 41 23 25 3 25 22 38 36 30 4 11 39 49 35 32 44 15 23 35 34 32 3 10 37 11 8 28 8 15 20 27 3 42 28 40 15 35 20 3 40 11 28 40 48 19 8 31 0 40
43 7 16 43 41 4 14 43 15 28 8 27 27 9 13 21 43 23 27 49 16 37 50 24 50 42 6 0 14 45 8 21 38 42 3 30 16 13 9 39 50 4 20 1 11 8 25 48 40 14
4 50 21 42 32 4 46 41 1 44 4 43 18 14 49 49 33 42 11 50 13 34 16 50 13 20 38 12 0 13 49 5 28 5 36 40 28 33 2 14 4 8 30 10 4 48 45 1 29 14
26 44 17 8 28 2 17 48 40 3 3 8 5 16 15 18 35 47 30 15 11 19 4 42 7 48 45 24 29 46 26 19 31 17 13 16 31 35 24 11 20 28 49 45 30 49 22 1 35 38
30 28 21 41 50 24 25 23 42 42 36 8 1 35 15 32 46 8 2 23 16 48 0 25 27 8 48 5 18 28 48 38 23 23 36 18 30 23 16 47 49 20 8 21 19 4 38 42 33 9
26 18 13 26 24 50 4 7 16 45 36 32 30 6 2 48 45 46 20 13 31 19 18 6 19 45 28 27 27 18 20 41 43 31 50 29 3 48 49 20 0 28 46 31 31 23 39 47 43 44
11 8 42 32 32 15 50 16 46 13 6 23 28 48 1 19 20 25 18 32 50 1 22 47 8 29 48 8 2 12 30 39 6 28 14 19 45 12 12 29 50 11 44 8 28 46 6 2 10 13
18 8 29 28 36 20 45 13 20 48 42 38 42 11 22 31 9 6 12 34 2 4 7 1 1 20 17 50 46 48 19 33 0 20 30 46 1 47 41 10 32 46 3 10 44 46 12 7 31 8
17 15 21 18 48 25 36 45 44 49 39 28 7 30 29 6 21 28 38 29 46 3 37 19 11 42 7 28 21 37 29 33 18 13 29 24 39 34 48 33 30 50 11 47 49 37 39 44 0 42
19 48 23 36 35 31 39 40 39 1 28 5 24 31 23 8 41 6 37 40 9 4 2 13 48 35 6 20 7 4 14 5 27 13 22 38 43 33 36 12 25 37 30 36 2 42 43 3 4 1
13 40 9 45 36 44 37 1 33 9 7 48 8 5 28 40 7 50 23 18 3 37 9 32 33 36 48 48 35 49 0 0 25 41 8 6 31 18 27 37 16 42 9 1 7 6 40 46 31 44
34 21 44 15 18 41 34 23 13 22 38 18 41 24 19 11 36 5 15 37 23 7 36 40 50 10 9 41 43 2 33 6 1 43 33 23 34 46 17 26 46 5 13 31 20 45 29 1 40 3
15 25 36 36 6 11 34 36 15 16 47 11 42 7 46 27 50 7 48 34 31 7 37 28 23 5 13 42 28 0 15 25 36 27 35 23 7 0 14 28 50 38 43 2 0 28 34 8 48 37
30 44 34 41 23 37 5 35 4 20 27 32 49 13 29 12 19 48 31 36 12 31 13 32 6 8 39 6 1 10 6 30 11 46 29 9 10 22 50 30 9 17 1 26 49 1 3 21 23 18
9 4 44 4 34 24 18 43 25 46 27 27 6 0 26 37 0 8 49 14 46 4 23 22 13 29 42 40 11 43 35 22 11 6 42 25 15 37 16 20 17 29 9 15 4 12 45 19 26 14
32 9 10 16 28 2 13 41 24 46 36 15 1 1 18 0 12 35 9 41 47 13 9 29 45 26 6 0 15 24 19 17 26 21 10 21 33 5 41 28 38 26 9 45 26 0 27 30 5 43
48 4 11 45 35 0 44 24 46 23 21 10 6 42 39 29 10 0 32 9 24 12 43 31 40 15 47 19 21 25 38 23 7 42 44 44 42 35 16 18 31 9 1 42 5 21 23 30 6 30
26 16 30 2 19 25 11 5 28 10 23 49 48 19 48 42 36 43 12 34 39 7 20 40 2 10 18 26 29 9 15 34 22 13 9 18 42 42 8 18 23 30 44 27 45 14 24 42 38 26
49 34 34 31 26 40 2 12 38 10 48 23 8 10 34 11 7 11 5 29 41 2 36 13 6 18 4 6 43 23 1 35 8 31 43 21 6 32 11 50 45 38 15 16 30 29 35 27 29 24
48 27 47 32 5 27 23 44 25 13 39 19 18 12 19 32 26 2 0 13 47 50 32 35 40 50 1 7 26 7 44 29 3 43 11 26 30 14 20 33 21 42 47 33 5 6 18 29 14 37
19 29 33 46 34 11 21 1 45 10 45 27 6 37 49 23 23 26 35 47 10 25 3 40 24 40 14 44 32 24 33 8 0 18 27 0 43 12 31 42 8 2 33 39 16 15 32 6 21 25
7 1 46 47 4 48 8 41 29 30 24 5 27 12 35 21 17 30 19 43 33 31 40 42 14 50 29 20 44 1 19 9 12 33 42 7 23 48 10 32 41 24 24 18 35 38 11 25 48 28
35 18 39 46 39 12 48 23 44 16 48 27 32 41 50 1 2 28 27 38 44 8 47 40 23 21 15 41 46 15 49 43 25 40 26 6 6 47 19 48 45 30 23 49 26 1 25 20 19 14
7 32 19 11 1 20 50 33 48 43 28 22 1 4 11 18 44 48 43 46 1 43 5 19 47 20 44 49 2 30 48 32 22 37 27 6 41 9 22 29 2 31 1 2 25 42 33 24 10 45
24 13 21 6 39 6 37 12 27 10 26 2 30 8 24 23 31 31 36 9 46 25 24 36 10 32 42 17 14 15 13 41 29 46 38 16 45 46 8 39 19 13 49 12 24 28 35 31 48 45
35 23 41 42 22 2 20 12 8 44 18 5 36 47 9 16 20 2 11 29 22 29 14 6 29 14 49 38 48 15 42 31 21 34 15 14 5 44 2 16 36 14 21 48 3 12 20 44 14 26
41 5 4 27 32 11 8 40 13 20 50 21 32 45 11 3 40 36 23 38 2 39 46 27 13 3 13 29 42 18 28 50 23 13 5 21 17 23 35 1 39 15 46 12 8 15 26 46 48 8
48 30 16 22 39 8 23 19 6 32 28 32 23 16 11 23 16 38 18 32 14 14 9 27 36 18 42 17 18 8 12 48 16 32 40 34 50 37 16 2 18 46 37 46 46 22 47 15 25 49
31 29 8 48 25 15 43 9 1 50 50 38 19 1 39 21 46 12 18 22 23 45 2 10 24 44 47 18 36 32 37 13 3 27 11 49 19 29 29 48 31 33 39 38 18 30 21 43 7 17
42 1 10 48 35 34 24 9 35 34 20 50 5 10 10 35 25 47 20 50 5 12 26 37 10 38 46 26 35 31 0 34 1 43 37 0 10 16 19 22 1 27 7 5 50 7 25 35 32 47
12 45 50 48 10 26 20 50 1 20 25 14 23 44 34 14 46 50 41 49 21 36 20 34 42 46 36 17 23 8 24 8 24 42 9 14 29 42 9 11 26 26 2 35 2 24 7 18 44 2
34 11 38 24 20 22 31 3 23 39 32 33 22 47 19 29 4 15 32 20 22 17 21 20 25 4 14 28 24 6 3 28 19 4 31 10 39 11 21 20 42 16 1 8 6 28 26 29 47 20
17 45 38 13 27 9 18 22 10 4 15 36 34 28 17 17 12 16 21 25 23 50 15 35 10 34 39 0 35 50 42 40 35 23 16 0 23 41 5 34 44 27 22 44 8 16 20 29 46 10
42 16 34 2 11 19 37 5 12 14 25 35 42 25 10 34 23 33 50 20 25 45 19 13 43 19 36 16 40 41 18 7 35 17 14 28 44 38 10 16 27 49 14 12 18 20 45 32 36 20
39 36 39 33 41 7 28 7 43 12 6 39 19 48 15 11 40 33 45 24 36 7 16 38 34 47 36 8 41 15 7 25 34 15 1 15 39 48 42 4 16 46 46 30 40 41 31 16 48 37
42 28 45 18 46 18 2 11 30 43 50 6 28 13 15 42 37 24 20 49 27 39 6 47 26 10 45 21 35 23 13 16 31 15 42 10 10 6 28 14 30 15 1 1 17 5 4 39 38 10
15 19 7 16 2 5 39 44 50 47 14 5 27 11 28 21 12 42 38 48 31 50 37 9 26 18 28 1 35 11 20 40 9 44 16 20 6 44 16 34 23 20 12 13 41 19 20 17 36 45
17 16 46 49 42 50 28 23 18 3 28 49 40 19 8 0 43 14 10 48 37 28 8 45 4 28 20 23 36 22 24 0 13 14 18 48 7 29 38 2 6 18 44 4 50 48 23 20 33 42
42 35 50 12 24 19 23 7 20 19 24 40 10 8 2 50 11 49 45 6 12 44 39 33 5 40 47 16 13 3 14 24 18 12 22 42 15 41 33 41 32 35 32 22 5 45 16 8 47 36
2 4 35 31 48 12 25 0 22 7 15 23 50 10 45 18 40 37 26 4 4 44 13 9 47 32 21 33 18 4 38 28 5 15 13 18 44 50 0 18 38 17 15 26 3 31 42 27 35 8
29 3 42 38 5 17 0 26 44 17 4 6 35 30 43 22 6 37 23 18 23 36 49 38 25 32 27 44 16 25 34 9 45 2 5 23 43 43 22 2 11 39 2 37 26 8 25 47 24 12
11 18 16 4 30 48 33 30 26 10 36 7 7 35 48 14 13 27 20 32 35 26 12 41 22 48 13 38 35 4 3 19 44 7 47 11 26 21 4 11 14 46 37 29 45 20 10 25 40 8

50
65380827133918247091099116173187265150758935668075
0 505
0 476
0 537
0 932
0 193
0 945
0 932
0 507
0 304
0 269
46 32 49 11 17 32 48 6 10 41 27 14 18 14 20 36 1 14 33 9 13 17 5 20 30 18 29 32 42 18 29 42 19 30 33 1 0 31 16 33 40 15 41 1 36 17 48 20 46 16
33 46 25 6 35 8 42 8 4 32 24 12 30 39 45 24 47 46 30 36 36 26 35 14 38 40 9 15 44 48 27 26 31 50 19 30 28 39 0 47 47 1 16 32 38 8 50 39 23 5
2 36 46 48 47 41 40 4 1 6 3 20 26 6 14 13 4 49 14 31 22 38 19 30 1 6 46 50 18 28 33 29 10 36 13 28 8 3 27 27 43 0 46 35 29 29 37 39 6 39
22 31 6 42 25 43 8 7 50 9 42 49 7 20 42 6 5 24 9 15 21 0 33 3 15 37 7 38 36 37 47 16 32 4 10 49 28 2 36 47 46 7 17 13 44 48 0 10 40 39
22 14 32 31 44 9 34 20 12 10 42 30 16 41 24 16 45 25 6 30 26 1 2 34 27 11 26 12 12 2 8 49 25 47 6 5 15 29 22 49 2 26 18 24 26 37 4 2 4 44
3 31 42 17 46 31 6 39 3 27 25 4 32 0 29 10 5 48 6 16 30 13 18 19 23 38 4 46 6 50 18 27 22 47 14 4 47 8 26 18 12 38 25 1 5 17 2 34 2 43
46 41 28 24 9 1 47 48 2 24 10 13 18 8 31 30 45 16 3 28 37 26 28 28 25 23 24 41 20 22 11 34 8 37 17 41 28 16 48 41 40 23 28 25 47 18 37 42 4 47
42 21 47 18 36 15 0 40 9 14 39 11 31 26 36 33 22 18 38 32 44 13 28 7 43 37 26 44 10 29 7 5 12 45 22 7 14 1 26 11 10 1 22 14 27 34 41 48 43 11
7 25 19 26 0 34 14 24 37 3 8 24 15 45 39 0 9 3 27 50 46 41 22 37 17 0 50 6 6 13 32 21 37 49 19 20 37 1 4 36 41 14 28 19 31 6 26 13 13 3
2 33 46 48 48 33 1 17 16 5 8 35 41 24 36 34 28 24 6 25 24 16 6 2 27 43 3 1 50 8 21 1 31 34 33 43 33 20 10 13 29 49 43 2 49 40 43 42 18 0
28 8 37 9 36 44 31 31 28 5 40 5 25 48 42 47 8 2 5 29 11 19 31 42 27 27 32 14 5 40 27 24 37 28 31 32 37 22 25 6 15 10 24 23 2 49 27 49 45 20
16 10 2 20 27 1 44 32 22 15 3 20 28 1 14 20 20 21 25 47 32 29 24 25 8 28 9 37 45 30 31 5 18 41 41 1 10 26 50 10 0 7 22 30 34 27 36 42 20 15
22 6 42 40 31 25 48 8 36 50 37 12 27 35 11 42 40 6 14 29 17 22 46 2 29 48 44 5 45 13 46 47 7 21 5 18 32 27 50 27 29 3 11 31 38 1 3 10 19 3
7 29 17 15 42 12 1 2 24 24 7 50 39 23 18 13 35 2 20 38 21 41 17 43 15 30 14 38 20 12 32 19 23 32 37 30 20 19 19 5 27 33 5 28 43 47 21 7 35 40
29 8 46 8 11 43 31 38 48 19 19 39 12 5 34 30 35 26 41 29 23 20 16 17 18 22 23 22 18 10 46 41 40 28 31 35 3 30 6 45 26 13 30 30 26 18 25 24 38 27
37 44 34 38 22 46 45 17 27 48 40 4 47 23 27 30 38 45 44 38 2 24 34 29 35 19 47 46 44 0 44 22 18 42 29 31 38 21 27 19 21 21 28 4 4 16 35 12 2 41
14 27 43 37 22 39 42 16 30 27 28 6 18 18 21 20 46 49 42 36 0 22 3 37 27 0 25 34 1 40 8 18 4 36 39 27 39 10 34 3 39 5 1 22 22 15 8 1 50 46
3 14 49 38 18 12 16 16 27 26 37 20 20 49 9 8 17 25 23 26 19 34 16 4 2 16 11 0 15 28 16 30 5 15 21 45 13 13 32 22 19 1 42 50 26 49 31 19 41 46
37 34 35 7 16 50 7 14 36 7 7 42 1 39 44 35 40 11 37 3 41 50 46 5 14 17 11 35 31 42 11 13 37 23 13 0 45 22 6 4 41 6 22 7 18 39 25 2 18 50
11 42 43 6 42 18 21 31 44 45 25 8 45 16 47 2 20 35 19 32 1 35 40 37 24 38 39 48 48 11 43 11 38 11 18 27 1 28 25 35 37 14 39 2 45 48 35 19 39 29
11 42 36 36 16 4 4 41 39 41 46 9 16 15 14 20 7 28 14 36 5 20 7 1 27 37 27 13 16 37 35 0 0 43 36 1 50 31 4 24 29 45 19 8 13 47 43 19 5 28
0 28 39 40 47 12 2 4 49 30 25 12 46 14 0 34 22 10 11 3 16 44 25 17 3 29 1 32 26 37 15 0 24 48 19 40 47 26 37 26 0 49 39 42 37 33 2 12 25 23
44 2 7 26 27 42 50 28 18 40 14 45 47 23 9 28 36 34 0 44 5 0 16 5 3 40 48 16 8 34 38 41 9 48 48 46 13 9 19 22 48 28 12 42 15 25 45 32 50 1
29 14 18 7 41 22 13 37 45 22 26 30 45 45 39 2 4 2 24 13 16 36 40 49 50 20 47 43 6 13 13 37 26 35 41 5 5 4 30 28 45 7 46 14 15 28 33 19 26 41
27 50 4 8 42 43 3 23 46 39 11 6 24 1 11 25 23 4 34 20 33 26 16 23 38 0 35 21 39 45 30 29 50 19 36 9 19 20 7 38 25 31 38 7 0 26 33 0 18 20
10 19 48 11 27 21 33 9 0 37 19 40 41 6 26 28 29 22 8 5 41 29 30 17 25 23 4 3 37 28 40 48 6 16 47 4 21 25 41 40 22 49 8 6 30 39 21 35 38 12
12 14 12 30 37 47 30 45 17 19 21 42 32 9 10 32 43 42 45 30 4 17 0 16 38 15 47 12 9 28 29 34 32 4 28 24 30 23 45 23 16 27 36 30 21 35 22 49 47 2
43 6 49 50 21 34 3 0 39 34 44 21 10 49 12 0 24 42 27 31 27 23 47 20 29 48 41 1 27 33 10 6 11 44 32 22 37 5 26 41 6 36 12 13 26 29 40 44 33 8
49 33 45 13 23 9 1 27 30 22 3 40 7 39 24 7 42 24 34 21 41 28 0 48 34 2 34 32 23 40 41 26 25 18 34 2 32 22 4 46 39 35 40 5 33 2 3 9 0 47
16 5 5 24 49 20 8 16 5 1 41 13 8 43 20 8 12 7 1 50 40 3 19 7 15 28 48 43 23 33 35 14 24 43 46 28 1 4 46 13 24 15 39 2 48 30 1 26 17 31
31 28 35 48 8 37 44 15 7 20 8 10 30 26 10 4 10 9 38 21 34 30 12 11 35 15 47 29 47 0 20 36 13 32 19 1 50 49 32 11 15 35 35 47 30 38 18 44 38 27
37 40 21 30 33 38 40 24 18 33 37 11 32 19 37 4 45 7 20 22 46 20 17 32 3 19 32 32 2 28 39 31 28 29 37 33 34 3 9 42 1 3 12 47 29 40 9 5 19 32
0 40 42 3 28 20 42 2 44 21 6 31 19 13 41 3 16 38 3 2 19 50 12 29 23 44 22 39 33 33 21 14 6 42 39 36 7 26 2 45 2 24 38 14 27 7 33 25 2 20
41 39 12 44 41 16 47 48 38 22 3 29 34 40 9 16 19 27 36 43 13 16 3 34 41 23 31 13 35 30 22 35 11 50 31 13 2 24 18 30 16 27 12 2 39 43 13 11 4 19
13 2 4 9 24 50 49 14 21 22 30 26 30 18 18 11 6 12 17 6 33 42 34 0 21 2 44 31 28 48 28 44 31 6 6 16 50 26 9 29 3 40 28 44 17 34 25 31 44 12
0 39 15 14 6 3 33 19 34 34 23 6 37 38 28 47 25 23 20 45 7 17 6 18 10 37 29 23 12 30 14 50 48 22 23 4 13 29 50 36 43 2 21 43 43 28 13 6 16 18
10 41 40 42 27 21 15 5 20 33 48 12 12 4 27 28 45 2 23 5 38 0 31 13 30 43 18 22 12 35 39 7 25 4 19 23 5 5 1 24 24 38 34 16 49 22 11 1 29 24
15 23 14 2 10 37 39 21 26 17 24 49 0 50 1 31 21 44 4 19 6 13 35 18 43 19 30 13 45 36 1 40 35 5 10 49 43 20 17 48 17 16 12 4 35 21 10 15 7 20
3 2 43 17 26 31 4 4 7 32 26 20 25 24 38 12 4 37 41 30 46 43 28 10 13 1 28 26 26 12 31 4 28 10 48 28 28 39 41 18 2 21 0 43 15 6 20 13 19 32
18 31 6 9 14 50 9 3 15 12 8 25 30 34 48 16 37 9 6 33 9 15 3 44 44 15 49 45 15 39 21 39 40 13 43 27 38 19 24 19 32 27 49 39 7 31 26 9 49 50
31 32 32 11 22 25 30 19 5 49 47 27 47 4 45 36 3 31 4 40 1 46 41 39 44 42 30 29 23 44 25 31 2 36 44 32 10 36 34 11 26 35 23 4 26 17 24 33 45 8
4 43 31 22 31 16 23 27 2 44 41 41 30 12 33 46 45 38 44 34 31 46 29 48 44 32 36 7 46 36 3 1 44 18 46 30 15 24 49 14 43 30 27 40 7 48 38 19 45 25
40 23 23 47 43 34 47 28 46 21 26 22 26 31 41 44 50 15 34 25 39 30 31 24 25 20 26 41 41 16 20 26 10 20 12 15 27 21 31 25 20 21 9 19 40 48 27 28 39 18
1 2 20 1 38 0 46 1 1 40 47 1 33 30 15 9 3 22 50 15 35 37 44 11 39 0 3 4 48 19 31 18 9 15 25 13 45 16 21 48 6 45 19 43 10 40 29 17 0 35
33 27 11 42 18 12 9 14 33 9 35 24 14 11 24 19 44 0 23 16 0 37 34 0 29 12 44 17 49 9 31 48 8 44 50 24 44 36 42 27 2 24 11 33 43 35 40 17 47 31
32 3 5 38 32 50 26 37 8 7 15 46 2 24 14 34 2 5 37 35 33 7 15 14 12 50 42 19 49 36 15 48 45 42 26 38 46 8 19 20 23 19 40 1 46 0 20 44 13 16
36 4 4 21 10 49 34 34 8 35 45 47 7 50 47 4 47 15 48 40 0 22 42 19 0 42 18 38 27 24 35 25 47 5 4 3 6 0 39 35 31 44 50 23 18 13 36 1 47 14
37 5 16 4 6 8 24 24 2 43 21 28 38 32 46 41 7 41 30 22 1 34 46 24 7 6 22 22 26 1 48 20 13 14 49 35 25 0 28 24 32 46 16 41 26 50 28 4 11 14
40 21 36 24 29 47 41 15 25 8 42 34 45 36 0 22 32 34 16 18 26 32 16 24 11 49 21 25 9 31 43 31 25 30 16 32 29 47 22 38 18 14 22 39 50 3 25 8 36 25
39 44 26 29 42 4 11 17 5 14 0 48 28 18 9 40 33 20 16 26 24 10 46 31 20 15 45 34 12 25 38 11 12 45 32 14 44 33 28 17 25 10 30 22 42 26 22 42 14 40

50
13779816809843061578229701097110007071971475931039
0 283
0 854
0 806
0 23
0 156
0 166
0 781
0 633
0 852
0 883
12 26 35 22 34 15 39 41 3 33 23 3 30 8 7 10 11 40 10 48 23 45 29 44 44 0 36 5 5 31 50 31 41 41 1 6 6 49 28 49 10 45 41 2 39 43 4 37 28 14
2 39 18 46 15 23 25 43 28 2 12 24 40 36 48 2 12 48 11 37 49 2 24 48 20 3 42 30 8 3 36 34 49 25 40 35 6 19 33 31 47 16 20 13 14 16 37 49 15 6
4 15 21 5 46 47 4 1 3 6 0 2 36 28 44 23 18 24 26 22 0 0 49 14 7 46 18 19 31 23 31 32 19 22 18 12 13 7 10 10 16 2 15 6 44 8 31 15 38 48
27 27 49 18 33 29 29 37 4 17 13 8 21 39 13 13 23 7 5 26 19 36 22 22 48 18 35 0 44 26 31 12 19 33 11 40 17 11 41 28 31 15 3 20 19 37 18 46 25 4
36 14 11 23 14 18 22 40 1 37 39 21 6 49 21 44 35 3 39 29 48 34 40 45 14 9 28 23 20 47 46 22 10 40 7 34 11 15 21 8 48 11 15 8 49 6 9 14 32 35
7 40 6 39 6 41 42 12 19 15 28 43 38 29 20 34 28 49 33 10 34 9 15 28 43 10 43 39 38 7 24 44 24 43 26 2 8 44 50 0 9 43 4 7 36 29 22 10 33 37
25 23 33 12 10 1 34 18 26 40 21 37 50 48 37 29 39 4 8 24 36 7 34 5 9 37 8 48 8 18 4 35 8 47 46 10 26 5 49 38 10 32 6 22 34 30 35 32 3 26
28 2 39 48 24 16 5 25 30 46 11 19 18 20 31 47 33 29 47 50 38 16 7 32 20 9 41 3 30 24 31 43 17 5 35 24 4 8 31 39 6 34 2 33 46 40 40 34 12 49
41 29 0 18 32 30 24 26 47 45 3 46 31 27 35 40 15 24 46 28 0 17 27 2 14 40 25 2 7 46 33 49 18 48 27 50 23 15 8 26 43 38 4 3 40 29 47 39 31 20
36 13 3 23 36 24 18 30 44 10 9 40 28 18 25 22 31 33 21 23 48 46 32 4 1 47 21 16 0 42 24 20 8 46 30 14 37 44 0 29 29 33 21 48 34 20 48 25 41 6
43 11 22 47 31 25 35 38 11 31 26 16 25 41 43 21 48 50 13 41 9 49 4 30 43 47 23 26 10 18 35 23 28 11 22 47 45 42 38 9 26 39 34 32 25 35 36 28 48 7
33 22 32 35 40 29 26 40 48 32 48 22 30 32 20 27 15 42 17 3 38 32 2 1 20 15 5 42 30 21 48 17 43 23 42 43 46 22 24 24 43 41 12 43 42 19 37 9 30 31
30 22 7 46 33 4 33 44 37 34 37 20 17 27 0 7 4 39 32 18 14 21 24 8 17 44 31 39 24 33 0 19 3 20 39 29 33 5 6 1 0 44 12 13 25 11 17 43 45 0
23 44 26 26 41 20 12 28 25 11 25 45 43 38 19 2 45 31 44 11 4 50 18 41 8 3 16 41 13 27 29 13 17 15 14 5 50 39 15 6 21 23 11 38 29 50 0 37 4 11
9 48 0 4 24 3 21 37 38 7 41 37 33 0 4 17 35 49 13 33 2 23 38 29 2 4 42 44 31 26 19 26 48 42 22 10 15 46 13 25 35 2 8 26 25 42 20 50 44 17
26 23 17 12 12 22 48 36 16 41 35 31 10 46 27 17 31 15 27 14 19 19 7 14 6 4 35 6 19 2 49 47 15 36 13 39 1 40 20 17 48 14 48 48 41 32 19 19 45 22
34 47 46 14 1 4 7 34 30 21 27 8 6 44 14 25 8 30 31 34 16 10 12 15 44 10 22 39 19 43 13 37 24 10 13 48 18 31 42 6 17 48 11 18 1 14 40 23 35 22
47 48 38 21 43 26 37 36 31 11 23 3 18 20 48 36 43 45 31 26 47 17 40 33 11 48 18 10 14 43 38 12 14 43 10 6 6 30 28 27 41 8 29 40 25 10 18 36 45 24
41 44 15 42 7 11 9 1 43 7 44 0 50 34 44 20 7 18 49 43 31 21 46 11 35 40 28 1 13 11 1 21 25 10 50 33 39 0 35 5 9 29 39 16 43 27 14 23 8 33
50 5 24 16 33 37 40 12 6 40 48 21 14 11 10 1 6 48 47 2 33 48 7 47 20 13 24 20 25 36 14 48 21 42 49 46 8 47 44 14 20 26 25 11 6 39 25 12 27 22
0 31 47 10 21 26 38 20 19 26 44 9 5 34 6 0 34 2 24 16 20 25 37 16 39 38 16 12 22 40 7 47 13 10 37 16 42 11 0 43 39 18 8 37 9 10 31 12 48 41
26 41 24 48 29 17 18 39 30 6 32 24 27 41 33 22 9 3 33 13 23 43 32 2 27 1 6 43 3 11 45 23 30 28 4 6 4 43 32 42 2 14 35 32 21 26 48 36 14 27
8 46 29 9 36 24 27 28 2 20 37 33 20 50 45 5 15 50 26 8 37 5 8 18 38 24 10 5 34 6 46 11 10 16 20 35 1 10 4 7 30 4 3 20 5 2 26 40 10 22
14 10 3 28 15 44 21 13 42 34 4 46 20 16 29 31 9 43 18 24 50 50 20 4 6 42 23 2 24 17 44 18 21 22 40 13 13 31 18 6 50 22 12 29 44 50 8 21 16 8
40 40 25 2 32 27 34 23 31 1 5 9 21 26 5 23 43 29 8 14 39 9 48 8 24 16 47 30 15 12 38 12 32 41 34 7 23 28 0 41 0 42 33 10 23 10 36 45 21 24
4 42 41 25 7 34 42 26 0 46 44 4 35 40 47 46 27 47 4 32 7 3 45 20 42 28 31 33 33 22 1 12 23 28 34 4 32 47 34 12 50 26 14 45 46 1 29 34 22 44
37 16 37 46 9 49 32 37 29 0 3 47 42 40 4 31 4 47 31 20 31 16 29 16 20 28 15 41 33 19 36 13 4 26 2 7 35 46 27 2 49 21 35 36 44 38 37 23 15 22
22 10 26 12 47 27 9 47 49 28 3 26 24 36 47 8 25 6 44 16 16 33 50 47 21 13 45 23 24 45 28 0 5 50 1 35 28 37 30 42 6 13 21 14 15 11 50 5 32 43
27 26 11 1 17 31 40 4 22 24 17 0 31 49 12 24 3 30 19 42 2 25 5 24 9 2 32 28 3 6 8 14 35 24 18 24 37 22 50 42 39 26 10 14 11 5 5 25 39 1
34 50 1 34 21 19 24 47 16 41 47 1 48 30 34 48 12 31 45 17 40 7 24 27 18 50 37 8 5 48 32 18 34 16 26 50 34 8 14 11 29 48 44 25 46 47 27 17 36 47
29 10 34 42 20 35 23 11 22 41 15 16 15 28 47 33 1 3 33 34 14 22 26 11 12 36 37 2 31 12 29 34 1 44 10 11 29 43 4 20 33 11 45 32 14 42 21 35 29 25
14 13 23 13 8 12 42 40 7 41 0 24 0 25 26 33 8 37 20 27 9 41 36 23 35 2 40 6 1 24 35 40 31 46 3 31 46 21 28 41 2 32 5 29 3 16 43 14 19 44
25 2 6 2 50 5 35 37 42 28 24 45 47 46 17 32 4 30 28 26 36 15 25 0 26 13 9 47 17 24 45 36 11 15 31 0 17 7 50 26 9 23 23 29 43 41 39 4 40 27
39 6 11 37 8 0 7 24 12 21 15 45 18 21 13 26 15 48 9 2 42 38 18 17 49 29 1 44 47 23 37 48 6 32 49 3 45 14 34 41 21 11 3 6 3 37 27 1 34 22
21 11 6 44 8 49 48 11 4 45 20 25 10 1 4 40 18 7 5 4 0 33 19 5 0 13 48 21 9 21 33 19 22 27 46 44 9 11 11 35 4 36 48 29 38 12 26 33 43 42
49 35 43 50 5 32 50 40 4 48 35 47 28 24 10 40 43 21 36 41 25 50 36 28 48 5 37 35 33 6 43 22 34 26 9 30 27 37 45 35 10 37 39 5 28 42 8 13 13 31
43 0 18 47 3 5 50 6 38 36 32 21 17 34 6 27 36 46 47 32 4 20 8 43 21 29 12 41 14 34 31 14 50 46 42 33 42 26 36 36 33 17 24 30 15 39 18 38 22 2
26 21 27 40 23 46 43 38 28 6 1 35 50 10 36 38 38 34 34 20 48 1 4 15 4 27 10 44 1 41 31 20 42 49 33 7 12 31 4 36 19 16 22 49 32 15 47 24 46 15
39 15 8 40 47 2 40 47 28 28 49 21 39 25 43 27 20 41 13 38 20 12 49 38 24 3 47 4 41 37 23 33 43 38 23 43 17 36 39 15 46 21 4 43 9 5 47 33 11 50
23 35 18 44 49 7 36 1 45 30 12 45 50 11 6 8 3 31 38 8 32 28 13 23 0 24 21 34 42 36 30 18 20 44 38 37 46 26 9 18 8 26 49 0 45 39 17 50 18 27
44 46 42 17 9 32 48 9 15 44 34 21 2 28 40 14 33 39 35 36 47 23 3 26 19 17 1 49 36 30 45 35 6 37 13 36 12 19 13 2 46 28 0 15 2 36 24 27 21 30
8 46 28 39 27 23 12 44 31 12 28 14 15 36 38 30 8 50 27 2 25 31 31 16 12 12 32 43 21 41 7 24 0 33 32 30 33 33 1 12 14 44 7 17 46 40 13 31 35 17
33 23 14 3 25 20 9 21 43 49 38 18 10 49 16 37 39 39 33 32 23 18 1 48 12 24 33 11 19 10 45 40 11 46 46 33 49 14 1 44 39 2 39 0 37 12 4 44 6 27
45 45 5 15 11 23 10 20 5 20 32 19 34 9 43 6 16 9 35 34 45 22 48 48 16 33 32 38 10 25 15 4 17 27 10 15 10 31 43 37 1 38 16 48 20 7 35 14 4 30
28 20 11 41 50 2 0 41 29 30 46 25 48 5 9 14 16 20 30 2 0 2 12 40 24 18 37 34 21 27 47 43 37 4 21 25 23 8 25 0 25 29 45 50 38 35 9 20 39 37
25 33 3 44 14 7 47 15 16 4 36 48 9 25 9 1 36 41 1 4 5 19 30 13 34 48 46 21 40 36 6 11 43 9 19 12 14 49 12 31 32 27 38 29 43 9 5 35 41 22
41 50 15 9 42 18 36 11 6 41 27 34 37 48 1 37 44 29 28 2 40 47 29 49 38 47 4 6 0 38 36 17 47 29 36 36 48 15 42 45 29 16 8 39 36 35 12 10 46 39
0 9 35 25 19 11 48 47 33 6 6 33 19 19 30 22 4 16 46 11 37 48 27 45 50 5 21 24 7 15 49 36 11 42 14 16 39 19 29 0 49 2 47 24 6 8 50 10 14 24
0 23 2 35 37 45 26 16 25 25 12 5 22 7 46 24 38 30 38 23 19 25 4 17 37 26 8 35 38 44 19 35 40 28 15 12 47 8 19 8 18 33 49 27 15 18 46 8 50 9
40 34 33 11 10 2 28 14 4 39 8 20 26 31 26 39 16 26 47 25 16 49 35 2 4 38 1 29 37 29 8 10 11 9 34 21 9 12 37 24 22 26 21 40 0 46 12 26 48 17

50
30898888001328969175985734118610483419570953565792
0 590
0 95
0 90
0 70
0 444
0 814
0 581
0 27
0 552
0 197
18 48 15 4 3 35 8 16 34 48 14 46 9 33 37 41 35 2 42 30 19 29 4 5 26 5 21 19 46 34 18 41 25 9 24 47 17 50 37 29 19 40 49 13 39 0 30 46 47 18
4 37 37 16 13 5 6 17 4 31 41 9 18 33 20 13 6 6 0 21 5 13 26 19 29 36 50 5 14 27 20 22 4 9 32 2 12 21 30 20 3 32 18 35 22 32 13 17 14 4
20 30 28 12 41 15 49 38 2 23 36 31 50 18 32 6 36 47 34 13 27 27 11 18 18 2 6 15 29 23 1 11 49 35 7 24 40 0 4 14 38 14 3 40 19 29 30 6 14 10
48 49 50 15 49 13 7 11 35 20 40 47 50 17 43 27 33 12 21 9 40 36 5 38 12 44 36 43 39 39 38 33 40 30 44 32 37 8 14 9 38 42 11 23 37 38 15 21 7 22
3 48 2 44 34 11 48 21 25 37 29 4 12 35 5 23 48 38 47 20 48 29 4 13 4 26 46 34 36 17 49 9 49 6 14 4 37 3 8 33 8 8 20 26 22 40 8 26 21 9
1 37 22 3 41 27 23 23 8 16 31 37 36 16 39 0 48 28 7 11 30 2 49 18 30 0 36 0 20 48 19 17 24 19 38 20 40 8 18 47 33 42 10 38 37 44 49 31 2 26
47 14 37 11 7 47 32 46 27 48 29 33 39 48 15 26 22 47 32 47 32 20 28 41 41 26 33 4 25 15 2 5 40 17 43 27 36 11 47 4 5 42 36 10 0 0 48 14 38 2
37 14 4 35 3 16 44 14 46 45 9 41 23 46 0 30 23 2 34 0 20 14 7 21 4 45 14 22 50 38 4 12 38 43 43 48 43 18 24 20 31 47 34 8 40 1 28 43 18 24
18 16 28 12 32 30 36 37 13 46 19 50 47 29 6 26 0 6 9 46 46 11 12 28 31 11 6 48 25 21 4 17 28 27 17 8 29 15 22 45 49 22 11 47 50 11 1 42 24 1
40 17 26 13 47 17 48 9 50 32 3 39 50 14 44 45 39 35 35 1 42 14 18 46 29 27 26 45 47 28 6 14 20 2 43 27 34 24 27 2 47 0 6 47 32 7 42 19 43 20
43 44 11 27 10 50 50 37 24 44 1 33 32 17 40 44 28 12 10 50 8 34 3 22 37 22 45 0 19 46 30 43 0 2 36 46 37 9 29 16 23 28 15 42 6 49 12 2 47 1
23 49 23 38 49 38 24 50 43 32 16 32 2 2 16 38 34 23 27 17 48 33 8 45 26 46 32 14 28 42 21 36 38 42 50 38 40 11 35 17 21 26 42 6 40 21 0 18 13 43
5 31 35 22 23 22 35 24 1 12 3 45 32 33 4 30 8 1 31 4 41 16 38 17 27 9 44 20 0 37 17 2 15 1 50 45 19 40 31 43 31 3 5 17 14 42 36 29 15 11
6 1 45 41 11 23 45 27 20 43 43 20 7 6 21 44 25 35 1 7 15 23 28 46 49 15 11 11 11 11 7 18 50 35 7 41 3 24 14 8 22 2 38 46 27 48 29 41 17 48
10 13 31 27 47 32 29 40 24 23 46 9 38 36 17 7 48 45 10 33 48 20 7 14 25 19 13 26 18 43 12 36 17 1 4 22 34 0 13 41 10 10 45 44 33 48 22 22 39 33
16 1 4 21 8 40 4 28 39 29 35 38 45 26 50 41 29 39 34 31 49 15 33 12 49 18 35 26 22 4 39 16 47 38 36 35 30 10 31 12 15 27 19 9 1 42 18 9 36 17
32 19 28 8 15 45 14 47 36 38 3 1 11 36 14 11 14 3 33 9 43 40 43 27 10 4 42 29 16 34 18 5 36 50 49 12 9 3 10 28 41 39 5 7 26 35 17 29 30 33
26 15 8 9 8 47 36 14 6 32 17 48 32 15 46 1 7 17 26 38 45 22 29 0 40 16 38 35 21 29 45 49 43 28 4 21 39 38 22 18 5 17 28 14 49 17 33 46 2 38
34 2 37 50 23 39 44 18 30 13 1 38 37 41 20 49 40 7 25 37 39 14 4 25 10 49 27 15 37 41 32 32 5 4 22 38 14 33 8 25 20 25 0 15 9 14 44 49 30 27
44 43 25 16 18 15 38 20 39 0 18 41 20 34 25 4 46 3 40 31 23 50 33 4 45 7 4 18 27 22 23 17 12 11 39 30 11 23 10 2 45 24 4 39 18 0 3 44 19 22
4 20 30 49 49 15 28 19 37 42 32 37 49 20 33 10 34 27 27 33 39 50 42 46 46 19 26 34 39 41 42 2 34 32 19 4 4 49 28 44 15 16 22 32 17 35 0 45 33 45
5 21 14 16 43 39 10 9 45 11 7 19 50 15 24 36 34 45 22 25 15 29 17 13 38 46 49 7 47 25 3 38 15 44 11 14 47 6 9 28 3 5 44 6 16 43 39 21 42 21
29 46 46 38 40 47 19 12 44 20 38 26 32 27 26 49 8 7 44 16 2 7 4 39 42 32 34 50 38 16 13 34 6 39 13 17 27 21 7 15 35 4 35 5 25 50 5 8 45 38
34 46 40 25 1 5 48 32 0 35 23 16 17 28 24 37 28 22 38 34 20 35 38 21 6 5 33 10 25 46 16 4 7 4 44 22 0 21 18 44 9 12 19 34 0 48 3 1 10 20
5 48 23 25 23 12 13 32 1 2 4 27 48 7 18 42 4 7 31 27 17 10 12 2 18 21 32 37 50 23 20 39 3 41 11 10 45 47 2 48 46 13 43 44 22 1 6 37 33 31
24 34 39 5 0 36 8 49 36 8 25 47 31 40 4 35 30 15 14 25 34 1 25 46 36 9 33 47 2 34 33 34 38 27 34 27 30 4 20 27 36 50 50 46 3 44 47 42 21 9
50 21 33 2 44 45 8 35 26 3 0 9 6 25 30 39 39 30 18 35 31 9 28 22 50 46 38 10 41 40 33 13 0 18 35 20 49 45 33 29 8 41 4 0 45 2 9 24 43 23
22 39 35 40 39 7 33 30 22 5 39 23 12 42 49 27 44 8 35 24 10 23 14 2 10 4 38 32 36 37 44 18 10 13 23 27 19 35 40 6 31 7 40 4 4 10 9 37 45 32
39 25 15 47 38 40 0 5 43 46 44 0 23 6 17 41 31 49 18 9 43 15 6 29 11 11 35 30 27 38 43 41 44 8 26 27 7 30 47 20 39 42 19 39 41 33 14 38 12 24
39 5 47 49 24 17 42 37 0 10 5 5 1 20 0 26 19 37 30 30 7 1 47 35 24 48 44 46 10 34 41 10 34 47 13 4 1 6 37 17 3 33 5 39 0 39 4 19 47 24
44 27 32 39 35 32 22 21 31 49 28 13 11 36 32 3 11 6 42 14 23 3 17 28 43 43 32 28 23 22 39 35 48 10 4 30 12 5 0 49 11 48 29 26 35 42 37 45 15 36
38 19 48 15 18 22 44 26 26 28 15 11 50 34 46 24 25 7 35 44 49 21 25 29 38 5 20 36 3 36 33 1 47 35 0 36 9 16 37 0 0 13 11 29 9 39 49 16 5 41
30 27 7 23 19 6 42 43 44 20 12 17 4 39 36 36 15 43 44 7 38 35 39 47 9 32 50 36 49 39 23 8 15 29 16 13 49 24 42 18 27 10 21 24 26 15 40 4 24 2
24 16 41 48 35 22 31 47 27 9 47 23 41 0 7 35 17 50 24 30 3 44 12 14 11 16 2 0 1 11 24 50 5 10 23 12 48 20 11 39 50 20 1 2 10 14 38 28 2 11
39 23 1 17 8 31 41 1 17 45 32 8 9 35 18 32 44 34 49 8 10 15 0 22 50 15 50 36 11 0 16 50 44 36 31 50 22 2 20 32 16 24 29 38 43 49 17 42 45 45
48 38 5 50 14 44 14 5 36 34 50 44 26 14 21 0 42 8 27 10 32 12 21 22 0 47 8 0 35 1 0 3 18 19 43 34 26 11 49 44 11 37 22 34 2 2 10 31 29 23
18 27 38 15 41 50 23 47 32 39 4 22 40 1 21 50 40 24 46 23 11 30 7 11 39 16 41 35 32 45 48 32 33 19 24 40 13 45 7 32 37 5 8 7 50 8 33 36 5 43
37 0 21 44 42 6 7 30 11 28 41 36 42 35 32 42 2 4 34 2 5 6 12 32 5 36 27 45 41 19 22 31 10 12 28 18 22 32 3 50 11 48 47 30 18 42 41 19 10 3
7 45 29 37 46 43 6 36 46 40 21 27 15 43 31 0 37 40 18 7 23 23 40 32 43 5 48 21 33 40 38 2 42 23 5 21 41 3 22 31 16 22 12 22 2 2 35 5 38 24
40 41 5 33 44 16 2 20 39 30 50 34 23 12 30 17 26 48 50 20 39 17 3 1 20 27 25 49 14 11 24 42 33 21 12 35 24 9 34 35 14 5 2 50 31 47 21 38 43 11
40 41 43 15 5 16 8 48 41 10 10 4 26 42 34 23 20 20 29 15 50 41 34 24 22 49 3 12 20 47 24 16 26 29 23 17 27 35 33 2 1 35 11 43 26 0 40 34 29 24
11 15 46 32 47 47 36 12 5 15 17 11 50 4 42 42 18 12 28 1 36 46 32 10 12 29 16 0 38 49 7 24 22 7 25 30 40 17 37 37 33 35 30 29 38 27 15 26 44 39
30 18 23 38 24 15 5 43 45 26 2 49 42 13 38 18 48 38 38 43 40 9 25 22 12 22 19 20 18 20 12 32 6 37 40 4 39 48 7 8 44 43 23 1 42 25 38 18 3 37
4 12 3 33 4 27 48 21 40 31 19 29 17 48 16 17 18 2 7 18 41 23 24 44 26 32 6 36 26 25 18 12 42 3 33 4 13 19 2 8 33 14 28 50 26 18 49 19 29 50
33 30 50 34 32 25 0 28 9 37 7 8 22 26 40 27 25 36 49 44 0 20 20 13 27 20 30 21 1 10 6 1 33 4 28 33 44 13 0 35 41 38 37 31 3 48 1 28 48 4
32 19 20 47 35 29 41 44 48 8 27 35 49 21 49 28 0 36 43 13 17 11 36 38 21 4 7 22 44 39 13 6 35 8 0 33 2 24 41 17 49 26 38 40 41 32 13 2 38 32
46 8 4 22 49 3 43 40 35 26 47 50 29 1 30 25 35 28 33 46 16 26 28 23 26 3 33 44 8 22 15 6 49 13 32 22 6 44 33 19 45 12 28 39 19 43 43 27 0 32
25 25 27 0 6 15 17 8 36 50 6 25 4 44 33 18 3 48 25 5 2 47 3 16 20 44 32 48 21 50 31 27 43 31 0 34 31 47 43 12 26 30 24 35 33 25 35 43 17 21
20 6 11 26 35 24 17 34 32 3 41 46 40 50 13 41 36 39 48 30 16 7 42 24 25 23 24 30 24 38 2 25 23 27 43 7 43 1 1 43 3 37 3 20 0 10 24 17 25 43
32 26 9 34 11 6 16 48 6 10 26 32 7 2 39 42 8 40 15 44 20 12 0 40 10 48 18 31 30 7 33 39 32 21 26 14 24 37 49 10 31 14 23 6 15 32 12 39 46 17

50
96790800780080041422422786787846035674762693979049
0 933
0 974
0 775
0 222
0 421
0 343
0 527
0 207
0 266
0 847
27 19 10 24 37 49 22 47 22 4 23 37 29 22 9 40 44 32 26 46 5 11 0 28 15 47 32 47 30 27 48 38 46 18 15 7 37 4 37 7 13 40 27 33 38 48 17 23 1 6
1 20 12 30 21 10 48 42 27 25 30 15 0 12 31 38 3 46 44 42 23 3 25 9 50 1 15 24 18 22 0 17 19 45 19 44 29 47 47 27 31 19 46 33 41 35 38 15 48 6
15 46 11 0 39 10 37 13 8 46 31 37 47 24 27 0 40 40 14 25 29 8 5 27 17 42 9 39 49 34 26 34 47 33 50 34 6 8 15 42 1 45 45 8 23 11 34 48 1 44
9 25 13 13 20 1 47 39 43 23 22 27 26 28 22 34 7 29 35 46 44 16 39 37 41 20 38 34 3 25 46 13 19 42 41 47 48 20 50 36 20 29 43 22 13 15 15 39 47 1
29 10 41 44 32 23 48 21 1 20 33 24 25 45 14 14 33 6 48 19 6 25 42 13 19 23 13 4 9 21 27 10 46 38 27 9 3 40 12 25 23 46 24 42 7 42 15 20 6 15
34 9 33 36 26 50 37 28 34 31 30 15 24 29 18 38 35 3 16 34 25 15 14 35 38 28 24 18 32 4 34 43 27 35 10 32 39 3 8 11 38 33 13 42 11 25 29 14 1 45
44 37 24 39 11 34 16 37 42 25 47 6 36 6 6 15 7 38 36 6 45 16 47 30 36 5 28 4 38 24 20 31 24 15 13 11 26 11 9 1 46 48 10 25 8 22 33 50 7 13
21 30 34 12 37 20 10 47 11 17 30 16 45 13 34 47 18 13 22 34 24 35 2 31 19 33 26 3 49 44 30 2 17 40 40 14 46 30 14 15 15 3 14 42 31 49 13 18 8 17
14 42 48 27 49 4 11 15 11 8 3 1 34 10 16 15 25 35 13 14 37 47 42 44 30 47 47 45 15 2 23 37 16 45 0 22 4 35 24 50 14 22 2 13 42 28 29 29 8 34
13 31 8 11 33 37 11 26 39 41 30 7 20 2 44 30 36 20 32 22 35 3 8 26 11 41 14 3 36 19 27 22 3 46 45 41 4 21 49 47 11 4 39 24 29 11 39 27 14 22
1 27 43 12 21 47 50 31 50 24 38 42 0 29 47 49 26 0 14 29 4 23 2 31 33 7 47 0 43 18 50 11 2 46 16 3 4 37 46 5 8 33 5 41 45 34 11 12 21 16
41 6 45 18 4 47 44 18 16 0 49 29 18 47 35 36 17 45 9 44 9 16 18 13 28 6 29 39 26 35 36 0 30 43 7 42 44 3 16 6 24 5 26 37 50 18 11 11 4 45
40 16 31 20 42 28 40 16 20 41 50 20 40 23 26 17 37 2 28 36 33 3 26 4 18 13 5 45 7 50 3 30 26 47 37 1 4 5 43 16 16 38 49 28 18 42 14 2 22 31
48 30 39 5 23 25 21 2 6 22 14 38 37 16 20 2 5 24 23 5 37 43 11 49 45 17 41 47 26 36 7 3 23 27 45 39 36 38 5 25 30 26 35 47 45 39 30 23 0 5
0 49 14 24 27 42 46 31 43 42 11 21 36 22 9 47 47 18 29 4 44 21 34 38 10 35 38 47 36 19 42 16 3 18 37 31 35 30 11 11 23 37 17 4 26 11 18 11 5 43
38 2 32 3 9 42 46 18 20 6 21 28 32 34 11 29 12 23 33 1 38 7 42 6 6 48 50 40 40 50 46 46 41 26 19 34 3 49 8 23 18 1 42 5 29 11 43 8 41 3
47 41 0 47 24 6 15 4 26 3 27 42 30 47 10 36 31 46 22 27 5 39 49 30 9 33 24 7 28 18 18 17 49 6 7 36 7 4 46 44 27 18 36 49 34 0 16 9 41 46
27 47 32 37 1 33 30 11 16 33 14 5 35 48 14 3 0 8 19 3 47 3 26 47 4 34 21 21 20 14 25 13 37 6 44 0 34 42 42 42 35 31 7 2 26 22 46 8 0 30
23 40 10 36 20 27 30 16 44 8 4 37 34 24 2 35 39 22 0 31 29 48 17 46 5 0 21 34 19 49 13 16 48 39 26 34 8 44 40 42 17 22 46 28 21 3 6 40 0 30
46 14 29 0 31 25 41 28 18 44 39 47 50 16 33 33 49 9 15 28 20 12 45 34 40 4 15 24 40 33 2 37 14 49 5 16 29 49 13 48 12 1 5 23 28 4 33 14 5 13
43 10 12 7 45 21 3 0 43 3 24 28 29 42 14 32 46 13 19 21 34 31 40 23 0 22 49 10 16 37 43 14 16 17 15 35 21 26 46 18 35 11 39 20 31 2 2 27 13 3
42 30 0 12 34 45 28 9 45 17 13 14 26 22 38 24 11 33 43 24 47 23 23 11 45 31 46 14 5 40 25 25 44 14 2 8 47 15 18 24 31 39 44 20 14 13 10 29 38 43
43 0 5 24 10 17 35 39 49 3 42 17 20 35 29 16 16 50 49 27 4 2 4 39 14 14 13 29 12 26 15 10 40 25 42 46 32 39 34 24 29 11 1 23 15 42 10 35 3 21
33 11 43 30 18 14 47 14 47 30 48 35 20 8 43 31 18 30 44 33 25 46 13 10 43 11 29 24 29 45 45 50 8 44 42 11 33 40 49 26 7 41 23 46 39 17 48 33 43 8
30 7 22 17 44 36 45 3 3 8 11 26 4 43 31 16 34 27 41 43 18 37 9 28 18 20 10 18 16 32 43 4 50 14 47 6 23 31 3 37 7 19 40 15 36 44 0 33 6 30
43 29 42 23 36 25 15 47 10 21 47 14 41 35 38 30 0 35 44 2 14 40 35 4 4 48 33 6 36 46 44 44 20 9 42 19 38 6 22 6 43 17 23 28 28 31 31 28 47 27
36 13 12 7 8 34 25 41 0 21 25 17 5 17 37 25 5 43 13 38 47 33 21 50 48 29 40 41 14 29 0 13 45 13 4 2 48 50 33 16 8 11 29 4 31 44 14 19 9 27
2 1 23 28 13 16 32 35 8 4 1 28 37 25 27 39 42 2 25 17 36 49 12 11 22 31 33 43 3 39 16 35 17 22 37 20 49 18 28 21 6 27 6 17 12 26 26 9 20 27
12 50 1 40 9 16 29 36 48 3 16 36 28 43 36 40 48 7 33 12 1 26 4 6 42 8 41 6 28 5 29 37 35 8 6 50 8 31 41 49 17 15 44 40 35 10 11 35 17 37
33 6 29 47 18 7 22 40 16 10 28 17 4 10 42 50 5 12 5 21 18 43 30 12 36 10 42 34 10 32 33 3 21 40 28 16 30 34 13 48 17 11 38 46 49 14 32 5 14 45
36 35 44 5 28 3 23 37 14 44 23 44 33 48 27 5 26 26 17 7 33 36 29 14 3 1 37 34 32 30 1 40 24 8 42 17 2 46 43 9 33 32 33 2 6 37 13 48 43 4
29 43 47 12 17 48 14 32 37 48 18 48 45 47 32 13 7 50 21 43 16 24 40 22 18 4 43 33 48 18 9 41 7 42 22 2 5 50 45 16 10 22 43 34 31 42 9 28 5 14
26 45 45 32 44 27 0 14 32 45 31 45 18 32 39 28 30 8 50 7 7 21 42 16 10 35 0 32 45 46 45 15 39 1 38 37 14 19 23 36 40 31 21 36 29 10 29 36 38 1
38 40 3 50 6 7 50 18 1 0 41 15 4 24 27 34 11 20 8 28 47 42 8 47 34 29 12 47 5 47 42 27 39 19 49 36 26 36 39 3 41 37 10 49 32 2 38 12 13 45
23 21 2 19 6 21 39 38 0 44 12 4 37 4 30 22 47 29 42 11 10 28 31 35 35 41 45 28 41 4 25 0 18 26 41 22 1 3 43 33 44 14 40 45 21 50 20 2 11 34
39 33 45 4 17 39 3 50 6 21 10 48 34 32 16 29 8 22 38 18 4 39 26 32 48 48 42 25 24 20 1 45 47 43 50 43 26 0 48 16 48 43 44 6 7 11 30 27 43 5
11 37 43 32 22 33 39 30 48 42 42 11 6 12 42 24 7 25 17 25 9 17 44 45 38 13 48 17 9 28 31 26 42 1 31 18 45 10 13 3 37 9 26 19 9 50 15 25 27 32
5 19 47 14 42 46 45 29 40 5 40 50 50 28 26 5 4 8 43 44 13 21 35 34 14 13 29 28 7 37 43 15 14 45 28 4 33 32 13 32 47 36 50 44 48 49 12 37 24 42
6 23 26 1 42 46 26 19 50 7 0 15 15 2 49 19 11 45 0 5 46 24 18 48 27 23 42 15 48 7 39 36 13 47 35 2 10 44 36 40 41 4 49 10 5 39 47 12 18 3
23 8 18 33 6 7 1 11 22 47 6 0 24 39 28 25 40 1 42 4 4 6 12 22 48 10 25 21 1 48 34 31 2 0 33 6 50 39 12 16 43 28 13 0 15 50 4 3 39 42
14 0 44 32 37 49 15 23 12 19 15 28 31 16 29 33 45 40 14 41 40 6 32 13 19 10 6 49 10 38 21 7 7 50 2 30 0 33 11 46 30 47 45 10 45 33 43 23 5 27
29 19 25 9 35 18 0 33 21 20 25 17 48 48 25 21 35 46 2 7 16 16 42 19 31 4 26 11 0 4 49 34 24 7 1 14 17 4 34 18 39 27 17 18 23 6 48 28 1 0
6 42 33 40 14 21 20 25 11 48 30 2 1 25 40 16 11 21 39 47 48 40 25 34 45 50 22 15 7 10 20 48 10 39 3 15 12 39 44 16 27 43 1 34 23 36 48 39 38 11
5 38 45 16 49 13 27 35 12 25 35 27 17 43 31 39 45 30 1 2 36 0 13 10 6 31 45 2 27 19 1 6 14 12 29 16 12 39 47 28 34 26 13 10 49 45 46 14 38 38
26 42 41 28 47 25 32 44 24 4 12 32 37 8 10 46 33 30 26 38 27 21 18 27 1 43 4 16 43 1 13 36 2 7 9 30 18 45 31 12 47 22 49 4 40 33 5 29 10 48
5 17 2 39 43 27 34 1 5 27 28 44 17 37 25 26 23 39 6 39 4 19 46 8 33 19 48 3 9 46 44 2 24 39 20 45 31 40 45 13 4 48 19 45 19 43 13 44 47 45
5 10 46 13 32 37 49 12 8 6 22 45 16 5 13 18 43 9 47 48 45 26 39 28 19 46 29 25 39 31 2 12 45 50 20 34 17 32 9 48 34 36 18 18 36 36 9 48 20 40
29 0 22 11 49 21 50 21 30 46 21 30 43 39 44 30 34 39 13 36 10 45 25 21 36 48 36 50 33 26 15 2 6 10 13 13 9 12 41 31 22 7 9 32 3 24 9 11 42 50
7 19 31 50 46 2 38 7 2 22 34 29 5 0 4 36 7 24 2 37 14 45 27 4 50 23 27 46 37 39 15 4 14 46 4 15 22 30 28 38 20 1 47 13 3 45 18 48 16 31
41 36 28 19 9 49 15 14 38 37 10 16 21 12 48 29 24 46 45 15 8 19 26 37 12 12 13 33 37 9 6 22 46 30 3 44 2 42 31 41 19 33 2 34 21 16 48 30 13 26
