2000
9933 4499
5721 8402
1943 5634
227 3504
5918 2894
1766 5404
2982 2085
3333 2244
8088 2093
8145 6881
6968 9953
838 1888
7087 3334
7467 6464
5786 2771
8349 6298
4699 5718
2431 4070
7574 6643
9537 2658
9141 4570
7734 1302
4626 2122
4215 2145
104 2713
2666 3438
6406 7073
406 3504
1046 4571
7343 8952
5249 6833
2550 6770
839 9948
7669 6060
9797 8414
4062 7206
9587 8937
2137 1796
3941 4212
6926 7432
869 4046
1118 670
5253 8354
2925 2603
1554 6300
4211 1346
8116 7882
7829 6761
3900 8956
8448 5498
3782 3696
3712 3588
5384 3368
8660 5849
3280 404
4450 5585
7334 5229
3582 6647
328 2586
9965 6507
7853 2961
842 4175
2015 7048
7082 9750
6326 5915
689 5529
9117 107
4555 4401
250 5580
5984 4293
9878 4609
916 1512
9238 8290
875 4499
2084 9566
3605 1919
6094 1016
8064 4447
5275 8109
5102 5145
1752 1601
2787 5792
192 1947
8606 8421
2713 1521
6131 4589
7180 3669
1958 8126
2624 6417
7061 3913
5832 5788
7883 665
6191 1925
1113 5946
2169 1466
4146 7294
3085 3921
6947 8012
6433 4357
5878 5553
1220 9146
3894 3087
1213 8401
5896 5852
9765 4916
703 4036
4701 5596
8601 8586
5610 1971
4516 9714
7007 7779
2778 8662
6673 1171
5528 804
6357 4184
4409 1405
5572 7577
7056 8303
5233 6785
1700 4031
8067 4998
1672 3483
3147 3846
5817 272
1064 8758
7615 332
72 9151
1400 1472
2276 7825
2008 6928
9412 9712
8367 7496
5798 4983
2846 6502
532 2110
7108 4547
8030 8599
2444 9859
131 1176
1012 8262
9673 2274
2503 9707
1178 824
8649 3903
1909 4533
4244 1735
9232 2400
7383 3689
190 6108
8218 1308
5855 722
9321 6404
6263 4963
7218 2844
1105 7473
825 9310
9016 1856
2680 3329
8311 193
5805 2407
4143 220
3699 48
4816 4453
1639 2160
3468 5007
5729 9858
7340 9323
5364 6129
8973 4681
2153 3661
2970 1156
3012 4058
8466 1985
3257 6772
9179 6776
8075 9062
9110 4400
8853 1773
3934 3925
10 1571
2507 7402
7804 6819
2947 9847
4528 4246
7907 2998
4154 7760
1817 876
2861 8245
6095 282
8138 6118
6258 6353
752 6212
9065 6446
1450 684
2255 4077
2557 1460
8279 4762
5687 360
4607 2304
5302 214
9054 2513
4469 534
8780 1949
2232 7330
4527 5953
2305 369
7660 784
7231 3058
4821 7803
1879 8681
140 8155
2916 4437
5876 9499
1802 9682
975 1561
4075 7105
8718 28
1977 8544
6952 8576
4529 5288
6736 2557
4421 6834
970 4396
3277 1651
1410 5791
3945 5157
672 2629
2127 7940
7622 6548
8110 5009
3192 8597
9704 3263
2885 1909
485 1680
6969 915
3473 5014
2926 3704
9179 7894
623 3897
766 2456
8692 2033
5741 5791
3730 9364
6990 7869
3956 2430
2105 5099
9441 7148
9057 1808
3489 2325
3241 9542
5634 1536
5240 7793
5686 8561
3536 5498
9033 7388
9421 4302
1171 7724
8166 5161
4108 5981
8411 5155
1333 8064
5211 1595
3403 773
3099 5347
4888 7971
9507 7419
6290 1601
161 5826
2402 1975
441 3697
9078 1434
9158 9862
6101 249
6230 7323
3556 1288
9352 5719
7314 4889
5663 5642
988 1796
9767 9841
8338 6955
8556 352
7257 4627
7681 9796
3492 9659
2171 8122
9062 3649
3898 1328
9730 5162
6450 1206
8004 3285
8175 6881
2522 6397
8193 4916
4756 4589
2622 9038
9390 4172
8799 1178
973 7725
8462 6479
4600 5545
9194 632
3039 4740
9902 4170
6455 2768
7133 7431
4311 4458
854 6386
1301 7912
3579 125
9164 7136
1307 6201
8458 9632
8436 105
7663 510
6055 6897
7530 3341
8081 6327
1575 568
4416 9061
6491 8030
3566 1548
9013 1880
870 5500
6704 1392
8528 4449
1729 5867
6578 913
2097 186
696 5013
2988 9760
4179 7830
5235 517
2165 3338
2398 6810
5918 6581
9208 9969
2927 563
7142 9299
690 3798
9326 3845
791 296
1209 2133
3399 7369
3460 3306
4144 4095
3004 6448
8045 8323
2739 9318
6128 1288
8948 5137
6184 3124
4766 8155
8532 9112
3988 1907
5753 9222
9518 4392
6526 7623
4991 726
5111 9925
5098 9530
7056 9255
8656 8102
8499 6179
7467 2473
7610 5705
8829 6414
5647 4873
3984 4674
6581 4178
3399 7972
3442 3412
1034 3995
5800 9968
9892 7104
7712 910
1243 6069
5249 5847
2025 977
3450 3747
9452 9493
6985 2139
7012 9360
4033 2632
7889 2074
45 1692
6184 2367
6362 4566
4534 7218
5401 2162
4151 5504
1572 4191
37 6474
7451 6822
568 2063
2634 1980
4119 20
9380 697
4408 2209
4283 4491
6183 2297
4664 5407
9973 2366
663 2104
4266 4506
1089 7143
1333 9497
5970 2661
9483 1371
4513 4499
6479 1130
1150 8226
1 1676
3885 1608
6099 4410
7786 8168
3574 3360
5727 2449
5632 4626
9132 7469
4611 977
473 220
3961 7023
8394 6443
941 3443
4573 3985
3289 8500
175 6802
9489 4370
8780 4061
3307 6666
26 6565
92 7961
2586 6832
4300 6803
7780 2796
4096 9990
7012 8253
5774 8057
2578 6485
1548 7795
6294 8231
5032 4838
9208 6469
1608 5600
2265 9066
6709 4916
3955 2291
201 7880
4682 6541
9337 4501
5569 2462
1793 4511
2567 2581
144 7568
5362 5146
4455 1692
7609 1655
9203 9487
6165 6816
6960 1890
7885 8431
721 3668
2626 1839
8380 923
6503 7309
849 8795
3306 3151
5732 2642
209 6952
3176 5876
7568 5571
8305 7631
8197 5177
3071 8587
476 4361
2791 1110
5857 8361
199 4592
6594 8484
5792 9658
9531 4175
7326 6641
361 2836
867 4136
11 571
7221 4043
1674 8659
4914 6605
5191 9871
5310 9064
1252 5667
5106 8102
3772 7110
5593 5305
4962 365
4540 2463
182 5571
8408 2945
7081 543
1114 353
4396 7093
6830 9415
6019 7149
8098 2822
2964 1209
7955 3408
1509 4217
1326 3060
9444 6360
6725 7998
460 5484
1054 2343
5288 642
1185 540
893 2369
540 3379
2793 6369
3517 8449
1270 8812
1099 1615
5023 5313
9530 132
4271 7611
3970 1934
9932 3714
276 1773
4116 391
2112 1330
2950 9405
2852 3298
7756 3843
1290 3392
1840 548
438 4808
7502 4189
9502 2616
2748 2524
1213 110
2044 8098
2890 6262
8035 3055
4525 3166
4496 3229
3712 6638
1014 8525
2368 6564
1034 8770
9318 3658
9545 3953
8142 834
3450 7046
648 8723
9912 7277
5374 2940
9202 3034
6089 8264
2508 8315
1544 614
7252 8083
6608 6335
2899 8266
8114 54
4791 5012
8966 7431
9344 4336
2460 8186
6908 3872
1148 3109
6049 7898
932 7601
6943 6330
4644 7021
8714 9451
7533 7267
3602 5965
5309 5219
5273 7580
2591 3422
1931 64
4400 1556
821 1274
6225 7939
1047 7729
6706 7373
6052 8176
4505 7638
5737 2994
3523 9149
7495 4451
1494 2135
7354 1096
9755 6804
1304 2627
3770 2345
4981 4315
6668 8170
6108 5802
4609 2893
265 8235
6410 1314
8952 7397
1469 1993
2220 4689
218 4993
8207 9715
1889 1712
9595 5560
9266 1643
3989 899
6293 3035
2283 48
5850 2960
5853 9471
8784 1537
2852 7198
4594 5193
8265 2882
8650 6063
2134 484
199 9947
1659 340
6980 2088
3732 1253
3231 7324
359 8800
8848 9524
2484 3721
3191 5776
8392 9416
6613 1974
8246 1243
5205 2285
8349 6510
6995 4933
4880 1561
2981 8273
1439 6539
8871 9961
7284 6250
6128 3181
2704 8722
2443 4975
1829 6267
5683 6713
8688 221
2543 3374
5660 8012
4522 8827
3760 5087
6648 2595
1946 8640
6257 707
1746 3385
9636 6206
9387 9031
8831 6842
2896 3170
515 1273
9066 4725
6025 7277
651 7753
5764 8569
8474 6311
2476 1364
3959 2233
1951 202
910 5905
369 9287
5493 2656
2765 1083
7925 5958
9128 1596
3948 820
5546 722
7999 3013
1844 2649
2296 8650
6039 7609
51 770
4082 8515
8718 4011
994 6034
5320 706
3362 1363
3525 1891
8929 6128
8803 1450
2270 9135
9857 3829
7922 8895
1544 7856
6505 9766
8453 4919
5689 3623
2137 8505
3594 9772
6884 1933
2639 5667
8110 2203
5174 7081
4287 1634
3084 4102
3236 4168
7997 5355
5328 3093
2027 5918
6763 6872
2870 8532
3233 5215
4798 8559
8330 5371
8383 9471
5138 5213
8496 2101
9182 3247
4881 4748
9929 4547
8715 7966
4399 4243
8415 7790
4787 9727
7678 441
52 1549
7843 547
184 3285
9735 3720
3190 9594
5885 8118
218 8328
1574 4380
206 478
6104 7535
6579 134
4378 4818
2607 977
1782 2792
4313 7394
21 538
2164 4365
7650 7865
1584 2349
1942 7385
6581 5853
4181 8906
3286 7878
8356 6834
5447 4571
4706 5538
355 2025
4081 162
4033 4041
2514 5864
7481 8346
2710 3614
1478 724
3073 1439
8824 4141
1073 6094
4999 5404
3281 6333
3166 9364
3935 2715
8253 9693
1717 9720
960 9687
4806 5799
2741 4993
4418 7320
934 1300
2024 8207
9646 3491
8712 6176
3348 9548
6030 863
7196 8348
8790 389
4183 361
1132 3803
4601 2435
3200 2850
9728 5561
1633 8007
6405 2468
4847 7130
5336 8418
2988 6872
3047 4982
5608 1699
2562 6396
5822 1638
2027 836
1197 5690
9494 6211
9725 3409
6259 5173
1813 2925
2010 5986
9533 4525
1654 8415
6833 4379
2329 6990
3050 899
2598 5377
2851 9738
1375 6239
7075 9752
5441 3402
691 9351
2759 6013
1186 416
4420 96
7161 2999
7524 7509
5923 6693
2151 256
8325 3834
4733 4480
935 2454
2191 8410
5727 4865
4616 3566
8047 3880
4310 57
6070 9818
233 7069
8245 8335
1333 5732
3240 5405
3177 9936
191 241
5155 5328
886 9596
2049 9888
9377 2901
7766 4240
7806 5103
62 2382
2439 6931
6748 4372
2519 9588
7923 8060
3791 763
7248 334
270 8110
8352 424
6831 1540
1135 3506
4472 7717
617 4263
8503 3848
30 9463
1844 7387
5397 92
5543 5362
6028 2144
1283 8062
8826 3950
5364 6153
4263 6073
7576 6713
9332 3693
8278 4406
3201 1546
5809 2749
7677 4898
4360 4312
2777 8786
9957 6204
2644 8174
318 5499
3560 8672
3701 1601
7754 3464
615 9065
6856 3095
6788 8191
2596 6187
7733 6144
9973 6877
1774 3542
7854 8728
7513 6134
3416 630
8805 8548
4046 6060
5810 201
2881 8685
3228 589
9654 634
4809 3843
3113 6509
3775 2675
8820 6788
3664 1507
5049 8792
7519 5438
1571 3981
5691 6110
4657 4987
2125 4495
5775 9782
9545 9015
9604 8656
368 2772
7695 336
7924 5177
8932 807
7595 1698
3206 7751
6542 1259
6697 9334
3315 5139
1248 9348
5413 9006
4579 5905
5686 7539
7632 353
87 5230
9082 7235
8650 1534
7791 6776
7583 6574
9351 6722
4472 5177
7515 2556
1890 2092
7231 4212
3559 5205
5289 8479
4383 50
8668 9868
1299 1147
7456 6299
4613 2465
3999 6537
4391 3262
914 1789
8511 1973
8230 265
3900 4061
6153 5744
1034 5790
2073 3383
2940 5672
5723 8441
9387 8402
9549 4390
689 685
3150 8084
5699 5302
9643 8229
1096 90
3142 1636
1901 686
4747 2450
8195 5801
2670 1979
6441 307
5980 5822
4263 9382
7783 1702
6092 3649
5414 8411
6494 7860
4240 9643
7871 3271
4440 4962
6598 46
732 7583
32 8499
5378 5479
7458 9306
9614 9127
4949 3899
4359 6672
8374 290
5018 2141
551 5544
3404 431
1153 8124
2474 8723
3684 102
148 6914
5575 281
9859 880
7439 6687
7071 5237
4363 5975
9874 6684
3355 390
1759 5311
7453 2807
8352 6778
8288 9083
8286 2834
1556 9441
622 759
8752 6320
6601 770
2730 4327
1013 6460
2775 168
6143 8084
5847 8217
8608 7096
2406 280
4167 366
8223 937
20 2518
6431 6511
7030 8306
143 9066
5385 7652
8423 8895
3221 1986
9525 2231
2399 5313
4476 3378
1594 9621
6716 1401
2760 1280
1647 201
1138 6927
523 948
7459 1158
542 6954
6020 4489
3219 685
659 2483
5548 2720
4951 4959
272 6151
9529 8429
8050 5827
7228 1123
2403 5844
6045 1066
7994 5129
6078 7184
9421 8517
5471 4615
182 1042
2806 2569
6131 3402
6122 3465
8425 1679
7830 2152
580 9776
5602 7359
9561 8630
5553 3908
4974 3042
8172 1597
9860 4046
2563 5328
9943 9281
322 9113
2760 125
4606 3128
7673 8891
1648 1806
3958 6097
6951 9479
7916 4539
4247 3631
8618 7476
517 9800
2476 4670
8717 9768
5095 2335
1615 2358
1470 6117
6242 3016
7224 4230
4199 1926
3732 5975
3150 5848
6405 7691
3308 100
3731 4320
2874 8634
8434 2348
8097 3391
4238 1988
4323 6813
9171 9333
6528 7018
33 1719
7028 2769
4695 8336
4310 1227
7075 8428
7197 7460
7560 3479
8878 504
9138 2369
5796 1751
6221 8650
637 3893
1784 458
870 4961
1978 955
2674 7398
1246 3090
2505 9703
2008 7020
6526 6815
5354 161
3640 3722
5305 3992
7441 3596
5347 4443
4171 3236
8208 1567
3105 5888
848 9993
2026 5054
2451 3905
8074 5779
6560 4776
1796 578
8473 8568
8729 8322
3123 3826
8897 3447
7043 8428
3949 6337
9574 2389
5036 8121
5087 8860
8852 9220
4273 5935
918 877
6657 6724
2579 70
1728 3216
2863 4375
3775 200
5105 1591
5039 6898
5326 4001
1417 3160
6629 353
9553 990
9850 2743
1962 4639
1652 9781
657 6235
4037 2570
3720 8393
2688 6616
2069 5448
6727 5551
7142 5845
2742 1831
6911 3259
7499 9147
9501 8328
396 4127
6870 131
4771 1325
1105 8832
6145 6423
72 2841
2313 181
7877 3792
318 5001
551 9946
6869 7045
9955 8772
3110 9612
9837 6865
6272 608
5814 415
547 7747
9072 3762
3672 5318
2819 1255
5176 9817
1076 2891
7762 7489
2489 8953
9978 8080
6203 4119
2890 6846
7536 6157
4101 7079
8766 8452
8867 1451
9198 5658
9420 492
5810 9349
603 3091
3986 9709
2599 5779
4346 5063
5094 1440
598 6835
953 5071
2996 6802
4037 4923
3080 1610
61 9217
667 2925
8583 8929
9421 944
292 8003
2172 6310
6018 1974
8833 6159
1221 9696
2214 3178
13 7394
3544 2813
9615 2045
8047 6540
8150 3651
3947 2206
5131 8212
8219 4614
5558 3713
2794 8718
6106 6929
8904 4967
2204 2123
2898 7736
913 3425
1897 5112
7925 2005
5130 5441
1980 8618
3348 4255
7540 1209
499 7295
1908 2670
7463 8718
8514 8546
5474 256
6302 4620
7822 4377
3191 8506
3009 719
6911 5184
8268 4907
347 4835
4532 3397
8732 3407
5695 7880
6253 6271
20 6194
5990 8161
7785 7483
8818 4503
9123 3259
8715 5120
3625 6945
8743 2985
8169 7714
2620 5653
1567 6436
912 4046
7453 6099
5057 9644
6993 4226
419 1309
548 7013
5574 7488
3070 8334
2671 4392
9512 2192
215 2464
5449 4215
1928 8959
5690 4696
2211 5627
9674 7257
4434 3123
3845 8205
2431 9491
1878 837
8930 3929
1417 2427
1839 4503
8895 4487
7758 5589
9132 9485
3700 9053
9090 5660
355 5628
2334 4779
3115 2566
5689 2007
211 8628
9198 612
2529 3721
7651 1075
4581 1458
7040 146
5712 6420
3087 5935
5419 4548
3600 2219
7879 197
6905 2689
8548 8234
1879 9239
1245 2741
1368 8647
9260 2535
6257 565
1641 1788
4325 4986
6211 6222
3721 1364
7299 3001
7549 6808
9027 3797
3994 2228
4917 6905
6218 1977
1215 4543
7284 8097
6743 3539
6075 9732
296 6002
8869 3410
9475 3016
317 3193
4558 5685
8686 4038
845 1856
6732 7313
9541 951
7856 1805
3782 5537
79 5152
3248 6077
9616 8443
8174 9992
7072 6769
178 9549
2565 5941
9134 731
6416 2882
7999 4770
7706 6180
3493 8844
9795 4437
7321 4112
9649 8730
3881 1103
7180 807
9250 8209
9279 7874
4643 8502
9129 6350
3369 5900
6632 2772
6733 3582
8352 4126
1385 4731
4654 6057
1573 4878
8990 5527
4256 8894
1075 9718
524 9217
8504 9334
8287 852
432 7782
5210 2929
9908 9561
2333 9659
3240 7618
2823 9066
3797 2670
9807 4208
164 9530
5056 2458
2430 232
9950 391
9608 3506
3918 1552
2404 9190
6971 2204
6212 2836
3476 3259
2917 6120
4816 5809
5953 7236
9907 7639
1846 828
357 791
3249 3089
3322 5414
5805 5679
263 4350
5903 6491
5680 5261
7465 8307
2222 2650
5909 3677
875 5698
1506 9906
7141 5691
4409 8538
9367 7047
8917 6255
423 9724
5137 3244
2 3745
8095 2020
8511 265
5526 5076
3383 5269
8998 4070
7747 6684
2381 4907
5891 9701
5391 4966
3503 3031
1157 878
8213 3948
3672 73
3318 8636
2380 9888
1908 4399
4664 1553
6630 1497
6767 1269
6418 1091
7775 5764
1749 4164
4943 1234
6200 7640
1750 1412
2291 781
4730 2907
4059 503
9139 9481
9368 8456
2854 2597
5229 2354
4931 8598
9867 1858
4028 1697
8540 6284
1526 2881
4115 1368
86 7548
8960 1393
2175 1836
4743 1250
2832 6905
6385 8803
7258 1970
5646 6831
264 1191
9789 875
3812 5195
7971 9655
7017 7841
1800 6510
8957 9622
7169 5916
7309 9044
879 7207
9537 9484
7467 6702
6583 2368
5418 4930
2840 3840
5031 1063
3017 3104
8299 4819
5552 6830
5749 7348
3857 3647
4347 7549
4543 3893
2936 2594
9802 1852
2414 3815
516 9338
1705 960
6969 7099
2018 8202
9266 9809
3991 8128
4026 3361
190 3368
715 656
5383 7018
5646 5652
9545 9730
2324 188
3119 2480
7374 2125
2541 6613
7573 8970
6068 5325
3527 4541
5429 9165
8372 3871
7232 9420
3867 2397
4132 8502
5519 4582
233 9515
323 2243
3511 856
4415 2647
5851 6630
3242 1789
758 9471
4795 1893
7514 7905
7070 8322
2192 4021
4519 5441
8917 503
9005 8386
2968 4127
4721 4523
6767 4280
6216 5044
7691 1356
7986 630
2419 4620
4090 2307
5279 4256
2161 9964
8286 2792
6813 9231
5750 1556
2059 2411
796 5745
950 1063
6666 4843
202 5671
714 4511
5867 6418
7048 9484
4103 4931
7238 546
4802 9272
9236 2517
6388 6963
7272 7521
155 4280
6691 4100
923 3294
4357 8566
3409 1874
7545 2101
6612 3611
28 8260
8822 3557
8489 8155
8701 2925
2196 6805
9322 4582
1544 2510
1109 6789
2147 9896
3995 1265
4559 8838
7403 4919
7872 9995
3175 1890
5501 5416
4754 9787
4423 6608
5842 3576
7580 2911
9716 5621
202 854
3365 116
7984 2826
2721 4474
6818 130
8968 6716
2713 2455
2450 7449
418 584
7080 6704
6490 5919
3606 1833
6488 1991
4902 9448
6147 5146
6001 5697
6892 6350
9176 9366
4918 4875
5005 2975
769 1736
5270 5051
3578 3483
5146 7720
4423 3996
994 2225
5138 1992
5062 5679
6205 2704
7851 9965
6740 2351
9780 3851
4295 4710
9585 33
3008 291
3106 5668
1797 4857
9419 8377
7175 6454
1529 4564
7869 2677
5748 3602
9281 4085
6789 809
1852 5485
8915 5718
647 8592
3301 8695
8728 4942
6313 3964
710 2815
7672 9419
8874 3586
40 7090
2732 6049
8726 2648
6250 600
5764 4473
6361 5530
2093 2553
8271 8214
7884 1007
780 8919
4939 1185
6228 587
3402 2330
1749 8018
1603 2152
9242 1701
7750 2722
5370 3052
4732 7554
3105 1619
8228 495
3048 9467
7680 1399
3486 2398
2395 5563
7827 4266
5932 8413
743 5134
3151 9334
2564 3571
5272 4754
8556 2884
5937 4101
1654 3925
6624 668
1163 5839
5305 5930
7330 5291
8768 4063
704 815
6160 1162
653 9611
5823 2092
2504 1396
4967 8974
4806 5069
9032 1318
5419 3361
8366 4968
6715 7073
3990 4989
1997 8958
4248 9295
4436 9327
1220 4094
5256 6220
6909 7381
551 5909
8385 2731
1704 3055
9203 4430
5748 7589
2029 8235
4281 1166
9319 394
6462 996
9954 3308
3682 8459
8865 5280
9374 9197
5416 84
8544 5708
2695 2324
6134 9095
2150 1079
5510 8917
6506 2431
665 2336
3503 9614
7 6026
8101 3900
8287 7548
7085 8054
4412 3047
2244 5949
6034 3785
571 8739
2142 4577
4751 3266
5425 8276
7193 6901
410 934
4349 4777
4390 2155
8181 8931
2830 5476
4102 6281
5413 2196
5243 1186
7136 9825
4688 8566
7305 4248
9904 5259
9604 525
9880 4654
2633 5028
7041 7072
2927 3044
6278 1390
320 8396
3871 4458
1817 4230
6426 7973
238 7230
8133 2747
1313 8453
2700 3899
236 9697
221 3682
9416 9840
4868 100
8252 2048
6171 2987
4377 2257
653 2448
7985 5777
1085 5603
3576 9802
8110 7511
1336 4893
3345 7321
1219 2649
3424 6045
805 1455
2374 4724
5904 220
3348 8321
1307 5234
7491 9519
3046 6764
2540 9223
4826 1030
1911 3625
2214 9481
4373 1099
8421 3550
7279 7718
4841 718
3253 1781
6506 5646
6946 5627
3947 2409
7643 293
890 5254
3096 6212
5435 3936
6046 5636
339 260
9741 9036
1213 3632
8262 4113
2909 712
1431 5540
8400 7750
4474 4684
1389 4905
7314 1419
2791 5336
1668 6035
2247 3682
8697 4765
1479 7682
7942 5821
5935 2898
6530 8761
3952 7149
8940 4791
1409 6861
5689 370
6133 9810
5793 162
2661 7522
3936 3107
220 5452
212 6684
2527 2467
148 9989
6888 5085
7983 9169
9008 3902
2129 5592
1461 2959
898 1068
1439 3950
3759 6587
7829 8651
7252 630
3737 489
7020 1187
8950 3958
7504 8312
9379 2555
7641 8732
8979 6266
167 6702
2293 7987
2024 2296
4444 3755
8784 2923
9510 6962
5612 3621
4251 8417
8906 2863
5130 7989
3025 7005
5316 5158
7714 1607
338 4694
2038 5354
2055 9318
7304 3285
6660 5428
261 9328
3329 1103
8065 9045
2665 2839
2334 4756
7619 6916
5983 1240
9324 3827
8986 86
1694 5718
411 7778
3131 2032
2428 3528
6813 6265
2771 9732
138 4552
5655 3032
3155 3467
7385 4799
9555 5820
3815 9720
2038 7173
2079 876
963 1361
7079 1064
8842 2657
5768 8569
3175 3051
394 8197
9007 9989
4540 3166
6198 223
3691 1273
6072 432
7331 2154
1873 5626
3878 1145
2022 4990
6351 5957
8100 4064
7800 4508
4155 8020
1070 3567
2842 7331
8398 2543
5709 2928
3151 4016
5289 2986
3418 7921
75 2440
8066 748
2973 3027
8018 1943
8979 4995
137 5447
9956 7078
5097 7937
2582 4110
2519 7246
9790 5425
9432 916
4932 6577
9563 2582
503 1300
3740 4059
5887 1657
4684 1805
4828 8860
4933 2701
8149 3806
1963 5070
3006 8104
3292 7060
5385 5588
2091 5812
7807 6253
3908 1522
5184 2739
5118 3471
8609 6766
8423 8858
1741 4495
3354 3106
6887 6569
1454 8287
4435 5035
4217 3417
1555 7441
4108 8588
5478 8019
4271 7278
8801 3285
7103 8180
2729 5063
2907 2220
2156 1337
6912 1329
5514 3897
1545 1344
710 2400
7435 2999
7495 5145
2586 2730
1318 9050
7069 7773
5050 6796
1159 2418
597 4929
9992 8262
1560 4405
6822 2898
5306 3716
8693 3733
5077 820
3220 237
4315 5787
2011 1734
4464 1809
858 4597
2369 5782
3657 9006
1424 8498
3427 4816
4157 2021
7506 4497
7396 5717
512 4327
9139 3780
4600 283
520 5294
2160 8900
633 4835
7723 4171
9847 6176
3037 8581
7587 3294
1791 6694
2588 9011
2110 5218
9716 6745
3541 9616
5021 8190
1969 5132
5415 4159
9454 6570
6548 7014
2927 1613
6863 8260
