1500
5301 8956
8416 3569
4681 335
3434 4927
7995 6383
6451 947
2812 5933
3414 662
2378 837
7849 900
942 370
2269 154
7412 1118
1045 4797
3344 6192
5147 1724
5293 8646
8981 4642
647 1053
8515 3493
5519 9722
5654 4965
6706 8332
9169 146
1046 163
533 7017
8250 3067
5264 2802
8678 6741
2932 6310
9113 2022
1746 9158
4878 5484
7616 726
5298 5526
5247 7209
2173 816
9148 1979
2125 9959
121 9395
7491 4250
7317 654
4535 6819
3559 2580
9969 3212
6313 7570
7807 159
5644 8059
9864 2684
9289 4338
1547 5161
5978 5614
8672 4799
4757 6204
6678 1875
6125 4878
6611 4168
986 4520
7101 2224
5437 5625
3194 8148
8308 1749
9809 2079
5843 5030
9368 9672
5912 6210
1824 914
5714 2968
250 1574
3450 1549
7507 6928
2174 9575
5174 4117
6342 4240
9865 2274
1500 2857
4606 4137
6217 886
5916 5493
6244 3138
9348 6363
7277 3234
6202 2250
3825 4069
5619 6452
4459 7275
7928 3125
8321 6633
872 3101
6454 5741
8598 736
5953 7955
8841 4283
854 2169
6386 5836
2198 8177
1410 5733
7984 553
4623 8691
5143 1808
161 1320
5524 9602
7313 8089
1190 4923
664 8186
0 7644
6677 340
5702 5953
9201 6597
2432 7636
5812 5586
2398 5709
6262 8302
6992 381
3268 884
3283 2134
2814 3429
1517 8807
3730 127
9392 3786
1430 5473
6892 9392
6424 9186
6861 2594
229 5624
2289 9293
5001 7120
5421 4687
5068 2342
4305 2413
5626 9415
2843 7589
7474 9520
725 4360
8147 2282
7755 116
586 655
919 5726
8320 7010
2634 7781
8152 9628
7826 6002
688 4232
6574 3247
6739 6835
6249 878
9546 3443
2962 9092
4530 7020
9302 3687
4882 2676
4410 8136
3861 5469
3557 6409
4189 3259
3965 6191
3271 2340
6572 1790
6116 3959
793 4224
5103 3933
7377 8121
7212 5727
2746 1417
6184 1742
5497 3127
2341 1065
7613 986
7395 6202
539 1170
8440 2662
5002 4504
6294 1711
5670 2653
7956 3489
7422 7543
5663 3058
8786 5877
7295 3954
6775 2610
6816 3478
5622 2271
4336 9157
5358 3235
4405 1730
4392 6976
1479 2844
5634 473
4205 8853
3420 2383
9926 2160
6298 841
7798 6667
620 6162
9851 6171
9649 7395
745 6667
5823 6349
9584 5081
7891 2260
9236 5067
8991 3361
4913 1794
1725 4624
7007 9118
2357 5145
7065 8011
5757 9734
6974 4862
1032 7456
4851 6824
3490 1759
8109 6675
2834 392
2652 8771
4917 724
5165 2966
5839 3907
9610 77
274 7564
2708 7696
6785 2631
3443 9774
5714 2541
9998 416
7240 7826
9585 5927
2601 1809
3280 8772
8622 6514
8318 7011
9977 3538
8524 3482
3559 6895
4458 9212
6907 3833
7543 7167
8019 3692
7312 985
1401 4811
2636 7309
4314 9721
2608 3300
2071 7994
4508 5888
2898 1771
6388 2825
6307 3953
847 4911
4123 944
4778 5306
3551 2108
6879 3399
4385 2648
7459 4191
2578 6865
7664 1174
4474 6893
5965 271
7238 7624
9396 472
4376 135
5168 5783
1773 1761
2706 6015
2399 6975
9083 8563
1961 7029
755 5962
1231 7425
5369 8215
467 4888
1780 3032
4383 4941
2564 8825
375 1620
2835 3038
9901 4752
6513 8003
5096 1673
8648 297
9939 8575
5603 8809
5849 1900
403 7438
5652 7080
1968 5772
8805 6119
2138 4827
3651 3187
5886 5781
8820 4027
9858 8721
6723 9799
2550 7449
7747 2898
1472 2276
1084 7685
663 8154
5591 6934
4013 1067
7918 2321
9519 7060
1887 7801
2066 1656
7438 6617
1722 7953
6673 7336
8213 1579
107 4475
7373 762
3038 7854
6617 9924
8077 5201
2134 8360
505 4747
7068 7227
5365 8423
6224 6587
9322 8331
4948 8290
7321 7838
6252 7749
9329 3994
8469 4464
6305 9436
8368 6920
6843 9343
5623 6063
5501 4919
744 7757
6062 6006
4429 7813
5478 1427
9758 1731
1099 5878
3716 5784
3533 8421
2414 9968
5511 3940
3375 1961
8881 1815
2237 2821
9963 5723
1720 7860
6695 5464
1469 2465
1356 3836
5263 6977
9787 7913
3790 5020
1883 886
385 8585
8553 5416
9356 3878
5839 5142
8036 3809
7709 5798
1520 1351
289 7671
3134 4319
6784 6985
820 5683
3738 9219
7131 7162
3260 3525
5490 921
9506 5143
558 5875
9753 9137
5357 992
4801 5591
2467 3393
4744 2509
180 3987
9385 5034
3097 4393
1154 7248
6466 4996
2157 4893
8418 3597
5597 6496
1639 3907
9782 6181
5318 3276
4269 612
7282 674
5146 148
2658 9749
4814 969
6003 3917
8310 4198
1445 178
5174 9465
4357 7912
2587 8410
4905 3853
7760 8184
4364 7623
1978 8620
9232 760
2514 6247
6395 7592
7340 8739
9708 131
4048 2153
6351 6789
6967 3437
3980 8876
6787 3219
1628 8337
3268 452
8636 7613
6314 2106
1804 4078
5918 8292
5617 1035
9706 9511
8249 3091
3222 7045
9198 7957
4745 7271
1786 6627
5502 1712
6010 5766
5181 3367
3819 7639
6330 8449
554 3533
8691 2643
935 3437
5551 4608
4118 6552
9643 5256
2300 3445
1401 3944
2293 2576
9203 7226
16 4079
9845 5784
9151 6026
4743 5025
4552 2970
6503 1072
3716 6185
9622 6272
879 4651
2281 5172
427 6076
9522 3003
6947 2727
6382 2001
305 9240
3318 5584
1367 321
7427 4241
9266 518
4567 2169
4321 4896
1080 2148
8421 8037
3766 701
6952 378
7534 7126
128 8458
1184 8134
134 7075
6314 8645
4228 1519
2919 710
4951 6675
8272 345
3594 5295
190 2838
6065 7915
7030 2349
4129 4485
5943 795
7921 1080
9538 3476
1609 9129
6203 1800
444 2822
4341 3596
5385 5752
2426 7261
8685 1415
6710 697
4614 3357
1271 7980
1407 678
6243 9380
174 5537
7696 2185
6740 9175
8303 8313
1191 8349
1170 5584
258 2715
8467 6591
4930 5644
7059 1971
3747 3614
8051 4847
3905 9440
1196 400
9781 5313
849 7439
702 1033
207 9624
7936 7442
6869 9589
6252 206
2921 8040
5709 6510
3232 2466
4437 638
5331 1369
6217 9263
8702 3381
3782 121
5434 9898
8416 3562
5674 7362
6986 9118
7639 5882
6549 6000
6206 4507
3625 3879
1468 9127
2671 9334
1050 4700
7149 8187
7449 6382
841 3365
4565 7229
7127 5702
342 1078
8440 5542
5738 6017
2977 6504
3583 4455
41 9526
4484 9789
9995 3666
4079 5952
1730 2665
852 5129
2589 8879
3322 9380
6609 3431
211 8967
44 3735
355 554
6571 9563
6067 7172
1627 9548
151 9650
516 2747
6413 4635
1665 510
4255 1570
7779 3396
3353 6186
5565 367
4877 7755
6721 2173
6987 5089
5643 6765
6327 8421
5593 3292
2839 3472
4200 8299
1045 4069
8705 4717
6306 8537
107 1448
5923 560
7825 7886
9332 9277
7031 3390
6642 4209
376 4830
1594 3629
2049 7098
389 9000
2472 8721
7019 4307
8376 6672
2467 9143
8759 8159
9608 8774
412 8866
7830 5530
4806 8238
2706 7161
2448 2915
7745 9348
2976 2824
1000 417
9418 6105
4825 1389
5696 2968
718 2923
3144 4072
2230 4265
3038 1902
1846 2916
8447 4529
3845 9676
7916 4331
8326 7630
6978 1442
5346 7149
7567 1032
7137 6346
7736 8063
2109 3041
5964 4510
9661 3906
8171 9108
2089 2970
5886 2287
7896 3935
3611 4332
9743 1740
9371 2605
4047 8068
6295 7427
8459 9393
6818 4940
3002 5596
8637 4553
141 6190
96 5679
5865 9803
2772 9346
1633 7954
1889 8658
4069 9529
2347 6579
9184 4890
4036 2796
222 4309
4781 330
5271 9761
5356 1598
7230 9352
5542 5071
1828 7371
7173 6717
7141 7693
6726 1023
760 8774
9381 8615
6272 5908
797 2807
6682 6534
842 4833
5163 6905
6665 6702
8300 433
9786 3099
9249 6608
3979 6406
4201 2155
9848 2230
4333 1341
1194 6573
6266 5093
1000 1653
4460 2537
9071 1797
7709 1142
9126 992
7694 2871
4384 6869
9968 7073
3680 5248
1653 294
2449 8738
968 5854
8274 3375
1027 6380
1472 9468
1121 7293
909 3551
5348 6660
8881 1058
2050 4135
7006 8006
5953 823
7896 2468
7716 5920
7293 2654
1392 447
7380 9742
4196 3439
897 5654
5121 5223
3594 2369
5920 7321
3981 4503
5562 2346
6481 3940
1946 8691
9514 4565
7034 8978
5977 8488
2221 5828
6276 3269
4090 4692
9210 3655
9309 8286
4587 106
2475 5509
2829 8181
2684 9474
2898 7889
1829 9325
8015 457
5022 4854
3831 8608
7095 3134
41 9808
4156 394
5086 6317
9972 8246
7610 4295
4401 359
6947 2196
1455 7955
7428 854
9823 4139
3463 1404
1861 2730
7584 2557
1164 7963
1096 2493
3380 9338
9733 1137
8533 8615
7939 4818
9114 9584
1021 5548
8823 3514
2548 7968
8822 277
5496 9976
1380 8644
2452 37
2594 4320
2282 35
3608 3758
3096 4458
6674 8067
6681 2828
8725 5207
4790 4619
1245 7838
2431 5811
4857 1146
1423 4979
6033 4757
3401 7998
8036 8492
2812 6932
8047 629
5467 6173
630 1654
799 8563
2469 7305
2511 8559
4256 1193
110 8380
4190 5501
7726 3620
8599 125
4882 9149
7147 5710
5281 9362
6294 6261
6890 8093
5344 4340
7073 3435
1997 5975
3279 7872
6430 5545
7818 6869
5248 1764
7265 9007
2626 516
641 4990
5217 1224
8013 5523
4885 3442
781 3293
2464 1178
5518 7672
1106 7809
3783 2590
1540 4183
806 8141
5009 9049
812 9703
8709 256
1851 9156
5224 1334
3637 2492
8015 440
4962 1650
6022 3978
6235 5743
4493 8487
7374 1752
5421 6679
1940 2235
375 8040
7088 3825
3528 5384
6719 7900
7055 2236
4650 8570
2140 2278
3798 8287
1015 154
5212 9839
6660 8117
7682 1446
4278 2232
8911 5055
7290 777
8818 1929
5754 8744
4127 5905
4884 9282
2597 1924
1572 3017
6375 7247
6612 3712
4945 172
1089 8707
6823 156
1603 8828
1059 4504
9559 6960
7737 1048
2977 7927
6670 6554
3538 8732
9092 796
3799 9501
2517 2767
13 5371
9083 8892
142 7705
6411 5106
5263 1231
59 3233
7737 7945
4904 1118
3246 8374
6300 2640
273 6223
6033 2969
4844 4890
4390 6204
8971 8643
5092 7986
6878 63
7768 5253
358 7020
9331 4178
8490 5621
4644 9390
1586 6226
5678 9548
3267 4832
2134 1977
4946 4619
587 9246
5449 868
589 4977
2962 4420
4483 5681
2012 918
7939 3329
8586 2370
9071 7269
7737 7075
4379 4793
4341 401
6313 56
2033 8687
4384 8447
7692 8058
8926 4971
1026 3141
8640 9515
6274 3988
5986 4201
7530 8286
1734 3924
2271 6115
4268 1883
6677 1086
1487 8647
8703 2096
782 7800
7325 1814
9872 5166
1215 5017
9237 9876
9390 2241
7308 7876
3155 6742
6106 3293
8296 684
7878 7840
9724 566
1652 2145
791 7479
9575 4219
2018 572
2386 1435
7680 9344
5439 3336
3211 8895
1135 4675
3629 3679
420 9522
2815 6784
8547 6526
5444 1110
2756 6424
9648 6246
3724 5487
9706 1517
2089 4377
5812 2803
3225 4475
7811 3491
3464 8664
4417 2100
5779 5678
5200 9125
5908 6199
3803 9094
203 5533
1956 9247
5493 4038
9526 2682
4199 295
4673 309
4191 6288
1841 484
5055 7416
7158 730
2830 8519
4197 1574
698 9688
5886 475
9569 7685
3217 767
13 850
4889 6252
8934 6585
6881 5493
6881 4211
498 2632
3116 1072
8488 3418
5227 9250
7769 5646
7220 9136
8823 3044
3519 8998
6682 5787
6554 3087
3937 9900
7230 7647
4231 9905
5397 6164
1453 2190
4822 3357
4429 1952
6449 9018
8267 2916
9641 2755
1890 7114
157 6861
6937 713
6500 4755
8921 4697
4596 3054
700 3937
3841 2905
147 6010
8201 317
3674 1600
4631 4101
3118 8103
2097 1080
4914 2464
9578 1738
9678 6804
7517 814
5569 6614
1310 5096
9229 4490
8427 6986
9891 9929
7017 3346
4742 1116
2716 6296
397 8416
7597 7348
9507 3515
5979 9695
1432 4420
1223 6636
7450 1109
8802 9820
4915 4097
9666 111
8176 4143
5150 9171
2517 9145
260 3245
9542 7259
6754 2977
1403 9939
4532 4350
4044 909
6408 1590
8226 6555
7664 8710
8529 6754
850 6465
7656 4522
9744 516
9687 5831
4976 4893
8139 3282
1620 6315
9292 8759
8697 8374
2723 694
2682 3228
4818 7847
4401 9090
7800 4122
875 3144
687 6328
1929 2805
3321 8343
5253 1672
7645 4086
7369 1307
7622 6862
5620 67
8441 7993
8687 4316
8623 2242
88 2448
1537 4520
9721 5569
8713 9337
6744 596
3401 478
9901 9752
1423 7801
1886 5153
7539 9068
5929 333
400 6239
4231 2627
8022 9920
2162 3997
6445 6645
2243 3329
9977 9061
9477 1963
2559 9768
246 6220
5971 7039
5918 146
6378 8473
7541 8884
295 3916
1233 4548
8255 1775
1694 6544
540 6276
2920 4935
9344 8064
7124 5163
8206 9320
166 6600
3898 1843
8883 412
1637 947
499 5879
4762 8015
3009 8040
3666 5058
6833 4242
785 1920
8197 9606
4541 2404
467 2195
8438 4963
4282 8671
6349 6643
8486 5527
5939 1326
2273 8447
4326 7576
6669 2772
1890 9088
5224 9678
4999 6636
9635 2056
1662 6863
9268 8910
1105 7282
2244 813
9484 621
7264 7605
3132 6912
8238 6828
5275 149
8805 1589
5441 679
845 5473
6230 7331
5045 6070
9205 1228
9170 5759
4668 1945
9227 8437
329 6852
7473 2549
154 9813
7803 5815
2643 4365
4514 6040
7630 8997
9676 3318
9871 3070
1479 520
7669 6100
8407 7604
3362 6874
8819 7576
7092 9109
5961 8046
594 7421
7233 4512
1406 1827
6192 6115
2154 5128
4124 706
5103 862
5011 4878
5398 4973
2151 7570
5173 3067
1019 557
8134 9614
8722 9838
8962 5225
2645 5761
1352 635
3541 956
7071 2758
7886 9734
1518 304
2245 3088
7966 6621
2673 7257
4826 4442
8588 4824
5382 1077
1769 9607
523 4594
897 1569
7331 9485
1198 4621
5577 8683
2519 4740
4473 3727
5110 1483
4571 7070
3690 7355
5690 2536
8057 7442
2266 1594
2671 6645
6251 8727
4399 5519
7089 6774
7338 5296
9917 4419
4180 8536
3275 6572
1377 6699
9261 8827
5896 6487
4921 3831
7446 665
8107 610
2205 5502
3225 1451
1256 5955
1474 9477
7329 5655
2029 8563
4060 4666
4281 1945
9597 8240
6017 8635
7462 973
7461 6356
186 4436
5101 2381
4070 8711
4212 4287
6817 6275
3309 7438
7993 9153
4807 4783
4424 6400
2145 6837
9861 8484
7802 6426
5060 9457
430 4897
1252 3600
8037 8970
2429 1438
1227 4216
8503 6499
3853 5439
3955 6399
5551 7162
1944 3026
9427 1436
8273 7447
5930 2650
9076 9213
8669 3731
9707 5214
8815 177
225 958
3475 6851
1066 2654
232 4702
1219 648
7047 4085
2325 6254
9280 3676
5112 5348
2794 9785
2434 4464
3676 8724
3533 2588
7803 3423
4680 3239
4197 6617
4546 4905
7560 8751
3452 5612
7339 8871
2955 4671
924 5464
9140 6359
1706 1283
2146 4252
9795 4500
3223 5660
9327 3470
7972 7835
2152 7129
4824 2651
7557 6349
6178 9370
6061 6195
5065 9630
5379 3399
8864 9099
5457 7383
8666 9082
4412 7163
1662 1890
8629 4206
8755 5964
4877 7956
5084 6727
456 7029
4456 9909
356 8013
4207 633
262 6417
9817 350
9449 5641
4102 9759
8840 5984
3146 2767
5737 4331
8537 5887
2929 4365
2320 8371
5097 7806
4834 7405
8392 5553
4645 9290
9923 8748
6244 9931
281 1263
7984 7139
6897 808
6793 2085
5932 6815
2224 1017
6905 2747
7112 761
9132 9834
8719 9433
7916 5307
1938 3552
3921 7386
7212 7662
7593 4922
7265 3455
593 8953
839 5248
8412 8569
6463 8711
9729 5422
8169 8687
526 7712
8624 5281
5792 736
6043 7342
1973 4786
2171 9061
7801 5894
1894 461
3917 6472
5424 9159
5485 5589
5237 7343
6053 4976
397 1699
385 6860
4571 9646
4926 912
1648 3195
1615 1796
7661 8771
8910 3588
560 9832
1371 6710
3182 3534
2692 5288
1956 9685
8106 9257
4232 7193
8892 4159
2097 5708
5353 355
2346 6669
942 1357
4232 5074
4923 3636
8304 1892
2802 3832
1620 8864
3476 4174
540 5881
5566 7248
6504 2496
767 3671
8909 1814
8601 9659
1093 1006
8754 5033
6390 3439
9592 774
4410 1701
3593 4514
9425 2713
2656 6396
1648 1045
6926 6132
3379 2188
5764 3570
8321 961
3854 6531
7269 8308
392 2455
7488 8362
2879 9146
998 4956
6657 2471
8064 5409
9201 1329
7725 7489
9613 2935
146 9373
2639 6538
1187 4604
5566 8403
4934 586
8894 498
2953 2202
1642 9287
9511 1519
6476 5600
8071 509
6997 4211
5540 7214
4702 7276
211 4343
4794 4314
1930 357
6040 7434
5836 4196
4782 1605
2104 1848
4050 3676
4041 6136
7656 6771
2371 3551
5139 5210
499 1520
8734 2135
490 7119
2540 4514
9907 701
2137 7335
5847 1837
7112 8177
861 2761
4610 1894
6649 4044
1258 9739
6510 1768
5319 9993
6281 9960
1479 1537
4751 6781
4978 213
5806 5241
5942 7518
4852 5713
8629 9158
8414 1777
4539 5740
8713 353
4397 9149
8887 6440
8208 5655
6727 6475
6434 4606
6143 3007
9788 7914
9206 893
6135 5844
3362 5011
723 3155
3392 9293
1070 430
6171 1805
2158 5609
4757 5962
2402 7634
3288 4722
1197 609
5215 14
3022 7631
6623 2436
3330 3888
9733 5828
1918 543
3698 4173
3465 3720
4151 7090
9974 4535
1222 1400
7362 2131
9765 5979
1780 9764
373 4132
5225 2977
1686 6667
9104 9326
4293 8310
5216 3512
