2000
4319 246
7234 2058
3645 1564
6880 7919
7853 138
8803 2687
863 7357
3889 9472
1242 8260
7478 8061
6679 4162
5961 1628
2728 6916
1408 5466
207 4908
5154 293
2351 5605
8249 3466
1384 7076
8293 5128
7815 315
8751 7095
6566 8679
8017 2639
1779 8888
4128 6573
9280 9537
6452 88
6633 2008
6916 7860
8154 7920
3524 2070
6615 1583
8659 1772
7980 8000
9394 6952
5125 5794
4472 8145
783 2770
1657 3567
139 3641
3177 5785
6953 9420
2506 9629
8568 3585
2583 9422
2570 6721
8304 6108
8959 9186
8264 8042
4993 6938
3811 7657
5801 117
2887 9362
2929 7664
1304 5623
2487 3068
3566 5561
5189 9440
4103 6072
5494 3756
1555 6687
3873 9143
8328 938
8980 3910
848 7670
5327 5051
5168 5738
5099 2206
948 9135
5836 8028
2175 2253
7814 8323
8841 5741
1813 4081
8917 2944
709 8386
7528 471
2488 5661
9571 6935
4604 1467
6518 1497
7235 1009
3216 2765
2978 2334
361 4164
7496 8814
8216 2536
9357 6388
1548 7056
1078 1169
633 464
935 1787
8527 9240
6174 3424
5970 8098
673 1857
3945 3567
7411 7909
242 7161
2404 388
280 1682
5298 978
7367 8496
6631 5733
6902 8915
9379 7709
575 8614
7853 1392
5895 9102
7199 5106
8042 1865
6511 7873
6860 1986
9148 3921
5388 8181
941 2630
3608 5668
5243 6239
1971 2053
967 2952
660 9952
9644 1424
3896 1235
337 7497
2602 9791
2734 8615
7566 643
2629 9245
3165 4425
2605 2855
6564 8553
5300 3547
864 172
2225 1621
4573 3915
4945 4272
6775 5233
7548 4589
2085 670
1540 8964
7578 5766
7488 4274
3519 5144
647 1195
5130 6684
6316 4332
8958 1693
2944 2694
4315 900
4815 6249
520 9967
5199 839
5428 8374
123 3825
2788 8592
5436 1663
5937 1445
7668 4002
5197 534
8298 8315
2646 1405
3099 4613
8386 2682
3583 7122
3370 2700
3745 9477
315 4969
3343 8944
3848 5743
5413 3466
5129 6636
8081 848
4850 2144
2679 5748
5142 1126
3610 2055
7747 8867
1549 7788
4910 6132
9911 5132
4608 8280
3249 3655
3677 6003
1745 6592
1136 7525
5240 8238
164 7344
566 4399
1226 5015
7220 3245
6379 6368
5234 829
8618 4125
256 7862
2993 3527
2885 1245
4900 8681
4683 6134
3804 9657
8260 7507
6823 4940
3362 3499
7899 6988
2002 3929
8253 9125
6571 300
1129 4632
8757 1804
9667 825
5431 92
2416 3738
3497 8317
5529 7317
8052 8180
6766 9334
5352 6311
9811 3588
575 8715
3722 8788
8991 3656
5035 1974
6606 5561
8444 7244
8069 6442
7613 9189
2927 3500
2895 28
8424 6424
5683 8424
8836 6475
3865 3527
8194 4188
3981 4754
3541 9849
3504 7703
755 3610
249 9619
6862 8441
5961 8693
7882 6009
587 3573
4680 1887
9390 3482
2985 4183
657 6151
9678 1820
7087 5601
354 8951
8799 1067
9849 4974
8584 3381
2999 604
9045 8833
8605 9861
5870 5005
9657 6486
9452 6457
1018 4336
8519 8841
4992 4003
5823 255
6935 5748
4698 2910
5056 7290
2263 3496
6878 4905
6588 847
758 955
816 6711
1715 9363
6927 7765
5300 2450
7865 6378
6298 6318
1399 7463
8797 1289
8116 7223
1211 5731
3020 2814
7389 6267
2250 5284
7210 4266
6301 8838
5548 9047
9489 7117
5960 8342
1870 6415
3872 1259
8657 9736
7198 1248
3616 55
8357 5994
1724 1731
5624 646
6914 5824
2186 3013
8358 242
159 9396
9521 4658
2853 6786
6207 9009
6503 8813
1151 8077
7812 374
2701 886
941 6088
3160 6317
8048 377
1023 4885
1787 3672
7764 9016
337 3973
3368 6121
779 496
7282 2888
2976 3632
3524 3488
1565 9479
9853 5754
6640 455
6544 2553
9949 7581
9037 9704
5667 7996
2746 60
154 7454
1426 509
7710 491
987 5873
9841 8489
3199 9349
3915 2816
3373 7802
3555 6559
7015 3225
6857 194
8855 4637
5419 7884
5879 7891
9030 1086
9619 9705
1292 9185
754 2124
9076 9002
8569 2821
3248 9995
2810 1768
648 7163
3722 6183
486 4204
5477 1815
6452 8422
7384 4331
2222 2949
4035 3263
4046 2330
2593 4733
7936 5338
4340 3348
7248 7011
7006 2908
5755 495
7658 894
8157 7483
1686 2458
4273 9722
9223 7163
1494 1803
4753 6606
947 4795
7125 9867
5678 4993
1410 797
4145 3613
624 6829
815 1392
1887 7630
9603 6571
4053 623
3082 7759
7481 6818
5059 8434
237 6703
4387 7632
2426 6069
7014 5335
327 630
1427 2692
6305 1737
9645 6651
9122 6929
5637 460
8110 2087
2710 5240
4077 3241
58 6871
6384 1557
9339 6196
3828 6621
3768 3726
9061 7333
9042 781
4552 466
3283 1547
8198 857
8865 2927
3387 8398
484 5581
1899 2575
5816 4274
2223 5976
8613 5874
2070 8607
6306 9030
3834 6977
4309 73
1934 3973
4440 3351
4898 6486
8422 8802
2807 4175
2572 8366
3946 7274
9849 4136
8410 6924
2899 5665
2617 632
318 2590
1620 5766
2742 6624
6698 6533
506 7052
402 9711
7275 6025
4826 6379
553 6776
5141 8712
5985 4205
8341 165
7089 5834
2577 7829
9540 1066
4736 5194
960 9858
6482 6356
2888 3702
1832 4258
5047 4473
497 3313
9693 3400
175 6402
5114 1324
5529 6395
6560 1098
8011 4948
3855 4727
6873 587
5782 3395
4331 1608
9043 7821
1522 1891
7228 3009
7483 4434
7747 2274
6754 7980
4382 7439
9843 6929
3324 574
2751 6450
2477 962
6769 762
2428 6332
805 4720
6328 9289
7109 6216
8107 6449
9458 9711
4144 6414
9767 6940
5999 1890
408 6520
3449 1459
2033 250
7779 7852
9893 4784
6625 255
6588 7740
2459 9054
9421 8472
4687 9866
6314 6530
7319 2794
9208 6851
4869 1462
4431 8974
5494 867
3405 5918
7247 21
8952 6517
2380 5026
5281 9923
7663 9005
9137 2947
1419 1200
2145 8558
6166 6106
9979 9538
6388 3484
4946 264
317 1257
3203 455
6374 6890
6911 7688
4204 3620
8646 6941
6863 6584
5589 5006
9032 5604
7884 5804
4361 450
7636 28
9566 526
4010 7614
8958 7033
9369 34
490 9275
6164 3650
1337 6864
1562 4153
1093 5542
2125 1287
6293 9035
4639 8793
4597 5324
6854 2522
3629 36
563 4489
3181 4273
1305 5652
5687 3217
2491 1752
5403 7256
5198 9734
3886 6740
3360 6760
8047 6058
5093 5486
4278 5418
1821 810
4411 9954
9991 8675
4242 8040
3391 1632
7284 7423
640 5776
7528 4049
2383 4210
3944 4009
1828 7581
5420 7830
3888 5188
673 4545
9964 59
1948 6031
7063 1784
1537 6359
5477 7053
8685 5779
3201 8868
4643 7048
2175 4920
9131 3250
7259 4559
3218 3074
1982 9087
4275 8638
3183 6949
8087 6027
3136 4225
7088 34
6393 199
8331 8625
4403 2948
1816 8095
6221 8683
3603 7538
1866 8396
2954 3812
7965 9126
9291 7252
5889 9947
7975 4644
1750 150
4375 6061
6096 5965
6164 1462
1165 3567
6516 5574
3668 5568
4251 8332
6948 9889
9363 7854
2744 8815
9019 3396
647 708
654 8309
4032 6536
7766 8629
5769 5782
1746 2140
4682 1864
5431 8990
4563 5847
2494 1946
1356 9310
276 6745
5677 8305
8198 9639
3034 8421
9129 7216
5524 3681
1296 861
569 634
6416 9062
2280 6338
9281 9242
8231 8041
4967 4711
7737 3872
3181 7461
5284 171
8476 3457
4174 960
459 6673
4967 7209
1968 9588
1527 491
1125 3264
3404 2096
9513 8621
7862 5685
3725 8793
4583 7171
1042 8692
6152 2319
2490 5302
9838 1435
3474 2045
9797 4011
2298 3933
4599 4764
6334 4267
8610 6127
8223 8538
7158 2014
7699 8815
7607 6098
3268 2502
1194 2189
5587 5389
690 8425
939 8078
1201 1606
5618 4413
8347 997
6840 8995
4340 2945
150 3173
1711 2950
6043 9453
8267 9948
7125 4820
7322 5873
8063 1471
6861 9595
8020 3649
2805 8630
236 8959
4450 4006
6083 6933
7006 3875
7900 2922
7175 1346
5375 8050
7502 9965
9912 1417
7316 6847
2720 8115
9587 4637
5311 1861
6589 7526
6155 4409
4446 473
5558 7470
5481 8896
2771 1640
5642 2487
3833 670
9799 2816
3859 286
1703 7301
4147 3770
2964 97
5813 7946
885 2550
75 1123
6611 7475
9027 7309
5858 1056
9953 4584
7304 1338
4904 3802
5551 2945
6840 9816
101 5349
3728 698
5547 2883
2980 8955
7979 9590
2139 8794
995 8865
7418 3293
1681 7607
8663 6444
2106 7539
9956 9694
4574 9410
3433 4860
4675 1203
6553 1351
3128 5856
8739 1359
1392 9755
9344 2798
2670 9372
9315 1483
5855 3665
2350 6732
4254 7536
6153 1013
1785 6360
5770 6109
968 7439
8642 281
1633 6722
2577 6273
7633 4761
5594 2395
5193 103
9475 4938
7500 7863
1527 9868
6599 3354
1969 4957
5970 852
8292 8122
4230 8834
6272 5140
5421 6277
2999 5993
2265 8133
3973 5576
7971 976
1080 9567
4504 4242
2104 1633
1501 3082
7516 4711
9668 9179
1110 9485
8685 6716
6628 9402
4541 2915
270 2900
8893 1040
9174 3269
9925 2236
3213 4225
3791 8974
3216 5372
7005 9375
2456 6399
2188 9585
8764 9972
534 1855
9650 9874
9275 9220
3213 6278
256 4894
5934 3483
7832 227
2463 6186
410 7756
7808 6755
2126 5281
5734 2102
9581 210
9795 8190
9241 1768
4703 9637
9510 9775
72 4352
1708 9863
4756 3285
7848 1964
2191 1769
9034 5679
4513 5734
2488 523
5804 2320
5502 5694
6983 1537
805 5082
6850 7856
7493 45
899 1552
5905 8081
7944 2050
6415 8692
656 3778
6626 4262
9941 2847
9660 5660
6183 5532
7852 3227
8921 3065
5681 3353
8435 6982
4837 6486
7611 5285
7916 3408
1489 9589
1638 4899
3591 511
5368 9132
3393 4247
8173 3073
8733 4412
9944 8912
2138 5994
137 8875
2227 2137
9119 5818
2303 1741
8105 3955
8443 992
580 6020
1998 1010
1521 3298
2429 5589
914 7968
1040 6902
1313 165
9077 851
7924 2336
1210 1214
3351 8061
3878 3437
6257 2469
7504 7261
9332 4361
1460 7025
8035 991
4289 3458
125 9556
8602 7797
4698 2118
2283 9643
493 7091
9427 1360
3653 8418
7557 636
5152 7005
552 2514
853 2488
6849 9135
6159 184
1175 9388
3924 4193
4827 6543
4340 5128
7246 4508
4150 116
7207 9530
1968 5722
4139 6633
8348 5621
3704 2775
5289 4579
7067 5336
4470 6142
6326 4994
4382 1708
6980 8581
5123 9385
4513 2886
7394 9463
9580 1758
2366 2622
8344 6786
4498 4334
1034 3562
6337 3924
8503 4738
73 1625
8846 5569
563 5623
8410 6250
4830 6024
5408 5389
9354 9954
9416 9921
1679 6747
9369 73
7939 4045
9459 7713
2353 3515
7439 492
5230 8690
1393 5942
2589 6383
3084 1317
7567 3152
254 1493
6882 2397
3429 5663
5583 6236
4061 2844
3997 8341
3465 3430
2221 1935
5450 2923
4494 5653
5421 2888
9909 802
7185 6814
8131 2498
6729 268
2840 6776
9173 6984
3725 9723
7037 2601
6525 386
8728 1097
5606 1600
3535 3271
7273 8906
4558 63
4030 1766
3647 9979
7871 5018
8595 832
2179 7080
3856 5323
3385 6099
5821 4107
7788 8189
8576 3936
5033 5391
6991 8382
1652 1718
623 1604
2746 8925
1769 6261
6239 6776
1793 5416
7327 5189
2268 387
6790 585
6684 7203
1310 1253
9443 3583
7519 176
5567 9097
7478 2551
4269 3636
5240 9130
9133 5972
2232 7986
5840 901
6317 9550
4738 8713
178 4723
5308 8086
5288 6968
9301 1991
6653 7677
7853 9822
8918 4171
6722 3419
8134 7474
6603 2070
9121 3373
2437 6814
7715 2431
1980 9357
8069 5110
911 7798
6962 8247
6294 6219
9289 2249
9927 6673
6494 5941
1190 8858
3356 6490
5042 8992
1061 1489
5942 2723
9537 1260
3691 9458
8814 8330
4518 6750
5626 6882
5129 5430
2727 2587
5916 2501
9174 2016
9036 6921
5778 6746
4314 226
9218 9134
623 9356
2078 1357
3696 6565
6022 1614
9944 8466
5215 5915
2796 4461
9891 1920
5586 9004
2583 3697
5713 1501
8422 1756
8502 5827
7132 4200
3333 2815
2170 7428
9864 5035
2678 5327
6941 3559
2024 9780
5694 7963
3503 8319
238 9569
8573 4472
8169 6903
8405 1155
3991 3881
787 6826
2104 3571
6387 7919
6426 6517
1551 9636
4963 6289
9849 5309
5088 2982
945 2951
1269 781
349 4448
8920 2586
9490 0
2235 7089
2048 8973
6877 6226
9797 3914
2912 8982
5498 7262
7977 9338
5626 8128
3436 4018
7000 6553
9505 8524
383 9024
4550 1852
5518 1812
1812 3470
1637 6086
5058 5126
2430 4764
8679 1934
1994 3306
1646 2669
2006 8571
6699 9623
4719 8711
5264 1213
816 2798
1821 5847
8778 2278
4090 6372
920 4295
380 6982
2107 3636
8400 6517
8452 5617
8923 8157
825 1524
95 568
1270 3910
2621 7873
164 5989
8787 8964
4810 980
3259 1687
9138 3587
8962 8428
5409 57
4772 9342
5859 8596
4212 3171
2407 5389
7992 4213
5860 4311
8222 8087
7038 7130
4198 842
9806 7203
9262 4063
6829 5694
359 3599
2027 5966
7102 9321
9742 8515
8189 1873
6124 6679
3146 3479
7692 8531
2841 1137
303 3552
1760 2141
2983 7341
5622 7037
2179 3867
9561 4884
9562 9008
4974 999
319 1588
1182 2075
5028 1139
7818 9371
2850 1151
760 963
3180 541
5172 4680
6822 3483
823 8012
6127 9805
4751 7525
2408 8306
7314 5390
6389 3048
4637 3366
6520 7788
8927 5819
6268 1547
3777 6745
8787 9118
9660 4537
9218 1966
6528 5910
5000 7118
6922 8431
5955 1127
9433 2751
8142 9442
2489 7825
2269 4530
2317 8205
5102 8790
1415 1244
9068 1370
487 5193
9730 8933
1978 1225
7136 25
7143 8506
8015 3214
4341 5144
7895 3969
4489 4853
2677 6036
1645 6979
5183 6026
5894 3962
6285 285
2734 7309
2501 6431
6443 3221
4447 3310
4414 9500
9084 2661
5875 2636
7780 7099
2146 1295
6148 6753
3868 6636
3614 9904
5929 5513
553 9876
1239 1822
210 7918
4348 3973
7195 3790
7100 1869
1368 2720
6460 2593
5229 452
8630 3413
4708 4087
839 775
7411 1934
1838 4707
1298 2103
1979 8846
1747 1852
9770 4297
8271 1957
5747 5196
7066 6544
342 3926
6519 9513
1043 6802
1293 2826
6913 9673
448 6002
9015 7752
3538 7859
9963 852
777 4836
7767 3020
7317 3603
5560 7536
3811 6666
3209 2385
7390 1955
1467 4630
2510 4987
7813 2511
3262 3804
884 4725
3556 3710
2648 9899
1830 8173
3008 3689
7788 2607
6210 775
9390 5104
1770 2848
6312 3200
5155 6058
1767 3702
9768 7702
1291 4277
8081 7581
3384 4553
8264 8965
9943 8019
6191 1990
5679 1772
5458 278
2132 3466
9649 2746
5594 1521
5801 2497
9635 2984
7765 2034
9736 1401
5678 7533
6192 1026
5580 4838
4881 654
8674 4922
7991 4823
6595 5943
6221 3669
8214 3131
5877 8353
953 8941
2517 2549
5534 6754
9867 2151
3552 4377
2988 9603
1707 308
5146 9180
913 7287
3287 27
4850 9587
6608 1277
6025 2524
5655 2829
2260 5317
4258 1532
4081 3213
1045 6775
4 693
6150 912
1593 3556
3864 9138
9397 3300
1666 89
116 309
974 4953
7310 6045
8569 7582
1489 3334
8652 5303
7914 3750
8042 3988
1841 3073
3767 166
2157 2924
6480 9917
9054 3750
8129 1422
2590 9529
9838 9795
5827 2706
8752 811
9473 3136
7549 8399
3701 961
5790 7279
2345 1614
4688 3832
3998 5265
8189 9534
528 6155
983 5747
7170 660
189 9112
8907 838
3545 26
1917 5812
8948 3375
2852 1389
2350 6496
3775 6554
9247 8141
3051 6120
1385 5013
5625 7049
4282 652
6400 6153
7893 6344
5455 4648
5486 8082
9187 5440
1251 9031
3484 1103
3571 198
7774 6337
3969 5922
5141 2627
8747 4294
9308 8192
6319 1210
1863 6011
3243 1679
8023 8263
3989 1135
295 3477
8918 9475
8506 560
2743 168
1446 3068
9405 6314
3314 9220
2925 3373
7668 8455
6646 1671
3961 8054
5143 4043
5722 6903
6244 8386
599 4823
8301 232
9707 1973
2534 8297
9544 9291
2359 5277
2669 2068
2366 1763
6216 5984
5517 5291
8042 3883
3015 3242
7285 2002
9984 8158
6544 4086
8909 6227
6459 8222
195 8288
6584 7244
6535 3808
163 7207
9275 8894
1735 2832
9895 2720
8011 7951
2912 5412
8654 6052
9133 7006
5164 5938
1102 9116
5342 2786
1007 11
8299 2879
123 2281
6089 5962
4247 6658
6630 6252
163 4600
7320 8365
7395 57
5469 5331
2461 1385
8392 5201
2218 1594
709 3555
7420 3320
4410 7131
9 9506
1787 2709
9750 1211
7869 8955
5207 5075
9675 5577
5021 6449
6506 6995
3404 2415
3800 3054
8255 5865
8538 2191
6825 472
3793 326
7457 5323
4829 9282
1990 8545
9757 7695
6649 2818
8972 8704
5360 2934
9383 8647
6720 380
2795 6968
21 1202
8146 7674
944 8276
8749 6684
7010 8848
4171 3620
2901 5545
4089 9000
7773 5971
9868 4924
4707 5500
8435 8840
8565 66
446 8896
5863 5284
7565 4320
3072 5884
5239 5710
2393 4016
2864 5066
8686 481
6026 8114
7113 2665
9715 1194
7197 5964
1463 661
579 1903
1969 976
9873 9144
5506 3494
7814 5735
2698 3070
8780 1965
5981 7937
3002 2252
3812 9924
8037 2766
6510 9839
2111 6228
2191 6225
7965 9308
2290 3655
4631 8544
7687 5338
8833 5582
2396 4271
7341 7725
9690 5094
3030 7199
9451 6750
6673 7111
9877 3263
4180 4710
937 6386
3689 6291
6677 4208
8942 1653
1275 8967
4305 4651
233 8962
3232 4216
1940 2629
8802 1651
8851 2709
9459 2910
20 8301
2642 6131
1919 975
7361 6822
4191 2857
8144 2129
4861 1947
1992 7085
1735 6137
6177 6297
1591 3047
6755 488
2139 3532
6241 5556
8466 989
369 6778
2908 9565
539 4090
1991 4828
8764 8980
1108 7261
9208 6907
5070 5969
3184 1200
8576 7884
931 9362
9850 167
4778 8765
4321 1988
4057 2097
8875 3865
3430 5505
9595 2861
7689 5048
4027 1585
8847 7531
4437 6214
2183 9133
1411 585
8470 6446
5807 9988
1233 479
9244 5656
8724 6011
9187 4643
9588 2780
9364 8061
921 4096
9144 8958
1622 9690
7220 4250
463 1547
679 2736
3321 3725
171 2091
3157 2869
3348 5978
2713 4390
1479 3671
9393 2515
6374 665
9805 8980
4154 5737
4694 725
1493 4377
8627 7395
8942 8714
1449 9090
3894 9622
2791 5849
8719 4065
1121 5948
337 3145
7895 4913
7428 2895
3560 7288
7346 3801
616 3364
5168 1500
5877 6390
3784 6662
5375 5582
5750 2726
3426 7903
4830 9644
4787 6217
3243 3548
7773 6988
1900 3580
7554 5667
4033 407
5287 1113
5556 1379
3958 5904
2293 723
7385 913
6495 7156
960 3838
1740 2244
2967 4386
1681 6571
1197 7754
4741 4924
9583 48
6795 7721
9207 7136
9328 827
3285 4493
1475 4883
5607 7243
9235 4847
2003 4070
7909 5729
9053 2963
8429 727
8377 2019
851 109
5034 653
701 6672
5471 5695
2831 8575
9403 4677
9170 2158
8121 3766
2088 1724
6571 3727
7797 1322
8131 9653
2616 6784
7512 8262
1359 2123
2232 5888
6541 2210
9961 8345
5119 8322
6896 5431
1186 7950
1186 7377
1143 1435
3159 9307
4112 3231
5632 808
461 2988
9772 4841
3102 4156
6279 7283
4250 4461
7751 9590
7935 1869
190 8790
4221 3053
2081 7087
5542 6486
7921 4346
4732 6685
994 1079
1888 8844
1831 7706
2546 3428
7584 2682
9965 6728
1188 3862
3451 5293
7163 17
8808 2464
6596 7353
5518 4107
592 9756
5181 1060
8824 8514
671 9913
8756 897
9682 3638
7066 1666
4348 3306
33 4649
9590 5391
684 2301
2318 4120
7663 7847
5199 2204
6311 5338
6172 1796
3935 7983
7575 1352
1264 2758
4734 9325
2963 1099
2765 4415
8801 1107
6836 8192
3582 8834
1134 6425
1623 5345
3191 4532
6736 9287
5703 9470
2344 4126
3187 1874
3227 6279
115 761
1164 5570
6669 4850
343 4127
6314 512
9783 9144
9057 3149
652 4444
9789 190
5801 2276
2641 4059
4607 3616
8821 8344
1296 6951
3229 2007
3847 5602
1172 3344
9273 5011
217 8920
9433 9617
9839 6531
758 293
4737 8895
164 1410
3686 5605
742 7044
659 7406
6828 5349
2299 9480
2565 8125
3726 6607
9951 6412
1423 5977
4897 302
997 2719
9250 5408
5701 835
809 7
2496 1517
8201 2052
174 7262
4667 8943
4291 834
1392 1495
698 7669
4275 3958
1448 5503
1480 5304
5606 3950
6669 6377
2863 7682
9597 6997
8083 8564
1159 1484
3536 579
7841 9360
8302 3710
5623 3586
6160 2592
1339 8095
2052 6858
2361 5614
1997 3500
8530 3841
1296 8682
6364 5198
2195 4159
3801 5960
7444 1356
1935 4961
5399 2058
6847 854
4441 3701
7372 2470
564 600
8538 8712
5404 3695
8274 898
5818 8480
7162 6803
3080 8193
3430 4604
563 5275
6631 7231
3270 9086
2222 9646
499 9749
3449 9069
2617 6019
6620 1899
1689 4260
9034 5157
7134 8173
6652 7308
5189 2951
2222 4892
9496 8269
4622 5652
2882 1137
1301 2332
1977 7232
6980 3523
2592 3555
9575 1507
3406 6288
548 7273
3508 6175
4347 9582
6889 641
4671 2077
8049 3157
1425 7972
3623 7544
9761 7127
9459 7584
4815 1061
4585 2514
7148 2873
4380 8256
4543 7801
5073 8866
5040 5091
5752 9660
1379 465
3621 3719
6876 6050
5100 1669
292 9381
6507 8723
6307 52
1113 7044
9558 2200
5074 6777
6111 6705
4506 9454
9398 654
6824 657
317 5516
7060 2575
6295 1696
8826 681
3429 4249
3629 3925
3727 3721
3773 135
7179 33
2233 5966
3821 7815
5599 8386
8919 9933
1665 104
1840 8316
4911 8489
2143 3236
6012 1970
2651 9517
3765 4837
9841 7160
880 7395
8609 3567
4679 4654
1698 6867
4681 7992
6377 5519
5451 279
1462 6374
4690 8195
6684 4382
7618 679
2649 8827
9422 3629
9545 6380
3539 3186
580 464
5110 4419
151 9190
7135 9790
8860 2928
8448 1815
3174 6315
2689 4977
3172 5715
96 8458
9137 934
839 8794
2422 1785
9244 260
3446 3046
3510 2782
7202 5106
5374 8620
9488 8432
1360 2508
5402 9426
5741 886
5863 8576
5370 9509
7966 113
1047 5466
4259 8181
1044 2965
3225 7761
806 288
3070 6672
2856 4316
2935 1350
861 8230
737 3502
2927 2221
4186 6139
5794 8668
9255 48
1241 1163
7708 7220
6479 3367
6333 1967
9728 7524
7812 9558
7308 533
5928 1960
4390 163
9472 9942
3443 5251
8551 208
7427 7450
7196 2736
3863 3220
5462 6451
4749 6183
9551 3169
6215 1228
9831 5883
6519 5942
7554 7642
680 4906
5069 4560
4502 6149
2478 5620
5828 9024
6473 1028
4843 4333
8632 4748
1198 9786
5968 4093
8342 5947
8254 5518
2479 4556
1577 8084
6804 8999
4983 209
4770 8564
4712 51
5671 9272
9374 7191
9298 2578
7990 6926
1673 5220
5005 6622
714 2871
9897 2051
8649 9056
4691 9230
7313 1127
1204 6268
6477 4117
3759 6187
7318 1246
1596 8471
5661 4067
7724 2049
8975 6038
1257 5714
2335 647
4597 7341
9392 4128
4263 5572
4801 8040
246 8954
5221 3193
8389 1450
7638 2776
4023 2147
617 6034
100 6698
8747 7358
4474 7825
4617 8800
9447 5731
