5
200 2000 66
200 131 47 46 181 24 97 99 62 104 77 133 151 188 73 123 2 50 190 26 75 171 44 1 117 141 72 125 103 14 56 172 49 28 68 54 70 4 121 164 43 165 57 157 120 86 93 79 119 91 199 135 174 18 148 11 30 137 92 154 166 126 88 158 198 145 
82 105
8 146
126 30
5 63
170 151
179 135
95 110
94 101
65 112
35 79
168 94
197 50
72 149
73 4
145 55
145 152
71 16
101 134
99 9
70 185
16 112
41 31
190 22
146 84
171 176
46 111
93 143
192 83
106 16
197 87
160 181
48 135
141 18
55 9
32 168
84 145
118 101
108 94
127 42
180 2
198 100
199 142
4 164
73 83
133 63
119 186
49 134
188 173
181 55
142 188
128 98
23 145
14 133
13 108
152 65
122 184
58 178
37 179
76 51
103 122
153 16
134 148
3 194
149 10
189 127
82 141
136 151
56 200
151 96
43 137
163 131
70 28
55 68
80 113
181 150
58 121
63 5
26 173
182 194
76 31
111 130
44 198
57 103
181 70
17 94
86 30
63 32
87 193
102 57
72 197
183 68
2 103
54 133
60 13
99 197
144 98
106 25
27 30
60 99
200 100
117 176
94 10
180 88
165 140
142 162
125 89
178 61
176 100
182 16
27 68
113 139
73 141
127 171
191 189
48 170
193 152
153 61
43 21
178 180
129 94
39 149
128 68
95 90
35 8
7 70
71 115
192 188
55 159
165 144
73 100
102 4
102 140
135 157
158 63
138 51
138 88
161 28
24 198
117 42
131 196
146 104
184 97
72 89
10 9
132 97
39 26
132 178
129 120
39 192
54 9
11 101
88 161
164 30
94 72
108 77
128 183
38 173
199 55
82 185
91 50
84 133
75 103
132 58
193 66
79 23
43 34
45 83
43 82
25 44
120 192
21 27
91 145
43 117
139 123
20 4
97 49
109 36
164 139
61 62
198 156
1 145
190 50
24 28
132 73
191 52
152 24
182 116
27 114
121 121
84 143
136 34
172 89
200 158
59 39
64 93
169 85
20 6
45 137
125 136
74 32
191 136
141 39
121 105
160 171
9 55
58 26
142 108
5 47
44 84
158 74
19 136
89 29
112 110
34 144
123 183
29 158
135 168
167 22
94 89
115 147
26 81
126 76
20 129
27 157
65 76
159 140
176 158
118 21
86 145
101 110
130 97
165 107
153 26
31 124
99 45
106 146
108 102
79 110
28 1
182 90
39 160
69 61
22 134
176 67
101 128
124 11
162 191
107 8
188 80
163 129
18 179
7 88
183 103
21 54
69 60
22 182
127 48
73 158
46 187
112 89
149 26
33 152
12 112
78 156
16 192
173 141
42 93
1 166
188 131
160 199
111 163
51 41
16 162
137 102
86 146
101 119
198 32
43 115
119 180
38 119
126 13
77 24
3 90
1 75
130 26
153 198
59 93
118 20
162 168
175 117
24 101
143 131
80 48
66 166
43 84
59 49
133 172
57 43
93 18
126 87
1 116
38 172
160 106
62 174
54 73
34 123
99 107
182 79
148 4
198 112
169 102
62 115
109 47
195 173
193 86
72 34
73 137
58 106
38 42
163 79
106 149
19 25
112 28
34 2
33 99
40 2
167 124
134 11
54 12
34 142
78 133
103 117
51 98
2 47
117 134
94 112
72 77
73 6
173 128
4 148
39 198
111 66
191 62
43 124
41 166
94 7
196 111
163 47
30 198
39 155
126 52
38 87
56 79
35 82
100 56
155 78
199 115
187 178
168 170
181 163
173 178
80 14
140 148
125 24
122 61
114 167
39 199
107 158
32 37
92 181
60 115
16 22
152 140
189 33
11 170
173 137
162 138
87 189
173 101
12 16
159 152
74 122
154 60
109 44
82 183
97 64
165 97
169 102
18 112
171 72
62 141
74 103
128 29
59 60
111 168
96 168
54 45
176 156
71 165
156 186
37 139
148 137
120 154
8 182
125 39
7 102
147 107
164 116
192 67
140 33
154 143
113 71
102 54
106 117
116 120
113 103
113 19
116 171
172 111
140 4
185 18
65 170
42 109
187 9
48 196
10 198
158 82
8 101
7 90
26 54
67 40
171 66
6 46
1 171
129 7
149 122
135 48
119 135
137 49
40 188
43 113
190 2
116 175
100 26
9 66
31 149
187 194
2 198
197 84
187 42
23 154
140 199
150 121
3 162
18 185
186 199
14 121
23 93
107 48
109 191
133 141
162 4
108 47
119 24
133 118
83 17
175 193
120 3
38 5
100 165
188 93
129 177
122 68
166 119
51 108
196 19
18 43
57 107
191 32
40 146
22 67
120 183
152 2
161 47
144 61
114 135
111 115
69 42
104 154
17 145
109 131
55 54
136 100
134 8
147 124
191 155
33 155
162 61
138 191
135 57
99 120
13 136
123 133
55 11
47 20
10 58
191 14
32 32
48 184
48 77
72 52
124 107
124 158
177 153
125 95
27 75
55 86
6 96
57 58
142 179
8 169
144 98
123 148
94 162
56 120
79 153
174 182
125 74
49 60
118 157
74 163
75 197
12 39
36 24
56 90
98 74
25 113
75 66
25 101
138 3
178 139
36 180
30 44
52 41
143 190
136 176
144 42
41 109
194 28
175 159
176 45
27 64
76 172
180 153
47 97
66 163
53 33
134 71
134 181
136 15
39 187
39 139
159 195
45 133
82 163
120 117
17 100
186 134
128 179
81 95
31 193
200 146
74 115
61 161
64 98
41 52
8 59
107 116
183 81
173 76
187 94
157 186
4 38
118 154
93 149
44 4
152 171
180 17
167 63
33 90
172 17
24 177
66 199
37 61
161 169
99 114
69 77
160 127
200 83
151 143
124 122
37 120
122 49
28 23
62 55
123 130
8 180
171 188
21 70
116 85
100 133
86 144
41 14
89 3
5 148
141 178
44 186
98 164
141 59
98 28
70 178
170 33
54 162
84 71
113 56
96 108
104 52
86 100
126 27
190 70
11 96
65 44
45 38
13 63
186 15
173 192
192 41
174 192
165 116
35 1
191 77
17 123
29 198
76 88
172 147
137 144
27 95
106 70
143 21
189 185
80 95
53 180
114 115
191 182
21 8
126 171
198 157
200 161
108 147
23 20
35 7
41 18
20 105
32 71
163 135
146 155
143 106
2 159
14 96
110 164
175 96
143 4
78 17
164 46
148 84
127 22
52 173
30 163
22 174
187 72
144 76
189 67
72 128
117 129
147 160
122 152
26 163
189 67
23 8
173 194
117 176
156 64
69 71
120 75
26 55
76 111
38 141
189 99
18 162
141 106
114 187
107 196
54 2
72 43
10 59
155 190
111 143
63 185
8 196
80 75
38 99
130 86
69 9
138 154
77 167
82 107
65 186
65 111
51 67
121 33
86 160
55 17
155 73
87 161
133 20
157 65
28 194
109 28
102 32
124 113
177 23
36 91
114 172
85 1
154 152
126 15
163 25
64 179
199 199
188 113
82 32
79 23
195 21
69 113
95 186
59 191
38 74
28 146
172 169
189 43
121 160
169 28
114 21
174 172
78 96
118 159
97 39
119 52
196 58
195 70
74 192
8 84
21 177
49 176
192 73
195 196
34 52
74 136
145 92
90 101
133 156
125 173
89 25
163 153
141 35
102 98
71 81
2 16
21 146
179 54
132 181
167 20
13 170
167 11
146 31
10 85
149 172
98 139
18 198
77 92
128 200
198 61
36 37
58 67
150 48
3 195
130 28
191 147
168 36
34 86
173 92
64 44
199 70
60 167
13 23
173 39
60 63
91 39
91 108
190 86
153 176
183 111
57 30
21 177
85 33
154 200
88 197
123 2
18 76
196 107
48 43
9 137
170 82
166 9
91 199
16 152
108 27
121 58
146 172
184 199
115 194
135 137
101 138
68 16
79 85
80 150
125 82
3 59
121 8
54 58
197 45
119 121
73 186
56 125
59 101
41 76
146 37
178 50
35 137
113 61
164 90
74 32
68 20
58 179
40 89
107 26
119 54
147 170
184 116
13 199
174 56
102 184
51 60
145 25
146 108
180 65
83 193
65 26
155 194
110 155
106 158
29 129
123 99
141 89
63 146
79 128
162 200
161 36
29 94
38 136
58 82
44 28
179 92
37 98
156 170
175 58
12 5
117 63
40 114
91 40
56 26
6 80
72 90
145 103
168 3
33 46
92 107
122 159
189 43
135 34
30 135
54 105
64 128
26 29
190 109
175 135
98 22
42 152
150 24
183 121
60 108
40 172
55 16
124 32
15 28
54 154
145 126
122 95
93 119
148 58
38 123
105 172
13 173
19 191
182 81
17 106
50 48
37 81
91 88
52 106
107 65
42 56
22 176
115 99
131 152
139 127
23 61
31 105
26 7
58 21
7 69
9 27
112 79
167 133
105 147
57 98
104 25
11 126
35 38
146 144
106 21
104 114
137 89
3 101
199 21
54 18
106 44
86 50
112 17
46 200
183 121
108 121
95 140
194 195
170 127
142 51
67 133
162 173
196 25
140 40
54 78
87 127
117 39
144 169
58 31
115 194
183 154
172 120
198 178
133 71
91 124
94 70
5 56
49 79
1 52
42 10
182 186
173 139
34 77
16 176
132 80
44 188
104 7
40 150
63 116
23 11
4 163
189 200
176 15
181 168
127 35
166 76
40 193
9 198
128 102
181 13
24 132
91 109
83 7
91 188
113 49
37 189
127 46
48 153
92 152
159 161
38 28
199 181
187 35
162 128
184 67
23 130
109 59
88 45
151 130
154 24
109 169
168 87
27 156
41 73
130 109
14 33
142 185
117 173
119 177
72 18
136 138
86 54
83 62
145 100
132 121
183 100
25 116
169 57
64 46
167 177
1 61
98 104
15 25
32 165
164 90
196 155
138 141
19 9
187 12
48 99
106 139
73 31
71 115
63 185
103 66
178 8
193 177
99 166
114 173
56 52
98 31
124 187
37 92
85 188
132 165
108 65
25 128
144 178
166 61
19 33
38 50
171 142
187 32
130 116
166 43
110 130
162 134
106 138
74 29
180 102
14 129
125 166
186 32
36 35
70 42
3 72
135 117
24 195
101 74
46 97
116 37
81 7
139 1
189 193
103 2
40 167
41 145
43 163
36 19
126 76
40 59
169 70
122 115
3 192
17 31
63 109
82 106
74 171
101 87
198 111
134 26
10 39
142 36
191 142
63 58
53 28
171 198
156 100
197 165
83 20
110 111
181 32
74 163
79 39
81 88
83 68
38 85
16 183
83 106
128 9
59 60
129 28
111 157
100 160
186 66
49 47
181 107
161 58
147 78
162 122
62 109
198 24
8 51
21 85
26 163
70 27
177 194
66 170
164 15
2 92
48 178
60 177
172 26
66 148
85 189
82 124
91 93
95 140
139 173
198 59
51 176
90 181
168 26
1 152
179 149
197 32
87 101
196 163
165 60
48 165
89 79
55 150
163 168
28 47
198 42
20 89
172 72
3 38
88 78
149 85
3 141
157 146
88 28
185 164
79 194
179 134
198 37
130 198
131 62
63 193
52 26
72 5
111 83
129 158
98 133
78 81
156 153
178 84
2 70
51 36
195 179
12 181
36 38
113 6
29 8
119 74
2 134
105 177
19 17
28 37
180 87
92 29
126 81
109 29
29 43
123 172
32 199
178 20
131 57
30 158
72 20
156 187
154 164
48 156
72 107
84 27
144 189
56 80
98 187
36 93
17 3
80 90
13 134
5 50
4 105
89 36
60 100
110 179
34 118
51 182
135 48
10 81
30 69
33 106
31 185
9 149
198 143
26 128
5 72
21 151
198 123
160 154
18 104
78 114
93 140
12 160
39 48
181 6
148 33
87 27
5 82
12 171
157 29
26 21
133 38
115 148
113 65
149 63
200 198
35 40
88 60
146 161
144 83
173 98
92 57
114 164
4 158
27 17
61 79
6 82
159 63
181 136
53 185
151 155
200 32
53 110
85 136
150 65
162 98
99 197
5 51
123 196
189 53
160 135
102 181
80 53
186 115
14 67
131 182
166 166
50 5
124 51
194 167
142 144
22 52
110 24
87 33
89 3
15 104
74 83
121 69
111 104
190 147
3 29
9 21
19 81
196 109
129 71
170 25
172 134
90 33
30 106
50 98
108 1
114 102
97 103
5 137
188 138
139 173
86 119
2 96
109 11
64 1
27 18
82 62
47 52
104 105
187 67
63 46
44 7
30 119
78 10
50 144
190 20
10 171
189 152
75 22
44 156
21 72
154 133
100 151
15 57
88 13
53 84
125 174
194 172
140 83
104 84
152 99
29 20
26 189
27 104
157 159
136 77
155 154
23 55
174 139
157 141
80 52
101 171
172 88
165 176
51 187
63 78
199 152
9 180
155 97
45 103
65 163
73 76
82 7
152 112
67 42
48 65
122 62
186 98
157 47
101 139
107 102
35 198
40 81
138 20
93 1
53 173
22 43
192 187
147 120
95 145
48 45
160 108
69 107
172 144
54 184
195 166
76 164
21 166
162 37
73 122
177 20
25 195
189 142
188 106
61 51
171 48
79 26
189 110
161 180
84 166
9 12
181 183
119 158
52 62
93 60
173 48
174 2
148 128
44 156
173 31
56 90
101 79
95 163
96 143
87 135
17 67
21 108
21 73
50 194
88 52
58 47
174 60
100 100
139 109
181 109
92 92
77 109
36 85
72 136
160 152
62 23
19 15
187 31
178 121
32 74
25 18
24 45
141 113
20 96
80 112
15 18
24 64
35 122
88 123
122 103
21 143
118 81
106 10
162 133
93 153
30 173
167 111
191 6
56 156
36 184
193 19
138 162
185 139
42 163
17 175
166 186
119 94
143 175
158 12
170 143
20 87
29 52
11 11
175 114
89 127
22 172
161 77
175 189
159 190
58 119
111 195
115 160
119 5
186 55
72 78
115 68
65 5
190 61
4 111
120 138
175 145
97 18
117 134
109 59
155 39
11 22
147 78
185 17
68 18
37 44
7 143
69 180
27 179
72 130
91 65
187 45
59 130
174 140
87 191
156 189
59 56
158 89
12 129
40 21
134 175
26 171
99 31
81 87
59 15
68 66
38 35
55 51
180 10
115 113
101 135
180 178
193 136
66 63
34 42
41 5
37 187
129 45
189 134
174 125
167 163
184 70
23 93
181 100
42 146
26 137
113 38
158 26
53 96
111 48
181 179
99 200
194 118
48 107
68 53
28 71
89 150
150 21
61 29
67 121
189 57
90 180
163 108
89 5
37 79
158 188
158 115
78 198
35 57
1 44
96 123
171 20
8 105
149 190
112 69
27 8
189 95
36 99
97 178
189 4
155 29
77 140
108 75
114 56
19 67
43 89
57 88
156 132
37 186
110 4
129 28
116 52
83 164
134 181
21 103
98 110
158 106
110 86
151 113
72 196
191 60
22 192
31 13
134 48
30 147
103 124
151 194
38 2
78 41
170 82
190 139
169 75
182 86
89 125
32 199
63 52
8 140
43 83
27 168
97 31
53 67
58 96
114 56
74 131
22 197
128 3
29 158
64 123
156 58
4 150
21 52
39 39
71 180
49 185
44 51
166 41
10 99
126 95
26 188
70 184
108 40
30 55
104 176
9 39
183 125
145 26
152 33
112 182
35 170
192 115
146 117
99 30
155 113
116 33
48 32
148 88
14 10
54 94
73 34
164 54
159 119
79 178
56 36
27 88
149 96
16 95
70 191
162 15
98 39
170 182
154 44
60 108
174 124
191 152
87 155
143 200
44 41
22 85
134 47
39 61
99 38
57 7
94 72
171 26
165 12
66 23
138 182
156 106
116 69
17 85
163 44
36 173
142 193
174 20
72 49
44 29
23 42
108 98
52 88
164 177
191 64
3 99
152 96
22 180
118 37
44 6
107 67
138 86
150 89
80 109
48 179
90 72
64 182
96 17
200 95
103 92
101 196
126 194
10 177
113 193
134 61
105 26
185 186
154 34
195 89
51 106
118 35
130 23
23 193
174 98
32 29
107 169
97 63
17 132
130 137
133 10
115 131
167 145
124 136
58 97
13 103
135 42
72 179
19 137
146 91
60 103
142 187
24 146
82 89
78 26
7 97
147 157
109 193
94 28
133 69
52 67
69 149
149 165
16 170
45 134
91 69
124 7
9 24
110 198
104 178
52 67
17 119
73 12
140 174
126 2
82 90
143 113
130 170
196 52
117 49
40 159
57 54
133 75
65 68
30 29
43 51
83 127
25 69
121 14
105 3
112 195
77 182
171 66
148 150
172 118
39 46
149 114
124 70
23 137
23 55
31 48
132 155
44 135
166 35
51 75
83 30
11 167
37 57
129 134
139 153
189 163
166 83
83 161
149 133
123 27
97 170
161 125
154 138
6 81
32 167
117 196
186 129
199 126
107 91
32 62
88 100
79 67
195 31
138 35
99 115
8 192
129 12
149 150
21 88
17 95
175 11
25 136
103 75
132 185
37 61
112 176
97 166
195 174
117 67
18 57
142 121
30 89
199 13
9 163
61 118
189 8
188 70
30 87
120 29
155 87
149 46
137 126
96 55
8 157
148 21
60 106
190 62
109 116
177 126
7 130
171 171
155 45
86 48
92 57
111 53
115 192
170 54
124 15
189 16
134 191
144 55
31 102
188 147
21 123
81 189
182 21
14 143
26 181
13 74
20 159
44 133
148 141
109 141
160 12
102 135
22 69
146 88
27 109
71 150
95 189
14 124
39 187
22 106
42 135
97 66
132 40
125 21
111 124
4 148
165 123
165 190
54 69
105 121
24 87
7 65
74 107
136 59
153 180
131 69
115 110
27 178
94 164
100 19
170 63
9 177
171 150
41 133
40 137
165 120
127 77
108 51
199 155
8 56
148 193
126 31
30 87
105 114
34 75
200 17
143 38
195 6
186 108
138 154
100 176
135 47
63 126
175 172
12 119
12 157
112 113
126 128
178 148
197 160
182 190
1 174
5 135
131 131
99 134
81 119
112 98
133 85
24 26
87 45
99 118
118 169
5 124
147 88
31 148
159 70
44 171
143 98
181 100
15 118
29 154
5 155
46 24
105 27
138 41
188 60
67 104
190 60
68 130
149 16
125 15
93 155
131 140
107 61
77 132
41 113
17 26
94 70
5 17
42 159
78 188
94 68
84 190
82 94
200 1
200 2000 1
200
173 24
56 168
115 182
63 122
156 41
34 180
197 59
29 80
96 64
109 56
54 174
134 49
67 181
75 103
10 137
26 73
140 117
95 176
23 176
119 70
85 160
170 185
193 27
151 66
23 29
90 157
167 57
43 58
119 14
90 194
75 47
150 189
141 153
17 109
140 111
164 183
23 118
155 80
168 21
83 151
120 183
193 95
164 199
54 77
127 52
93 92
36 152
90 65
119 167
129 136
153 197
103 35
8 119
193 7
149 137
100 62
45 199
70 132
140 89
158 2
43 10
185 72
110 67
93 42
197 8
199 145
36 151
145 177
193 47
130 47
82 92
50 22
144 79
5 152
62 47
96 111
174 123
88 106
100 94
74 154
82 45
10 23
59 168
26 149
93 179
90 62
133 143
171 10
17 191
10 73
166 57
154 87
82 47
110 127
144 33
109 86
106 50
180 128
5 83
53 109
153 78
168 143
57 127
32 147
150 15
47 33
118 114
171 37
173 200
199 5
50 104
97 189
4 181
125 30
82 13
102 4
141 140
80 4
31 135
78 67
84 190
26 131
119 34
43 32
192 181
165 143
101 94
60 116
6 192
140 50
21 199
48 70
182 133
81 164
192 163
109 75
71 49
161 73
196 200
37 10
177 64
163 131
68 33
146 47
166 53
156 115
37 102
85 14
160 64
28 126
62 2
112 167
36 22
60 121
160 188
14 92
194 73
167 163
41 26
33 81
193 146
167 183
176 105
72 39
140 20
54 64
97 78
160 191
87 88
33 167
91 147
2 47
22 181
162 79
22 153
119 148
37 183
70 144
89 140
167 17
107 192
133 106
157 100
142 21
22 179
95 38
162 17
140 8
177 23
19 125
44 88
178 157
188 177
175 184
72 179
38 177
134 34
185 58
90 39
136 87
45 171
57 142
41 198
45 59
71 46
154 128
95 51
199 106
187 50
101 138
117 10
187 180
190 166
82 16
28 76
170 162
162 180
139 184
197 63
59 187
183 133
180 52
169 11
185 25
86 175
55 42
85 185
65 154
45 73
130 168
135 57
3 20
33 114
183 3
41 129
119 132
200 57
189 66
131 131
20 78
102 40
39 161
132 147
160 144
166 117
96 86
2 197
178 170
138 52
110 21
28 90
46 63
145 109
89 34
97 34
48 147
7 161
72 187
82 14
24 151
155 167
31 55
86 103
153 152
188 177
99 154
153 116
28 86
156 131
71 197
27 178
31 6
23 98
185 126
167 144
171 74
175 63
18 100
122 109
190 44
164 134
80 31
170 153
47 88
174 94
116 29
133 197
32 185
110 24
28 187
176 45
141 16
125 147
183 182
43 143
109 78
48 133
64 176
171 180
56 29
57 93
113 134
5 91
41 25
101 81
151 8
124 18
125 77
197 2
157 90
10 103
119 96
74 163
100 52
97 151
181 137
67 126
74 60
176 164
176 67
29 8
80 161
55 175
2 16
59 109
134 191
99 145
132 118
78 44
185 120
47 54
138 114
136 187
97 66
114 72
58 101
45 88
195 182
81 71
39 100
197 18
110 61
61 66
102 60
190 190
67 121
104 47
41 20
91 173
70 130
23 129
146 188
80 68
119 143
120 7
54 46
194 63
136 166
155 143
35 194
190 13
15 125
21 177
143 96
182 174
162 119
46 20
114 83
49 195
106 185
161 97
60 66
41 43
78 22
162 135
162 180
194 155
53 77
152 187
11 166
91 73
138 196
130 153
161 76
4 180
143 33
128 97
82 41
38 192
109 37
108 62
187 186
56 78
59 126
173 128
199 16
73 101
177 83
114 138
16 176
200 192
53 168
174 198
139 14
114 118
191 135
179 134
14 191
121 16
176 179
181 133
171 164
62 82
141 172
89 146
18 60
121 148
113 16
55 185
24 29
136 172
18 45
78 134
135 17
98 58
92 106
35 194
133 137
148 123
148 16
146 147
82 187
6 68
157 176
66 58
160 178
174 18
26 75
65 39
38 137
184 3
67 200
40 140
87 43
73 169
3 58
71 124
112 24
146 146
184 15
104 31
84 164
151 169
117 74
28 107
24 52
52 168
174 5
44 85
141 60
22 90
121 151
164 163
55 123
16 144
165 30
159 69
163 21
163 72
48 26
104 76
35 152
151 52
63 111
26 129
16 145
11 149
116 190
178 126
154 27
69 196
89 172
117 149
180 142
8 10
60 187
167 80
159 58
29 136
169 115
151 20
113 23
102 26
190 14
20 17
119 33
184 142
90 195
88 90
182 20
60 13
120 18
163 111
11 15
79 169
105 170
142 21
143 126
119 124
97 148
26 60
139 110
138 34
163 78
9 99
74 11
56 15
78 5
172 133
86 5
99 134
6 195
85 108
161 49
67 198
115 84
24 48
152 78
62 31
99 137
85 47
149 14
93 145
176 125
149 190
164 58
48 161
111 195
131 2
16 58
19 86
27 68
94 33
21 157
162 145
10 163
66 172
124 105
25 82
94 54
74 35
130 12
175 155
57 119
128 194
105 178
36 190
98 85
50 105
115 65
200 193
158 123
9 22
124 60
66 180
103 177
62 28
57 105
160 12
67 179
85 147
132 129
177 136
75 126
153 39
194 163
147 22
137 38
67 175
27 117
82 106
181 132
36 62
149 71
171 106
51 45
100 8
35 78
175 91
55 141
9 175
38 89
20 24
127 40
68 9
99 172
161 25
54 115
97 133
133 68
6 123
111 182
100 158
102 16
191 154
15 105
151 53
148 101
37 82
150 156
102 67
96 7
200 142
62 81
67 117
200 171
20 180
51 45
60 127
193 163
8 128
80 154
149 43
87 88
3 131
173 42
74 154
114 166
96 187
28 57
54 108
197 13
64 147
116 64
5 175
28 191
193 91
124 6
169 114
165 76
168 127
48 129
194 159
72 110
151 174
100 140
65 57
10 122
102 17
53 79
5 128
138 169
98 33
196 182
30 158
89 3
103 60
106 106
85 140
141 124
95 63
89 121
195 131
117 96
194 177
157 107
4 75
52 43
140 67
89 9
65 129
178 127
151 24
54 190
122 170
27 119
172 77
128 127
38 182
79 137
132 186
163 151
172 8
22 5
12 100
188 82
33 149
56 173
71 42
185 121
110 160
64 190
31 8
59 93
76 139
183 96
28 196
196 61
126 90
30 47
52 164
142 159
98 182
72 6
148 105
80 37
84 37
142 192
14 16
200 130
151 193
45 138
21 20
154 67
157 54
69 174
5 153
16 66
138 113
82 159
192 133
110 173
164 162
32 93
152 15
91 157
69 197
156 79
49 12
172 140
178 139
149 56
193 130
147 190
16 136
110 150
100 193
150 190
59 95
4 178
111 152
81 185
80 39
9 93
192 173
133 10
22 197
144 80
173 40
167 82
172 145
109 167
130 101
94 196
167 162
148 157
43 127
28 188
84 130
82 3
134 4
92 7
165 188
113 101
54 23
161 65
32 31
178 90
80 43
133 105
93 39
191 100
171 52
47 182
188 193
52 190
49 199
96 181
71 127
25 183
108 118
119 51
48 75
101 180
192 132
37 189
88 84
99 85
16 165
112 105
54 183
8 21
8 179
141 75
50 115
19 58
121 164
200 90
51 151
118 174
162 76
29 103
185 72
180 32
164 188
39 27
85 50
33 42
171 114
127 33
124 152
134 84
106 168
115 188
14 62
176 162
131 195
19 85
47 100
54 91
166 14
77 47
64 135
135 180
128 10
126 94
191 148
76 24
126 105
33 116
20 48
17 198
89 159
40 84
5 197
151 172
107 37
135 25
179 42
141 37
93 156
111 101
63 114
49 22
134 148
94 20
116 72
168 74
140 77
184 125
169 158
120 145
54 91
52 69
111 143
67 146
19 145
185 124
154 187
98 96
24 124
33 120
19 160
114 3
43 181
119 190
105 131
133 193
169 48
102 153
57 93
58 9
18 9
66 103
61 79
14 64
115 104
62 87
27 197
170 30
64 34
146 176
154 8
23 195
84 106
104 173
61 52
161 11
92 80
18 115
9 111
161 62
82 13
123 194
175 63
95 25
55 186
50 121
197 54
85 55
190 55
188 28
149 81
108 125
78 21
186 131
46 45
139 6
78 194
19 73
16 92
147 193
51 32
29 128
12 194
181 78
126 35
141 60
21 40
66 128
119 107
181 192
52 169
10 41
187 7
166 73
124 62
158 83
88 85
9 152
19 148
124 136
139 176
120 134
199 109
62 20
122 97
178 168
80 165
47 113
146 133
16 79
195 73
108 83
10 37
43 44
178 136
143 9
32 161
29 92
145 199
181 141
198 121
62 151
153 19
76 42
116 31
195 93
125 130
57 82
17 56
130 97
34 107
168 62
189 19
82 158
147 34
197 170
128 79
151 85
180 107
115 160
18 13
13 7
170 145
37 15
159 127
112 167
87 69
147 44
48 193
145 186
164 86
180 99
188 41
47 183
144 133
195 7
177 10
74 9
81 152
186 63
70 185
84 140
44 67
44 38
134 58
149 32
137 175
19 101
145 47
10 65
8 88
187 167
193 78
143 2
77 117
76 170
139 114
160 166
148 185
100 67
4 107
19 19
33 33
194 66
169 200
73 39
7 147
22 34
174 179
38 158
138 192
99 107
121 142
91 115
115 121
67 66
56 101
89 190
110 62
72 21
60 196
171 200
90 196
130 176
169 156
171 166
162 39
189 70
81 184
131 37
63 56
128 156
122 99
71 194
57 197
162 43
197 54
81 111
170 46
98 43
13 87
147 30
25 65
103 189
156 14
21 10
71 118
43 17
146 90
110 123
75 13
83 143
78 10
121 163
2 10
11 54
93 92
9 180
97 51
140 140
134 129
174 3
153 74
93 18
166 187
12 188
102 114
43 185
154 27
188 61
128 62
125 107
71 35
103 72
130 123
86 172
6 22
139 57
155 17
177 179
2 33
132 26
85 151
176 102
154 16
101 68
158 14
94 105
170 111
38 145
39 49
93 187
141 90
98 172
188 143
55 63
118 171
85 75
146 162
13 52
162 168
4 102
88 27
115 193
82 15
57 41
5 96
154 4
97 56
49 155
16 199
98 139
36 28
165 48
148 181
142 19
136 162
148 144
111 96
3 41
191 193
109 29
59 195
11 173
10 168
28 14
67 145
53 86
72 68
153 18
72 100
144 62
190 129
88 140
31 148
33 156
199 128
89 94
171 45
127 34
151 93
173 181
94 25
165 184
153 15
107 188
75 114
83 151
3 111
81 194
143 122
48 125
122 163
178 112
137 74
189 103
133 131
86 190
25 73
58 56
185 97
39 155
124 126
171 40
75 4
157 191
101 61
177 89
113 101
83 77
178 123
136 60
195 177
69 191
36 119
118 122
192 91
36 88
29 29
15 109
134 189
51 134
94 112
74 132
39 70
164 74
188 159
104 51
111 32
19 146
180 185
87 77
87 189
51 141
98 197
32 74
49 152
21 5
121 40
7 71
20 13
72 104
41 101
66 163
171 20
3 126
22 198
7 107
58 177
115 141
173 47
104 126
65 148
121 124
4 43
124 150
42 68
25 40
38 102
76 176
27 126
149 58
171 54
156 162
137 163
99 27
16 160
193 55
15 25
173 18
79 71
106 131
31 78
163 66
40 64
48 74
66 42
199 66
114 132
168 145
33 167
109 100
97 181
55 15
197 3
175 37
88 22
45 66
116 96
7 20
68 174
177 131
78 4
23 36
140 138
84 148
96 84
158 197
73 149
82 5
53 160
200 46
88 164
23 79
188 108
149 141
34 31
33 75
61 177
15 150
30 58
9 62
153 182
118 118
7 25
146 98
67 125
9 97
76 6
187 9
119 46
116 140
124 95
106 188
60 186
185 125
122 162
85 95
188 124
95 149
3 187
187 13
197 140
195 62
48 65
99 100
183 31
23 87
125 195
42 116
166 159
116 14
10 47
46 37
192 76
16 122
133 142
83 163
52 65
61 132
74 145
67 22
60 50
134 168
121 137
27 86
102 128
159 78
18 143
130 82
45 127
174 134
2 121
46 167
150 149
33 56
28 90
58 49
100 58
19 18
64 178
25 105
165 77
39 23
145 146
16 118
165 31
191 176
20 102
99 24
176 61
151 80
98 108
124 169
126 180
86 140
130 85
35 32
133 20
180 50
193 184
38 14
110 132
82 137
90 61
38 159
192 37
30 159
12 72
20 22
51 5
133 200
172 128
159 125
90 193
73 30
146 5
103 197
132 58
144 168
98 6
163 181
23 41
74 13
11 136
5 49
18 18
110 113
153 80
94 74
18 181
39 128
17 146
24 148
16 183
85 54
132 54
56 11
137 74
61 162
161 200
175 29
35 59
156 193
199 108
196 82
13 179
63 114
193 160
136 102
174 53
102 113
41 43
157 199
123 155
27 25
50 28
88 58
165 95
120 77
172 105
15 131
196 91
35 47
76 196
193 144
94 8
47 93
190 33
168 122
150 2
43 16
129 193
46 57
161 171
173 154
137 91
45 125
141 187
12 150
63 127
96 188
65 69
188 32
148 181
160 92
191 41
135 139
146 92
126 39
114 129
188 67
123 122
2 97
154 115
25 159
27 152
7 149
131 27
11 128
65 133
199 160
91 67
139 155
97 195
41 25
96 131
127 194
135 28
101 6
170 19
31 84
23 88
57 106
106 112
35 30
95 13
55 27
141 160
174 163
26 128
98 56
52 143
119 31
31 7
20 91
20 65
110 198
61 140
169 24
65 170
20 144
42 179
108 170
61 10
154 110
181 38
173 118
84 44
16 140
94 159
29 73
88 7
31 166
6 24
66 189
116 83
116 127
46 14
184 123
40 61
30 169
194 200
70 63
99 116
46 157
34 7
145 161
35 17
81 53
188 197
188 157
78 80
116 81
30 171
75 152
94 169
142 51
167 84
141 147
33 98
117 35
51 126
114 14
122 38
192 57
14 181
63 22
87 10
21 96
9 41
187 19
134 74
51 115
94 63
175 11
199 9
44 83
177 154
183 159
128 27
107 74
155 4
100 34
40 87
54 38
48 176
79 196
6 150
195 192
149 101
67 32
55 84
50 128
110 145
175 21
168 91
95 117
113 190
55 182
13 99
4 23
60 130
10 145
26 57
79 95
139 180
14 189
31 132
25 88
44 77
167 2
141 84
153 65
170 64
121 197
44 185
98 174
50 64
56 14
52 68
190 106
2 75
162 113
81 108
158 174
108 12
12 177
59 77
71 114
82 52
154 54
87 7
138 125
183 5
65 26
7 6
63 114
170 107
29 60
25 47
148 28
146 47
39 6
5 44
32 44
92 149
3 42
141 152
114 32
144 35
11 5
133 18
110 119
16 83
147 179
199 114
83 111
79 143
40 58
176 18
101 81
77 192
171 15
59 26
146 135
15 187
56 137
98 113
68 198
71 86
177 67
13 109
44 94
24 139
134 66
23 115
180 101
65 53
72 6
113 94
145 107
150 155
31 58
86 71
71 160
111 177
146 60
122 117
81 160
194 180
58 79
129 112
119 94
118 128
130 138
121 101
82 24
92 135
109 138
105 152
44 87
167 182
35 52
29 189
155 78
144 72
46 189
128 177
52 189
99 33
188 11
8 33
33 186
24 116
122 153
13 145
60 42
71 146
13 31
67 152
170 126
70 142
40 11
124 140
38 31
165 195
37 47
89 63
65 144
48 38
57 192
71 74
97 116
81 149
113 188
126 112
67 191
88 160
88 3
71 20
171 130
120 171
125 7
32 162
21 75
182 31
109 133
81 155
60 92
81 67
158 78
102 101
73 74
30 44
29 162
147 121
101 143
17 43
96 34
134 138
85 5
47 18
4 71
67 91
134 3
158 31
123 165
5 79
161 180
149 102
137 136
158 162
19 147
26 172
186 31
77 81
151 28
156 9
15 200
148 152
100 105
186 102
172 56
160 21
96 164
109 106
130 194
72 100
90 133
184 30
92 169
8 161
82 43
185 68
140 95
181 68
151 195
85 23
87 2
75 115
195 82
174 60
113 104
99 172
182 146
138 119
35 73
193 53
155 137
190 9
21 22
28 97
9 140
88 129
20 62
172 168
76 196
125 55
77 190
171 33
70 100
135 27
30 57
101 114
45 192
74 20
38 74
41 153
188 78
12 193
138 73
168 68
108 196
189 128
68 138
111 17
53 131
116 68
41 193
95 163
34 189
168 77
172 107
155 104
62 103
187 3
46 147
5 159
73 86
112 133
131 57
166 118
44 51
69 149
181 98
74 96
26 158
120 65
151 133
111 74
108 31
43 27
163 176
7 160
191 49
174 113
143 19
79 171
43 142
124 191
133 185
121 184
138 194
46 168
8 36
187 26
85 141
116 42
127 80
79 51
143 165
195 177
2 77
129 47
81 66
11 133
62 9
11 4
147 4
155 104
141 60
196 47
170 80
130 13
9 178
110 43
94 74
177 46
58 88
22 72
53 200
175 38
126 38
165 75
200 113
107 64
194 142
4 155
153 94
78 100
8 43
105 145
150 193
191 119
83 46
68 82
67 42
48 184
100 191
104 68
152 169
33 60
131 200
186 132
41 56
69 15
117 183
157 137
64 17
47 63
153 16
91 82
72 63
103 23
128 13
78 71
176 21
130 29
157 70
193 74
52 65
80 79
166 113
37 124
107 128
68 66
154 135
12 27
96 56
159 172
124 161
191 184
136 185
6 35
25 144
37 37
2 48
162 10
46 82
3 92
38 115
118 85
125 77
171 126
4 82
9 26
198 32
61 60
173 100
67 132
56 175
195 56
141 137
127 96
14 78
162 110
30 59
64 55
99 53
12 166
34 119
54 34
94 141
132 51
46 48
82 172
12 190
152 22
137 21
165 195
124 182
165 63
199 46
18 141
7 99
83 190
126 81
13 196
85 4
186 193
58 160
91 153
3 126
19 150
140 170
5 161
93 167
15 118
153 55
145 17
69 15
144 169
170 152
26 19
59 49
77 9
154 107
72 44
18 41
110 144
178 130
2 16
45 146
13 34
174 200
103 81
160 177
200 1
200 2000 50
200 180 160 140 120 100 80 60 40 20 1 2 3 4 5 6 7 8 9 10 11 12 13 14 15 16 17 18 19 20 21 22 23 24 25 26 27 28 29 30 31 32 33 34 35 36 37 38 39 40
1 2
2 3
3 4
4 5
5 6
6 7
7 8
8 9
9 10
10 11
11 12
12 13
13 14
14 15
15 16
16 17
17 18
18 19
19 20
20 21
21 22
22 23
23 24
24 25
25 26
26 27
27 28
28 29
29 30
30 31
31 32
32 33
33 34
34 35
35 36
36 37
37 38
38 39
39 40
40 41
41 42
42 43
43 44
44 45
45 46
46 47
47 48
48 49
49 50
50 51
51 52
52 53
53 54
54 55
55 56
56 57
57 58
58 59
59 60
60 61
61 62
62 63
63 64
64 65
65 66
66 67
67 68
68 69
69 70
70 71
71 72
72 73
73 74
74 75
75 76
76 77
77 78
78 79
79 80
80 81
81 82
82 83
83 84
84 85
85 86
86 87
87 88
88 89
89 90
90 91
91 92
92 93
93 94
94 95
95 96
96 97
97 98
98 99
99 100
100 101
101 102
102 103
103 104
104 105
105 106
106 107
107 108
108 109
109 110
110 111
111 112
112 113
113 114
114 115
115 116
116 117
117 118
118 119
119 120
120 121
121 122
122 123
123 124
124 125
125 126
126 127
127 128
128 129
129 130
130 131
131 132
132 133
133 134
134 135
135 136
136 137
137 138
138 139
139 140
140 141
141 142
142 143
143 144
144 145
145 146
146 147
147 148
148 149
149 150
150 151
151 152
152 153
153 154
154 155
155 156
156 157
157 158
158 159
159 160
160 161
161 162
162 163
163 164
164 165
165 166
166 167
167 168
168 169
169 170
170 171
171 172
172 173
173 174
174 175
175 176
176 177
177 178
178 179
179 180
180 181
181 182
182 183
183 184
184 185
185 186
186 187
187 188
188 189
189 190
190 191
191 192
192 193
193 194
194 195
195 196
196 197
197 198
198 199
199 200
69 73
160 161
3 6
177 180
74 75
101 104
69 73
30 32
144 148
109 113
126 131
82 86
120 122
76 77
85 88
16 20
10 11
9 14
81 83
193 197
119 121
73 78
156 159
77 78
72 73
125 127
179 180
103 108
47 48
88 90
104 106
5 8
53 55
48 49
44 49
171 173
65 70
184 188
158 160
77 80
53 55
103 106
93 94
166 170
148 152
169 170
44 46
78 80
112 117
23 26
115 117
55 58
20 24
20 25
34 38
180 185
132 135
123 124
151 152
44 46
80 85
78 81
121 122
15 20
143 146
174 177
137 142
165 166
93 95
172 177
158 161
164 167
55 57
116 117
24 26
118 121
22 24
181 185
27 31
100 103
87 92
158 161
90 94
66 68
188 191
11 14
153 155
58 61
99 104
94 98
75 78
98 103
183 184
73 74
55 59
101 104
140 141
91 96
66 69
80 83
11 13
87 89
101 102
36 40
90 93
134 139
76 78
81 84
185 186
38 41
31 36
121 124
154 156
51 53
192 197
169 172
71 73
37 40
33 36
50 54
121 125
28 33
8 11
128 130
30 31
62 65
77 82
68 69
29 34
6 10
34 36
74 76
34 35
12 14
93 95
153 154
171 176
4 8
109 112
73 76
5 6
59 64
193 198
180 184
50 53
120 124
7 8
138 140
137 139
110 115
144 148
190 192
23 26
8 9
53 56
45 47
173 177
79 83
74 76
35 38
157 158
160 162
22 26
117 121
73 78
99 104
87 89
195 198
169 170
64 69
17 22
27 31
78 83
43 44
78 82
71 73
136 137
11 13
40 42
27 29
63 65
92 95
39 44
83 85
91 92
106 109
92 93
8 10
109 113
55 59
18 19
81 85
29 31
6 7
119 120
103 106
88 89
48 51
190 194
167 168
190 194
36 37
156 159
154 159
8 9
110 112
4 5
157 160
192 193
149 153
63 67
85 90
131 135
1 4
180 183
171 176
130 134
64 69
156 158
23 25
76 79
145 146
100 104
46 50
186 188
109 113
159 160
138 141
50 51
127 132
36 40
137 139
16 17
32 35
127 132
193 195
2 4
74 79
191 193
178 182
188 189
108 110
67 70
106 111
26 29
74 76
84 89
116 119
184 185
83 84
54 57
69 70
194 198
87 92
56 60
152 157
143 146
11 12
37 38
56 59
99 102
157 160
65 67
41 46
131 132
59 60
4 6
177 179
133 134
43 45
50 53
154 157
57 62
101 104
79 80
108 111
103 108
87 92
134 138
107 108
118 122
174 179
77 79
49 54
190 194
91 93
67 68
105 107
42 45
126 128
171 176
26 30
162 167
177 181
148 151
164 165
115 118
89 90
175 176
154 155
9 14
155 158
62 63
19 21
16 20
50 52
99 100
57 59
86 87
81 82
110 114
67 71
23 27
139 143
98 103
23 26
63 64
105 110
124 128
61 66
184 186
11 12
133 137
78 82
111 115
181 183
98 103
166 169
129 133
195 198
5 10
9 10
174 176
12 15
72 73
120 125
192 195
41 42
102 104
94 95
153 156
147 152
80 84
176 181
46 51
78 80
110 115
112 113
49 54
148 150
104 106
58 62
194 197
84 87
94 96
67 68
133 135
20 25
38 41
48 50
152 153
155 156
6 11
74 79
154 159
184 186
117 122
82 85
85 87
42 47
63 66
39 40
94 95
1 6
56 57
113 117
28 32
88 92
156 160
116 118
25 29
11 14
171 175
51 52
49 53
10 12
65 69
54 59
176 180
76 80
93 97
94 99
82 85
56 58
129 133
179 180
38 42
159 163
123 127
48 50
18 23
141 145
82 85
40 41
134 135
56 57
65 70
27 28
85 87
81 86
89 93
157 160
159 163
70 75
137 140
85 90
19 20
80 82
26 29
112 116
28 29
73 76
147 151
96 99
12 13
43 48
105 106
129 130
139 143
126 127
112 116
163 164
13 18
61 63
92 95
47 51
85 90
55 56
182 184
76 81
129 133
46 49
181 185
43 47
65 67
101 102
172 175
162 164
3 6
177 180
114 115
180 181
154 158
191 194
121 124
150 155
128 131
9 12
151 156
116 118
86 90
125 130
17 18
98 100
65 68
79 81
63 66
95 96
104 108
119 122
160 163
148 152
96 99
51 53
64 67
1 2
169 172
8 11
49 53
13 14
37 42
191 195
60 61
49 51
140 141
28 32
31 33
153 157
113 115
114 115
114 116
102 104
19 20
117 119
110 112
154 158
150 151
45 47
116 121
45 49
188 189
124 127
32 35
133 134
30 35
46 50
3 5
52 56
94 98
114 115
92 97
36 40
146 148
54 56
64 65
194 196
145 150
17 21
50 55
154 158
152 155
186 191
25 28
26 28
78 82
12 16
67 70
67 72
107 108
162 166
17 22
190 192
44 49
18 22
103 108
1 5
47 49
113 116
38 42
113 115
130 132
44 49
148 151
19 21
76 81
10 11
35 39
150 151
136 139
27 30
72 74
64 65
191 192
117 118
120 122
142 147
49 51
194 196
174 175
41 45
42 43
41 45
153 157
18 21
48 50
116 118
106 110
73 77
126 128
41 43
171 174
105 110
160 164
144 149
109 112
94 98
80 82
165 166
62 64
185 188
9 12
187 192
1 5
40 45
26 27
52 53
119 124
155 159
103 106
6 10
27 30
174 177
70 73
134 135
24 29
140 143
57 60
33 36
160 164
66 70
13 18
114 118
126 129
21 24
24 28
163 166
50 52
72 74
90 95
172 176
51 52
86 90
2 6
188 190
8 11
131 132
79 83
21 26
48 50
67 69
146 151
178 183
108 111
185 190
175 177
166 167
26 29
101 102
182 187
110 111
39 40
57 60
186 188
15 19
85 88
133 138
185 189
90 93
148 149
20 22
155 160
32 35
12 16
14 19
124 127
121 126
183 188
92 95
123 128
111 116
61 65
12 17
80 83
94 96
76 79
61 63
60 65
94 98
195 199
81 83
131 136
17 20
135 137
16 18
66 69
128 131
96 99
146 149
164 166
170 175
151 156
98 99
22 26
160 163
192 195
193 198
158 161
194 197
162 164
188 189
45 48
101 106
91 95
1 5
149 150
23 27
97 99
45 48
39 41
40 41
187 192
126 131
32 37
129 132
80 81
69 72
81 85
142 146
33 38
8 13
91 93
56 59
157 160
72 74
6 11
45 48
155 159
88 93
128 129
43 47
124 127
164 169
103 106
114 117
163 166
178 180
122 127
88 92
91 92
44 47
11 16
59 60
36 37
87 89
52 55
162 165
142 145
136 138
166 170
142 146
177 181
35 38
1 6
93 94
118 119
55 56
163 164
95 97
120 122
36 41
21 22
64 66
29 34
24 25
55 59
192 197
185 190
160 162
170 173
28 31
92 97
49 54
32 33
151 156
59 64
155 159
117 121
78 79
23 25
19 21
163 164
163 166
96 100
150 155
177 178
163 165
64 69
186 190
144 148
52 55
173 177
14 18
156 160
97 101
97 99
36 41
128 131
166 167
109 111
85 89
144 149
154 155
142 147
16 18
16 21
193 198
93 97
40 45
9 14
107 110
62 66
3 6
6 8
195 197
137 142
74 76
52 56
86 87
5 6
56 60
173 177
13 14
40 41
187 191
78 81
155 156
103 106
127 132
30 35
115 118
7 12
140 141
82 85
142 146
81 85
100 103
50 52
183 186
59 60
125 129
157 159
103 105
15 19
59 61
48 51
79 82
43 48
89 91
170 174
128 133
60 65
132 137
156 160
111 113
184 188
135 139
57 62
53 58
152 154
184 187
70 73
124 125
146 151
47 50
10 13
179 183
15 16
109 114
137 139
114 119
143 146
68 72
23 24
21 26
26 29
126 128
112 117
31 35
131 134
160 161
46 51
177 180
37 41
134 138
30 34
118 121
181 186
24 26
128 129
32 35
138 143
16 21
142 145
105 107
130 135
42 43
111 116
191 196
127 132
106 107
42 47
42 46
181 182
120 123
65 70
96 98
53 58
110 115
88 93
46 48
193 196
105 109
51 54
171 174
153 156
89 92
106 109
94 98
135 136
2 4
57 60
78 83
170 171
91 92
25 29
193 196
99 103
91 94
84 88
51 53
60 61
74 76
76 80
191 196
80 83
114 117
173 175
30 32
22 25
93 96
113 118
31 32
66 71
86 91
67 68
128 129
116 120
148 149
123 124
5 7
75 78
119 124
145 149
35 38
3 5
129 134
63 66
93 98
180 183
114 119
178 182
76 79
36 40
125 130
10 14
133 137
112 114
64 67
90 91
149 153
47 50
145 146
86 90
89 90
101 103
56 57
9 13
51 52
80 85
80 84
5 10
115 117
10 15
70 71
93 95
171 172
78 83
161 166
131 135
89 91
132 135
140 143
94 99
63 65
55 57
93 95
109 113
157 161
79 84
192 197
98 103
124 129
1 5
186 190
81 85
182 185
56 59
123 127
54 55
90 94
184 185
182 184
85 90
65 67
57 62
29 34
131 132
7 12
13 15
108 110
88 90
71 72
137 138
106 111
143 145
69 74
138 139
116 118
183 187
36 40
9 14
48 53
75 80
18 23
27 28
82 86
4 6
177 178
193 198
166 168
4 9
175 177
28 32
155 160
13 15
38 40
23 24
29 32
73 75
45 49
5 10
190 191
75 80
121 126
12 17
157 159
19 24
39 44
145 146
75 80
106 111
192 195
100 103
173 174
182 186
113 114
77 80
193 198
115 118
29 32
39 40
160 164
176 181
14 16
60 61
103 107
65 69
8 10
171 173
40 45
35 40
82 86
52 57
60 63
23 24
154 155
84 87
154 156
34 37
79 83
98 100
182 186
47 50
79 80
173 178
191 196
23 24
187 188
170 175
76 77
182 185
183 187
104 108
176 179
166 168
124 127
132 137
35 39
142 147
109 111
153 158
139 140
108 110
175 180
21 24
81 86
187 191
170 174
171 175
6 8
92 94
189 193
60 63
132 133
101 105
174 176
115 119
193 197
139 141
149 152
115 117
33 35
85 89
135 140
61 65
57 60
161 166
131 135
180 184
64 68
193 195
102 106
175 179
134 135
65 69
39 44
104 107
94 99
77 80
19 20
129 131
81 84
50 55
111 115
174 175
178 183
3 6
122 123
112 114
64 67
21 25
102 107
92 95
117 122
45 48
9 11
82 84
148 151
23 28
40 41
58 60
70 75
72 74
58 59
165 169
82 83
55 60
64 69
52 55
139 142
120 121
18 21
173 176
147 150
48 52
161 164
123 126
30 33
44 46
75 78
77 79
19 22
152 155
2 6
131 133
119 120
80 84
104 105
87 88
98 102
53 55
8 9
163 165
34 38
110 111
81 85
47 51
60 63
191 192
95 100
182 187
50 51
75 79
163 166
160 164
4 7
92 93
138 141
121 122
135 140
131 133
15 19
186 191
184 188
64 67
157 160
37 38
43 45
136 138
6 9
136 139
173 175
130 133
94 95
136 139
113 117
98 100
78 80
153 156
70 71
97 100
67 70
96 97
10 14
69 71
120 123
127 128
70 74
8 9
34 38
16 18
140 142
140 143
31 34
158 159
83 86
63 64
75 80
180 184
183 188
109 114
58 61
147 151
151 154
166 167
186 188
4 7
11 14
88 91
109 110
147 148
107 111
72 73
10 12
72 77
39 42
161 163
1 2
165 167
16 19
39 44
117 121
45 47
167 172
140 143
91 92
39 43
41 42
11 14
65 68
91 95
23 27
67 72
79 81
115 117
109 110
94 95
22 25
115 120
65 70
73 76
93 95
29 33
108 109
134 138
74 75
96 97
114 118
33 35
131 133
51 52
48 53
71 75
169 173
127 130
104 109
136 138
21 23
183 186
83 85
192 194
83 84
74 76
117 121
124 126
64 69
72 75
89 91
146 148
31 35
31 32
84 86
75 78
131 132
39 44
131 132
89 90
77 82
116 117
88 91
93 95
41 42
88 91
169 174
166 168
61 66
161 165
174 177
86 91
133 138
138 139
159 161
159 164
44 46
171 176
90 93
8 13
82 84
103 108
172 174
75 77
65 66
170 172
56 61
176 179
26 31
63 64
189 191
178 183
93 96
48 52
52 56
54 55
58 59
118 122
85 87
152 156
111 115
195 199
53 58
57 59
112 115
136 141
93 98
130 131
45 46
55 59
102 105
133 135
105 109
35 39
52 54
120 121
156 158
34 36
99 103
17 22
140 145
154 155
146 147
8 13
176 180
44 49
55 58
147 150
144 147
176 181
38 39
151 152
66 69
118 120
2 5
132 134
132 135
159 161
152 157
106 109
42 47
82 85
30 32
137 140
91 92
141 143
161 165
19 22
106 109
122 124
93 98
84 86
63 66
111 116
19 22
54 58
46 51
82 84
181 182
142 143
130 133
95 99
190 195
177 179
106 108
78 80
115 120
174 175
158 162
104 105
111 112
52 54
162 163
7 10
110 115
104 108
32 33
7 9
191 194
60 64
136 141
39 44
22 27
60 64
170 172
189 192
104 107
162 166
6 11
120 122
31 34
137 139
44 48
178 183
135 136
41 45
22 27
14 15
146 150
150 154
85 89
172 173
96 98
26 28
39 41
32 37
146 150
173 178
24 25
129 130
31 36
3 4
111 113
154 155
39 40
57 61
135 139
64 67
168 171
76 78
60 62
65 66
85 87
43 44
97 102
8 12
164 168
132 133
17 20
46 51
176 179
111 116
80 82
111 115
152 153
134 136
148 152
173 175
119 120
37 42
103 107
191 194
104 108
17 20
123 127
148 153
46 50
163 168
164 167
177 179
59 63
55 60
182 185
69 72
136 140
80 83
115 120
81 86
67 71
131 132
156 161
24 27
70 74
97 101
55 57
78 79
3 8
32 35
34 39
78 80
77 78
106 108
120 123
172 175
103 107
43 47
158 163
130 134
62 63
5 10
23 28
157 158
55 57
45 48
38 41
54 55
131 134
35 40
131 136
161 165
93 94
119 120
90 95
168 170
113 115
153 158
145 150
145 149
152 155
167 171
32 35
119 121
85 90
7 12
118 122
112 117
3 6
48 53
121 123
175 176
132 133
66 71
60 61
40 42
22 25
79 82
66 67
27 32
68 70
129 130
101 102
166 167
130 135
150 155
155 156
131 132
187 192
123 124
20 23
118 123
135 136
52 56
193 197
143 145
19 23
173 178
193 197
96 101
62 67
34 38
82 85
190 191
138 143
188 192
189 192
150 151
98 101
128 133
80 84
127 129
26 27
69 73
170 173
182 183
44 49
128 132
73 78
167 171
185 186
106 109
1 3
151 153
54 57
124 126
81 86
162 167
82 87
118 119
191 194
194 199
147 148
180 183
121 123
59 64
182 185
129 131
78 79
39 44
20 23
21 22
86 87
79 84
6 11
26 28
42 47
139 142
50 51
22 25
179 184
106 109
34 38
161 162
89 90
187 189
181 183
125 127
77 81
113 114
36 40
97 101
97 100
177 178
189 191
104 106
99 101
11 12
160 165
176 180
102 106
161 165
170 171
102 104
55 57
7 11
84 86
32 36
66 67
180 184
79 82
63 67
1 5
56 60
93 94
4 9
166 168
106 108
195 200
132 135
6 10
154 156
189 194
47 49
121 124
148 152
32 35
27 31
186 191
52 55
119 121
92 96
163 165
32 35
163 167
177 179
136 139
129 134
48 49
178 180
133 135
95 98
43 45
189 192
55 59
119 123
88 90
179 180
90 92
175 177
126 129
43 44
104 108
173 177
70 75
59 61
142 144
152 153
144 149
87 90
175 180
103 108
63 67
44 47
4 8
67 68
137 138
110 111
195 197
91 94
12 13
6 10
131 133
181 182
86 89
61 65
143 144
161 163
5 10
104 107
115 116
38 42
131 136
172 173
146 147
174 179
181 186
61 65
105 109
57 61
183 186
82 85
27 29
29 31
166 171
34 36
113 118
108 111
16 20
80 85
32 33
126 130
119 123
161 165
30 33
82 83
31 34
162 166
195 196
190 191
81 83
121 126
180 183
132 137
137 141
31 32
174 179
134 137
145 147
41 44
64 65
46 48
23 24
60 65
193 196
14 19
65 67
191 195
85 86
42 45
75 79
172 174
147 150
124 129
97 99
186 188
200 1
200 2000 50
200 180 160 140 120 100 80 60 40 20 1 2 3 4 5 6 7 8 9 10 11 12 13 14 15 16 17 18 19 20 21 22 23 24 25 26 27 28 29 30 31 32 33 34 35 36 37 38 39 40
1 2
2 3
3 4
4 5
5 6
6 7
7 8
8 9
9 10
10 11
11 12
12 13
13 14
14 15
15 16
16 17
17 18
18 19
19 20
20 21
21 22
22 23
23 24
24 25
25 26
26 27
27 28
28 29
29 30
30 31
31 32
32 33
33 34
34 35
35 36
36 37
37 38
38 39
39 40
40 41
41 42
42 43
43 44
44 45
45 46
46 47
47 48
48 49
49 50
50 51
51 52
52 53
53 54
54 55
55 56
56 57
57 58
58 59
59 60
60 61
61 62
62 63
63 64
64 65
65 66
66 67
67 68
68 69
69 70
70 71
71 72
72 73
73 74
74 75
75 76
76 77
77 78
78 79
79 80
80 81
81 82
82 83
83 84
84 85
85 86
86 87
87 88
88 89
89 90
90 91
91 92
92 93
93 94
94 95
95 96
96 97
97 98
98 99
99 100
100 101
101 102
102 103
103 104
104 105
105 106
106 107
107 108
108 109
109 110
110 111
111 112
112 113
113 114
114 115
115 116
116 117
117 118
118 119
119 120
120 121
121 122
122 123
123 124
124 125
125 126
126 127
127 128
128 129
129 130
130 131
131 132
132 133
133 134
134 135
135 136
136 137
137 138
138 139
139 140
140 141
141 142
142 143
143 144
144 145
145 146
146 147
147 148
148 149
149 150
150 151
151 152
152 153
153 154
154 155
155 156
156 157
157 158
158 159
159 160
160 161
161 162
162 163
163 164
164 165
165 166
166 167
167 168
168 169
169 170
170 171
171 172
172 173
173 174
174 175
175 176
176 177
177 178
178 179
179 180
180 181
181 182
182 183
183 184
184 185
185 186
186 187
187 188
188 189
189 190
190 191
191 192
192 193
193 194
194 195
195 196
196 197
197 198
198 199
199 200
179 183
147 148
143 148
93 94
13 18
73 75
165 166
36 37
28 31
38 42
185 188
91 92
13 18
91 96
55 59
195 198
54 56
151 156
150 154
194 195
113 114
119 121
51 53
112 114
100 104
167 171
44 46
109 111
131 132
67 71
56 61
107 111
8 9
171 174
163 168
186 187
108 112
91 92
111 115
125 126
181 184
151 153
6 10
36 37
107 108
109 110
43 47
21 25
114 118
138 141
63 64
109 113
44 46
129 134
77 82
126 128
13 18
116 121
61 63
17 19
106 109
105 109
83 85
158 162
115 116
48 53
114 116
74 76
11 15
1 4
84 88
84 86
101 105
19 22
41 42
9 10
80 82
96 99
30 32
179 182
19 20
83 88
137 142
92 94
85 88
53 58
189 194
18 23
61 64
55 60
114 115
40 43
62 64
16 18
150 151
96 100
27 30
151 156
62 65
71 76
133 136
114 115
78 82
22 23
55 58
55 57
142 146
14 17
118 119
176 179
68 71
129 133
18 20
2 6
171 172
92 94
27 30
182 187
146 150
40 42
42 47
190 194
40 43
95 97
181 182
24 28
175 176
108 109
13 17
113 115
149 152
122 123
49 50
65 66
137 140
43 46
123 124
9 11
166 168
85 89
46 50
68 71
146 150
112 113
74 77
66 71
148 150
145 147
158 161
24 29
52 54
18 20
45 48
44 46
50 51
49 53
109 113
29 34
62 65
148 152
157 159
114 116
119 123
35 39
32 34
183 184
32 33
161 166
79 84
25 27
95 99
155 157
115 119
1 6
61 63
62 63
167 171
141 144
16 18
70 72
92 97
61 63
168 169
37 39
155 156
32 35
124 125
119 124
45 50
74 78
102 103
137 140
166 171
45 49
180 184
79 80
70 71
70 72
19 21
161 162
73 74
33 38
36 39
129 131
71 75
46 51
191 192
141 145
131 134
71 73
131 134
17 20
169 174
102 103
175 177
189 191
120 123
176 180
50 54
75 80
99 100
119 120
88 92
15 18
136 140
95 100
72 74
194 199
37 39
86 88
76 79
80 84
164 167
194 196
184 188
131 136
41 46
169 170
76 80
76 78
156 161
62 65
50 55
139 143
127 132
144 148
9 12
53 54
152 156
190 195
159 164
133 136
4 8
133 134
164 168
113 115
194 198
9 10
21 26
194 198
53 57
29 34
123 127
102 105
90 94
79 82
182 184
55 58
37 42
117 119
140 145
135 138
61 64
133 137
23 28
5 6
186 189
173 175
35 37
33 36
9 13
39 44
53 54
16 21
59 61
83 84
132 134
115 118
71 74
178 181
142 144
90 93
33 34
105 109
56 58
62 64
168 171
174 177
103 107
151 155
183 187
108 110
194 198
153 158
109 112
111 116
169 174
162 166
26 27
33 34
150 155
32 36
84 85
55 60
70 73
192 194
137 139
61 63
71 75
191 194
26 30
39 41
66 68
72 73
120 123
55 59
131 135
87 92
151 155
83 86
169 170
151 155
163 166
11 15
75 78
121 125
110 112
17 22
23 26
41 45
184 187
8 11
58 63
14 18
146 150
171 173
62 64
57 62
15 19
40 45
177 181
115 117
168 171
88 91
64 66
77 78
49 52
28 30
13 17
190 191
162 165
170 172
109 112
39 42
43 45
3 5
138 142
92 95
67 69
62 65
44 49
112 113
136 137
130 131
168 171
7 9
79 83
183 186
61 64
145 146
75 79
1 4
136 140
120 122
93 96
89 91
11 12
2 3
127 128
154 159
48 51
189 191
62 63
89 94
114 119
98 102
160 163
189 190
67 68
48 53
2 3
27 31
143 146
30 35
119 122
11 12
79 83
86 88
158 163
23 26
40 44
112 113
106 108
14 16
127 129
168 171
64 67
162 164
38 40
87 89
34 37
185 186
172 177
26 31
52 55
89 91
35 40
76 80
173 177
162 165
12 16
110 114
106 107
88 92
142 145
117 121
177 181
168 172
190 191
107 110
191 195
139 142
145 146
36 40
173 175
131 132
43 48
110 113
7 12
137 141
102 104
169 171
9 14
120 123
153 156
166 167
10 11
1 5
110 113
127 131
164 166
57 61
75 77
186 189
129 131
45 47
133 138
19 20
12 14
132 135
80 85
10 12
14 18
13 18
161 162
104 106
55 58
173 177
83 86
40 43
107 112
53 58
9 10
165 168
9 11
193 196
193 194
40 43
43 46
150 153
5 7
129 132
71 73
22 25
119 124
145 147
136 139
19 20
134 139
147 151
147 151
71 73
162 163
98 101
85 90
94 95
56 58
59 62
129 131
3 7
189 190
59 60
13 14
14 16
107 112
161 162
143 144
100 104
45 47
171 174
105 108
42 46
79 81
32 37
93 98
4 9
74 77
106 107
15 17
178 179
192 196
76 80
145 146
142 147
94 95
122 123
169 170
44 48
185 186
78 80
186 188
140 143
152 154
130 131
193 194
119 121
193 196
102 105
142 145
26 27
171 172
112 115
110 111
73 74
87 88
170 175
153 155
94 98
114 118
171 174
30 33
14 16
111 112
191 196
140 143
114 116
17 22
60 64
10 13
131 134
125 130
183 185
28 31
69 73
142 146
38 42
169 170
138 140
152 157
171 175
74 78
19 22
15 18
133 134
152 155
189 191
171 173
53 56
14 15
157 162
39 40
9 11
121 122
143 146
1 5
93 96
28 32
63 67
170 173
170 173
27 28
86 90
67 69
80 84
80 82
169 170
187 191
193 195
130 134
65 70
114 118
58 59
123 128
33 38
33 38
63 68
4 5
71 73
164 166
186 191
113 115
50 51
169 173
182 187
163 166
50 55
4 7
35 40
49 54
34 37
110 111
191 195
93 94
37 38
190 192
57 62
30 32
191 192
138 140
194 196
78 79
32 34
109 112
170 174
24 26
126 129
106 109
27 28
136 141
5 7
193 195
96 97
16 19
134 139
132 134
35 39
44 48
82 85
87 89
129 131
66 69
88 92
12 17
57 58
161 163
37 42
45 50
32 37
149 151
142 146
33 34
182 187
180 182
182 184
124 129
96 98
45 46
138 142
56 58
112 117
149 153
186 188
100 104
36 37
46 49
142 145
38 42
73 78
7 12
64 68
142 143
186 188
115 119
18 21
27 31
3 5
46 50
159 160
37 42
75 79
75 79
65 68
31 33
9 10
51 53
178 179
195 199
137 141
91 92
175 179
88 89
177 181
50 55
55 60
158 159
93 94
136 140
62 67
157 159
85 90
21 23
37 41
67 68
110 111
157 161
79 83
62 63
41 46
178 182
190 191
82 87
111 114
156 157
163 165
176 178
97 100
121 123
95 96
105 108
145 149
52 53
22 27
156 158
131 136
90 94
57 62
185 190
25 27
31 33
66 69
112 117
182 187
4 8
60 64
14 15
161 165
66 69
193 194
69 72
79 82
16 17
6 8
9 11
78 82
130 131
187 192
103 106
41 45
82 83
17 21
143 148
70 72
163 166
166 171
18 22
91 96
90 92
88 93
143 147
33 36
192 197
4 8
1 2
162 164
119 123
165 167
17 22
194 195
185 189
98 99
24 27
143 144
135 137
175 176
125 127
164 168
120 121
125 126
73 78
102 105
154 158
127 131
173 177
97 98
37 39
188 191
57 58
144 147
155 157
156 157
22 24
133 134
91 96
121 122
153 155
76 78
24 27
178 180
26 27
13 16
71 73
177 179
8 13
65 68
51 55
62 66
47 51
177 178
175 179
171 172
22 23
97 100
154 156
104 106
104 109
55 59
191 192
24 27
40 41
34 39
96 101
156 161
3 8
81 82
13 18
82 86
157 159
159 161
70 71
186 190
141 142
51 52
66 71
159 164
3 6
52 57
9 12
108 111
161 164
109 111
131 133
12 17
23 24
24 29
60 64
154 157
98 100
135 136
37 42
2 7
124 129
103 105
44 49
87 90
13 17
80 84
131 134
56 58
90 95
140 143
52 53
62 67
105 109
185 186
159 161
89 93
158 160
89 94
66 71
49 51
160 161
165 166
12 14
155 156
77 78
195 200
10 13
19 22
138 142
167 170
82 85
137 139
98 99
90 94
12 16
156 160
85 86
23 26
82 87
41 43
98 99
20 24
119 124
172 176
104 108
126 131
66 70
116 121
179 183
110 114
191 195
81 86
145 146
135 139
29 31
160 161
130 132
174 175
170 171
29 34
69 74
124 126
65 70
109 110
185 186
79 84
42 44
114 115
161 165
171 175
38 42
135 136
8 12
152 153
140 143
194 197
78 80
1 3
93 94
9 11
156 160
162 166
191 195
125 128
149 153
30 33
183 187
193 196
50 53
147 152
89 90
114 118
126 127
121 125
46 49
121 125
13 17
81 86
148 151
113 117
140 143
181 186
146 150
140 143
114 115
87 91
9 10
177 179
129 130
65 69
142 144
31 35
128 132
73 76
33 35
48 50
88 90
13 18
15 19
91 92
44 49
131 132
68 72
26 30
32 37
55 59
22 27
46 48
102 104
93 97
119 122
92 96
147 151
86 91
90 92
97 101
23 27
51 55
27 32
41 43
76 81
40 44
15 19
48 53
178 182
193 194
95 99
181 184
165 168
62 67
156 160
99 101
185 188
172 177
125 129
164 167
71 72
82 83
46 47
96 99
84 87
5 10
35 36
7 8
163 167
194 196
128 129
60 65
44 48
117 120
105 110
88 89
14 17
43 44
183 186
57 62
27 32
146 150
25 29
51 52
108 111
71 74
122 127
152 157
3 6
104 108
85 88
193 198
179 184
77 78
108 110
15 18
167 170
101 103
18 23
114 117
183 188
171 175
126 131
119 121
108 113
117 122
154 159
69 74
38 40
136 138
150 154
150 151
61 66
119 120
143 144
193 198
14 16
190 195
174 175
186 190
171 172
102 105
103 107
131 134
182 183
120 122
25 28
62 67
42 43
166 171
56 60
108 113
172 173
56 60
98 100
43 44
194 197
182 186
143 145
14 15
106 109
55 58
44 48
160 161
88 90
157 158
101 105
60 64
37 42
21 26
43 48
14 16
108 111
110 115
77 80
160 165
73 78
56 59
109 110
71 76
31 35
106 110
37 42
67 69
62 66
103 104
91 96
159 162
176 179
161 162
182 187
188 192
42 45
166 167
188 193
116 120
186 189
133 137
15 20
49 51
27 31
79 82
39 40
70 73
137 138
56 58
25 28
49 52
13 16
126 129
98 101
32 33
98 102
41 43
88 93
150 155
100 103
74 77
5 10
32 34
21 22
186 187
186 187
177 180
8 11
11 16
111 112
159 164
189 194
180 181
118 123
151 155
81 83
95 100
3 4
118 123
76 80
161 164
95 97
165 170
173 175
53 58
38 43
154 157
187 189
1 3
50 51
77 82
137 139
174 179
32 37
12 15
126 129
145 150
55 58
95 100
146 148
33 37
52 53
133 136
114 117
156 158
26 27
193 197
149 152
83 88
7 12
135 139
52 53
127 129
184 187
75 79
80 81
39 42
72 77
119 120
58 60
169 173
161 166
13 17
88 93
41 46
25 27
162 167
2 7
121 122
149 153
139 143
58 59
85 89
95 96
127 130
18 21
169 171
85 88
66 70
90 93
96 100
27 29
87 90
133 136
1 3
75 77
32 35
110 111
163 166
178 180
134 138
25 26
128 132
51 54
88 90
22 25
53 55
71 73
2 6
63 64
20 25
132 133
165 166
120 122
44 45
114 119
26 31
31 35
41 45
32 36
48 51
59 63
75 80
173 175
131 132
149 152
79 81
13 14
115 116
143 145
164 168
47 50
69 74
194 199
54 56
144 148
123 127
147 148
117 118
107 111
99 103
16 17
19 21
170 175
18 20
65 70
142 145
11 14
174 176
153 155
88 89
166 167
60 65
157 161
66 67
182 184
169 172
143 148
120 125
189 192
194 195
185 190
40 44
160 161
74 75
180 184
164 166
31 32
127 131
28 30
169 171
185 187
111 115
175 178
44 49
24 28
26 29
89 93
116 120
102 107
97 101
44 49
82 84
92 97
47 51
28 32
27 31
178 182
172 175
80 81
115 116
82 87
80 81
133 136
156 158
166 170
141 146
183 185
151 153
169 173
190 191
84 89
109 111
5 9
173 178
134 138
150 153
153 156
99 101
161 166
90 93
85 86
122 126
34 35
46 50
167 170
111 115
33 37
118 123
192 195
49 53
191 195
129 133
55 59
149 152
112 116
153 158
152 154
45 46
154 158
82 87
163 165
116 119
191 194
183 188
138 139
34 37
21 26
123 125
50 53
168 172
120 124
120 124
152 156
100 104
190 192
92 96
61 66
89 92
61 66
173 174
109 110
13 14
191 195
40 41
173 175
178 179
133 137
53 58
137 142
137 141
41 45
162 165
26 28
175 179
43 47
177 180
146 151
180 183
80 81
140 144
100 103
13 15
56 60
112 113
150 153
97 99
161 164
90 93
81 86
74 77
31 33
43 46
140 142
161 163
66 68
189 192
34 35
144 148
63 64
188 189
159 162
22 27
61 65
72 76
50 55
73 78
44 49
157 158
81 83
33 38
187 192
191 194
72 73
157 161
96 100
145 148
51 52
88 90
39 40
16 19
70 71
11 12
167 172
60 62
43 44
26 30
93 95
24 29
93 96
125 130
11 16
168 171
166 169
130 135
155 160
149 150
154 157
186 187
157 162
130 132
18 22
55 57
171 172
136 141
125 130
62 65
107 108
180 181
83 86
17 20
57 61
158 161
17 21
26 30
178 183
18 21
107 112
11 15
6 7
42 43
78 79
123 125
75 78
77 80
146 151
99 100
71 72
27 29
28 29
147 149
183 188
113 118
29 34
81 84
45 50
143 146
134 136
106 108
28 33
46 47
120 121
5 6
103 104
79 82
38 39
110 111
148 153
181 185
84 88
30 35
78 80
13 14
159 161
14 18
166 167
106 111
105 110
165 167
88 92
18 20
27 28
47 51
102 103
128 132
118 122
192 193
104 109
154 156
166 170
142 145
21 25
102 103
115 120
158 159
86 88
3 7
169 170
195 199
79 81
13 18
59 63
34 36
104 109
86 89
147 149
66 71
6 9
126 131
6 8
179 182
20 21
30 32
64 65
145 149
43 45
55 56
82 87
144 145
157 162
52 55
162 164
107 112
114 116
154 155
130 135
157 162
23 27
23 25
91 93
23 28
96 101
54 56
42 43
7 12
48 49
137 138
98 99
82 87
81 85
100 102
16 17
130 132
155 157
173 177
30 33
192 196
153 157
101 105
6 10
129 133
172 175
130 134
11 16
93 95
192 196
162 167
2 7
61 66
91 95
36 40
149 152
163 168
194 195
26 29
7 12
48 53
149 152
159 164
113 114
128 133
125 130
6 7
27 30
39 43
30 31
153 158
96 98
192 196
58 63
82 84
191 195
73 77
106 109
147 149
37 40
52 54
89 90
92 96
182 185
39 43
41 43
67 72
18 22
100 104
195 199
137 138
29 31
111 116
50 55
94 98
23 25
24 26
168 171
129 130
133 137
150 153
185 190
31 32
24 28
53 57
125 129
86 90
152 155
145 146
48 51
96 101
184 186
16 19
162 166
101 104
170 171
42 45
172 176
10 15
121 125
22 27
21 26
174 177
121 123
96 100
53 57
147 152
182 183
86 91
186 190
77 82
102 103
28 33
60 62
89 94
174 177
87 92
133 138
179 184
60 62
53 54
128 133
151 156
190 191
54 58
113 115
140 142
98 103
176 179
184 188
99 101
6 8
125 128
72 74
12 14
106 109
55 58
182 187
162 165
2 4
69 74
96 100
60 63
13 16
15 18
178 182
71 76
61 66
128 133
13 17
7 8
8 9
143 144
141 144
192 197
67 70
189 193
95 99
153 154
178 183
174 176
115 118
138 142
22 26
73 78
140 144
97 99
14 18
60 63
171 172
51 53
124 128
95 97
126 127
53 58
113 116
113 115
92 93
65 69
102 103
35 40
191 192
79 80
166 169
109 112
140 141
114 117
80 83
59 60
49 54
180 181
148 149
98 102
43 48
184 185
50 54
125 126
114 117
180 184
181 183
113 117
28 29
97 99
29 31
179 184
71 75
110 113
85 88
70 74
83 85
179 182
67 69
200 1
200 2000 50
200 180 160 140 120 100 80 60 40 20 1 2 3 4 5 6 7 8 9 10 11 12 13 14 15 16 17 18 19 20 21 22 23 24 25 26 27 28 29 30 31 32 33 34 35 36 37 38 39 40
1 2
2 3
3 4
4 5
5 6
6 7
7 8
8 9
9 10
10 11
11 12
12 13
13 14
14 15
15 16
16 17
17 18
18 19
19 20
20 21
21 22
22 23
23 24
24 25
25 26
26 27
27 28
28 29
29 30
30 31
31 32
32 33
33 34
34 35
35 36
36 37
37 38
38 39
39 40
40 41
41 42
42 43
43 44
44 45
45 46
46 47
47 48
48 49
49 50
50 51
51 52
52 53
53 54
54 55
55 56
56 57
57 58
58 59
59 60
60 61
61 62
62 63
63 64
64 65
65 66
66 67
67 68
68 69
69 70
70 71
71 72
72 73
73 74
74 75
75 76
76 77
77 78
78 79
79 80
80 81
81 82
82 83
83 84
84 85
85 86
86 87
87 88
88 89
89 90
90 91
91 92
92 93
93 94
94 95
95 96
96 97
97 98
98 99
99 100
100 101
101 102
102 103
103 104
104 105
105 106
106 107
107 108
108 109
109 110
110 111
111 112
112 113
113 114
114 115
115 116
116 117
117 118
118 119
119 120
120 121
121 122
122 123
123 124
124 125
125 126
126 127
127 128
128 129
129 130
130 131
131 132
132 133
133 134
134 135
135 136
136 137
137 138
138 139
139 140
140 141
141 142
142 143
143 144
144 145
145 146
146 147
147 148
148 149
149 150
150 151
151 152
152 153
153 154
154 155
155 156
156 157
157 158
158 159
159 160
160 161
161 162
162 163
163 164
164 165
165 166
166 167
167 168
168 169
169 170
170 171
171 172
172 173
173 174
174 175
175 176
176 177
177 178
178 179
179 180
180 181
181 182
182 183
183 184
184 185
185 186
186 187
187 188
188 189
189 190
190 191
191 192
192 193
193 194
194 195
195 196
196 197
197 198
198 199
199 200
47 48
153 155
40 44
172 174
82 85
106 111
42 45
125 127
78 79
94 95
111 115
105 110
193 198
156 160
104 105
48 49
67 72
175 179
187 189
181 184
84 88
153 157
83 87
140 141
4 6
30 31
10 12
92 95
151 153
159 162
195 198
192 195
145 149
1 3
80 81
11 14
25 26
47 51
149 150
47 50
111 113
31 35
97 99
47 49
60 61
128 131
21 22
141 146
127 130
15 17
108 111
98 103
147 150
27 31
176 181
143 145
137 141
163 165
94 98
37 38
160 165
80 83
41 43
29 30
112 117
168 170
40 43
83 88
137 139
186 187
120 121
10 12
84 86
112 116
19 24
54 59
164 166
2 7
62 67
168 170
65 67
78 82
143 148
67 69
136 140
105 109
193 196
139 141
147 150
138 141
35 39
68 73
61 63
48 51
187 191
171 176
62 67
133 134
38 39
136 141
5 10
22 25
39 42
143 144
179 182
145 147
104 107
67 70
145 146
123 125
81 82
7 12
99 104
170 171
102 107
171 176
32 36
145 150
75 79
23 24
100 105
49 53
173 177
151 153
170 175
142 143
61 63
86 89
156 161
191 196
47 50
101 102
120 123
97 98
44 45
179 181
54 58
169 172
127 130
112 117
77 82
25 26
27 30
1 4
9 12
90 93
162 166
1 2
173 177
11 14
155 158
9 10
57 60
94 95
116 119
54 56
191 195
52 56
67 71
158 163
136 140
145 146
189 191
43 48
95 100
29 30
165 170
11 12
96 101
68 71
11 14
54 57
7 8
158 162
57 62
29 30
63 67
59 63
11 16
186 190
156 158
106 110
85 89
108 109
94 99
10 11
75 78
59 64
172 173
190 192
6 9
11 14
148 149
37 39
121 126
104 107
177 179
180 185
156 161
169 171
81 82
138 139
145 148
105 108
141 143
63 64
191 193
109 111
125 127
107 108
87 91
144 145
184 185
159 163
93 98
103 107
143 144
82 86
102 107
15 18
3 8
154 158
94 95
150 153
127 131
120 121
15 17
22 26
57 58
114 119
176 180
189 193
146 147
192 197
117 119
75 79
183 186
141 146
152 156
194 196
11 15
80 85
85 90
172 176
186 188
71 74
22 24
140 145
25 30
113 117
46 48
59 61
9 10
122 127
69 71
3 8
41 43
29 32
103 107
63 66
149 151
108 112
154 156
161 164
144 145
74 76
191 192
184 188
143 147
34 39
136 140
170 174
16 21
12 13
166 168
128 130
177 180
146 147
93 98
103 104
194 196
55 58
64 65
103 108
22 26
134 138
148 151
82 85
29 31
112 115
56 60
29 34
14 15
120 123
125 130
5 8
181 183
191 193
82 85
96 100
76 79
91 95
123 124
40 42
18 23
183 186
42 44
6 10
6 8
89 93
29 31
161 166
122 127
103 104
60 61
90 95
28 32
168 173
17 21
52 54
26 29
129 132
49 51
195 197
111 113
110 111
113 117
133 135
56 57
66 71
52 56
177 179
33 34
163 165
131 132
102 106
138 143
190 192
127 131
111 113
69 70
68 72
36 41
133 137
19 24
141 143
23 26
72 75
191 195
15 16
138 142
44 47
178 179
149 153
123 127
87 92
83 84
155 159
58 61
157 158
95 98
91 93
27 29
18 23
12 15
69 74
126 131
29 32
130 131
41 46
124 125
179 184
181 183
54 57
119 124
26 29
87 92
120 122
170 175
127 129
26 28
50 53
190 195
15 19
39 43
6 8
132 134
51 55
67 71
94 95
41 44
36 38
194 197
54 59
105 108
179 182
135 137
176 181
55 60
160 162
23 25
59 64
7 8
44 45
140 145
93 95
77 78
161 164
131 133
40 45
168 169
31 34
94 96
178 183
187 189
193 197
15 18
152 153
123 126
87 92
86 88
184 187
164 165
135 136
175 179
154 155
165 167
122 125
182 186
99 100
20 24
60 63
37 42
187 191
188 191
178 182
136 141
13 18
184 189
76 79
20 23
168 170
104 107
117 122
195 196
190 193
12 14
79 84
124 128
175 179
7 10
133 135
72 77
166 171
29 32
100 104
122 123
34 37
63 66
8 11
105 109
95 100
121 123
11 15
15 19
159 162
55 57
149 150
51 55
133 137
110 113
11 13
80 81
187 191
98 103
111 114
152 154
144 147
4 8
173 177
111 114
10 14
44 48
188 191
141 144
77 78
142 145
113 117
182 185
183 186
186 187
96 99
1 4
44 47
116 118
148 149
44 45
173 178
19 22
163 166
61 63
80 83
168 171
96 98
144 149
186 191
167 169
91 92
79 84
68 69
85 88
175 180
54 55
16 17
60 63
136 140
13 14
154 157
26 29
65 69
13 18
170 173
181 186
19 22
80 85
41 45
18 20
161 164
147 151
39 41
185 187
125 128
180 181
32 33
53 55
116 120
125 128
26 31
111 116
151 154
78 83
67 69
35 39
178 181
153 156
183 185
124 127
146 149
118 123
101 105
58 60
147 149
50 52
66 71
119 123
165 169
189 191
114 119
16 18
69 71
170 174
7 8
110 114
178 180
29 34
82 85
15 18
4 6
159 162
54 58
135 137
127 132
1 2
71 74
100 104
25 26
183 186
44 45
192 193
188 192
57 62
1 2
43 46
129 131
17 18
176 178
180 181
168 170
10 14
47 49
98 102
18 22
140 142
148 153
53 56
2 7
169 170
92 95
14 15
11 14
3 6
143 147
187 190
111 115
146 148
2 3
53 54
74 76
191 195
98 101
86 90
117 121
138 141
62 64
17 18
102 103
174 179
188 189
30 34
92 97
30 35
177 181
62 64
140 143
140 144
88 93
139 142
19 24
153 155
12 13
90 93
120 122
190 193
176 177
6 11
133 136
25 29
87 89
75 77
15 18
18 20
131 135
7 12
84 87
97 101
48 52
96 101
64 66
174 178
77 82
96 100
96 100
136 141
31 33
101 103
30 34
11 13
190 192
35 40
189 191
178 183
155 156
66 67
9 11
32 34
153 157
191 196
84 85
16 19
110 114
10 15
90 94
123 127
82 85
112 113
127 128
148 149
176 178
5 8
166 169
10 12
113 116
138 139
107 111
100 103
72 76
11 14
177 181
160 163
87 91
14 17
115 116
113 114
154 157
61 62
184 188
36 39
90 91
85 88
179 180
36 39
188 191
24 25
63 66
185 190
36 41
71 75
145 147
180 183
75 80
14 16
191 194
180 185
72 75
55 56
141 143
3 8
15 18
58 62
183 186
112 117
21 24
187 191
182 184
172 177
133 138
159 163
46 50
101 104
125 130
23 25
75 80
98 101
109 114
101 104
177 181
31 35
195 196
43 47
65 69
18 23
161 164
5 10
6 11
107 108
100 102
122 123
80 83
14 17
18 21
139 140
164 165
6 7
88 89
105 108
46 50
178 182
165 166
18 21
43 46
9 11
77 79
25 26
45 46
144 145
48 53
31 33
113 115
135 140
82 86
105 107
166 171
110 111
137 142
123 124
127 128
85 90
109 111
39 44
65 69
144 145
115 118
102 105
14 19
31 32
117 122
25 27
142 147
119 124
58 59
174 179
162 167
114 116
69 71
69 71
124 125
49 50
37 39
91 94
174 178
88 89
149 151
128 129
90 92
120 122
193 194
195 199
112 115
44 49
100 103
75 79
179 180
161 166
68 71
145 146
77 80
116 120
80 83
74 79
7 9
82 83
159 161
25 28
88 93
135 140
132 136
3 6
132 133
16 17
138 143
161 164
136 140
138 142
156 161
31 35
144 146
105 109
129 133
49 50
101 104
30 35
189 191
19 20
35 36
152 156
182 186
45 50
45 46
120 123
163 166
48 49
152 156
171 173
114 115
61 65
101 106
35 40
193 198
114 115
121 125
129 134
195 199
135 137
27 28
137 138
190 191
39 43
97 101
85 89
118 121
163 167
111 116
41 44
175 178
67 71
92 94
143 145
70 73
30 34
114 116
114 116
32 35
163 167
43 46
14 17
150 151
117 119
168 170
125 127
79 83
128 130
89 94
194 198
124 125
121 125
68 70
174 179
60 65
145 149
44 48
73 77
90 95
86 87
3 4
117 121
49 54
186 189
130 133
89 93
110 114
49 50
114 115
161 163
18 22
59 64
107 110
178 180
2 3
32 36
189 192
99 101
36 39
155 158
15 16
158 162
37 41
29 31
101 104
127 129
186 187
65 69
97 101
36 40
40 45
102 103
175 177
14 19
141 146
191 195
132 134
28 32
127 128
80 83
186 191
43 47
192 197
82 84
159 161
108 112
147 150
178 183
162 167
69 71
45 50
72 75
181 185
10 13
102 107
116 120
97 99
81 82
66 71
177 181
90 94
22 27
134 137
95 99
182 183
60 63
35 39
58 62
178 183
44 47
151 156
60 61
38 40
94 99
155 159
28 33
26 31
28 31
159 164
112 117
124 125
2 7
17 19
146 147
169 174
172 177
67 71
133 137
147 152
104 106
170 172
79 84
129 130
149 151
123 124
161 166
30 34
103 108
140 142
118 119
86 87
150 155
134 139
41 42
45 48
122 125
51 52
97 102
117 120
39 44
28 29
154 159
37 39
76 79
178 179
68 69
188 192
57 60
195 197
152 153
13 14
15 20
192 197
115 118
111 112
20 25
105 106
175 176
128 130
92 95
25 28
141 145
5 7
178 182
60 61
29 30
125 130
171 173
131 133
68 73
14 19
164 169
171 175
178 182
195 198
177 182
58 63
20 24
142 146
66 67
113 118
72 76
191 195
30 35
130 132
36 37
77 81
179 182
15 16
95 97
75 76
32 37
175 180
83 85
66 70
44 47
18 22
136 138
5 8
127 131
12 14
172 177
36 40
56 59
99 103
175 179
129 133
92 93
84 89
36 37
185 189
63 64
157 161
135 140
4 9
143 147
166 170
4 9
53 56
53 57
93 94
131 132
150 154
92 96
90 94
92 93
37 38
59 63
169 170
28 30
173 175
159 164
8 10
114 115
141 142
73 74
11 16
39 43
167 170
186 187
177 181
24 28
158 163
17 18
150 152
108 110
192 194
182 183
21 26
65 69
25 30
1 3
80 85
117 120
100 101
16 18
53 56
5 6
158 163
89 92
70 74
29 34
104 107
21 22
12 17
33 34
158 163
38 42
166 169
86 90
33 36
167 171
164 166
89 92
11 16
108 113
176 180
127 131
185 188
35 40
129 132
9 12
13 16
77 82
89 90
183 184
179 182
39 43
39 43
94 95
22 27
8 9
105 110
16 20
31 32
12 17
128 133
127 128
119 121
62 64
168 169
187 191
49 51
9 14
168 173
74 75
102 105
40 43
105 110
142 147
48 52
100 105
34 38
153 158
7 10
62 64
175 180
169 171
10 11
163 165
105 106
127 128
66 70
106 111
76 77
31 35
23 26
90 91
120 123
133 134
17 21
45 48
171 175
82 85
132 136
60 63
162 163
2 6
195 197
184 189
14 16
17 18
38 43
61 63
94 99
186 189
141 145
139 141
132 134
22 23
139 141
40 45
60 61
190 193
127 128
10 11
45 50
70 74
162 165
34 38
171 174
34 39
94 95
16 18
97 99
169 171
12 16
191 194
131 136
11 12
67 69
59 64
1 5
110 113
83 85
120 123
114 116
69 70
99 101
18 19
67 70
18 22
153 154
175 177
98 101
176 177
186 187
19 24
71 72
126 129
67 72
182 186
22 26
46 50
16 19
20 24
171 173
42 44
21 24
75 78
33 37
107 109
194 198
85 89
126 130
25 29
68 69
173 176
63 68
74 77
21 22
100 102
117 121
119 124
20 22
106 110
189 190
103 106
90 92
143 147
86 89
18 23
161 165
119 121
132 133
151 155
149 154
63 64
113 115
133 135
190 194
103 108
55 59
157 159
141 142
129 131
16 20
167 171
171 173
17 21
78 80
19 22
78 83
94 97
11 15
69 74
111 115
13 17
19 22
133 134
37 38
87 89
94 98
159 160
172 177
121 125
121 126
150 155
112 114
140 144
2 6
8 13
20 23
43 46
31 33
41 43
142 147
151 156
138 141
85 86
9 11
9 12
114 117
103 105
48 51
111 112
99 104
151 153
128 131
12 15
83 86
15 17
102 104
138 143
74 78
118 120
80 81
167 168
161 162
114 119
194 196
128 129
37 41
29 31
54 57
191 194
14 18
94 96
94 99
137 142
52 55
70 72
92 97
20 22
52 57
25 28
90 91
72 77
143 148
62 65
128 131
39 41
10 14
163 168
87 90
194 195
184 186
66 70
4 7
14 19
20 22
107 111
75 79
152 156
29 30
102 104
104 108
121 126
31 33
2 4
19 23
177 178
162 164
36 41
169 170
75 80
118 122
192 195
48 49
91 96
176 179
150 153
142 145
126 127
157 160
93 97
31 32
65 66
130 131
9 11
40 43
163 165
74 78
52 54
171 175
32 34
111 115
125 127
101 106
5 10
77 81
5 6
3 5
127 132
158 159
78 79
43 45
91 92
186 190
149 150
35 39
149 150
138 143
39 40
26 30
155 160
146 150
143 144
48 53
121 125
57 60
182 184
135 140
27 31
130 132
167 169
105 108
126 129
178 179
153 155
96 99
76 81
52 56
79 80
149 154
168 170
118 121
63 66
169 170
185 186
24 29
186 187
133 136
55 56
184 185
60 65
120 122
93 96
17 21
138 141
103 106
176 179
145 149
152 155
173 178
117 121
184 187
90 91
35 39
71 74
191 194
131 134
83 88
58 60
6 9
66 69
95 97
189 190
105 106
23 27
133 137
13 15
158 161
168 172
61 63
141 143
84 85
177 181
163 168
195 196
106 109
35 38
121 122
83 85
79 80
83 88
94 98
179 182
65 70
31 36
175 179
119 122
76 79
105 110
176 181
89 94
97 101
72 75
122 126
124 125
158 160
8 9
100 101
124 126
29 31
137 141
33 34
178 183
122 127
84 88
37 40
119 121
65 67
130 134
5 7
87 91
171 175
52 54
189 192
194 198
128 132
47 51
91 92
141 143
55 57
45 50
104 109
159 160
117 119
76 78
129 130
35 38
71 75
188 191
43 45
74 76
100 102
10 15
186 189
109 111
38 43
123 126
72 73
184 185
98 100
96 100
84 89
64 69
28 32
29 30
15 17
179 181
145 149
146 151
54 56
130 134
167 168
176 180
126 129
170 175
170 172
32 33
139 143
93 96
144 145
13 15
45 47
55 58
7 10
157 160
60 65
78 81
72 76
43 44
166 171
116 121
174 175
49 52
43 44
186 191
35 39
173 176
98 102
113 114
104 108
192 197
22 26
27 30
189 192
15 20
159 160
105 106
44 45
131 135
65 70
145 148
162 164
175 179
141 144
162 167
163 167
50 55
47 50
35 36
160 162
19 23
95 96
102 103
116 118
37 39
138 143
183 185
147 151
119 122
1 4
126 130
128 131
181 186
75 79
163 168
95 96
61 63
7 10
110 111
88 90
72 74
108 112
22 25
164 165
154 155
37 39
145 146
107 110
101 105
36 39
69 72
18 21
36 41
25 28
54 59
38 42
192 194
93 94
73 75
125 126
76 77
150 152
86 88
43 45
104 109
181 185
135 138
51 53
57 58
176 178
39 43
163 166
88 92
52 55
53 55
19 20
91 92
90 91
125 130
131 132
61 64
65 67
8 13
168 169
73 78
134 139
105 106
59 60
42 43
142 147
82 84
136 139
158 163
130 133
122 126
157 160
108 110
79 84
78 82
22 27
18 20
141 146
181 186
170 173
162 164
171 172
98 100
7 9
181 185
77 80
13 18
139 140
89 93
36 39
166 170
192 193
186 190
66 67
26 27
102 105
36 39
186 190
80 82
143 148
38 39
187 189
149 150
87 91
164 169
70 73
64 68
68 72
124 127
11 12
1 6
166 171
74 78
186 189
65 66
7 11
131 132
33 38
126 131
179 182
41 46
124 125
74 75
99 100
168 170
54 58
154 158
42 47
100 103
19 20
131 134
165 167
99 103
183 187
55 59
164 168
38 42
154 159
79 84
74 76
194 195
183 188
43 48
184 188
41 46
44 46
3 7
39 42
188 191
30 34
101 103
162 167
85 86
26 28
109 112
188 193
4 7
149 152
131 132
200 1
