5
200 2000 66
200 144 38 45 14 46 154 31 23 174 50 59 13 26 66 151 72 30 190 20 156 199 75 143 119 74 193 150 141 131 67 102 86 79 84 54 115 117 171 110 12 157 62 192 6 126 56 100 15 125 57 81 55 94 7 78 178 92 52 70 196 68 167 184 140 176 
32 82
52 129
5 122
85 60
128 1
199 26
91 132
61 25
14 177
146 3
147 199
59 102
66 172
145 28
133 164
96 3
197 9
131 150
76 53
54 34
153 98
34 42
191 91
84 188
134 1
14 178
105 127
29 162
150 101
18 39
105 81
89 93
49 25
29 96
193 154
98 14
81 69
137 32
43 28
159 53
190 17
70 159
70 8
27 100
114 96
78 79
164 30
69 52
77 122
58 143
14 88
120 78
120 56
34 3
21 30
93 67
133 139
89 193
42 154
147 59
101 60
62 124
102 53
61 129
127 189
194 188
26 47
19 164
47 21
31 99
199 162
174 110
59 182
127 184
30 38
15 168
7 58
32 167
24 85
87 139
161 48
30 198
142 152
184 23
60 107
96 96
193 31
138 38
113 115
72 165
129 123
166 50
16 80
126 54
121 38
77 42
147 69
44 53
184 89
89 7
113 34
195 106
41 164
34 124
150 136
20 95
75 169
32 33
33 120
183 132
81 17
110 134
83 75
7 138
10 100
93 189
38 75
34 138
129 188
116 15
138 167
140 166
141 113
142 21
1 113
180 78
48 141
115 143
67 147
172 163
107 192
116 32
145 21
140 103
200 180
170 175
77 47
199 154
102 34
87 62
192 180
28 54
31 138
195 174
130 116
108 66
156 190
102 184
76 120
26 185
134 166
124 101
32 49
157 52
54 52
67 125
22 8
15 98
141 32
37 186
168 110
32 118
43 20
84 21
174 36
146 113
59 41
24 23
114 51
14 3
133 111
50 17
36 52
109 133
154 64
76 20
157 25
7 120
194 20
117 104
103 33
110 22
16 45
104 95
67 159
83 31
43 139
173 74
81 115
30 52
126 41
197 122
50 133
186 199
128 77
57 120
112 136
149 128
124 106
11 68
171 12
195 64
97 9
107 177
165 186
83 17
122 163
130 14
86 115
7 91
86 160
89 93
112 24
104 191
87 9
1 127
147 98
14 110
54 144
108 60
128 195
163 50
132 38
41 7
73 122
96 44
106 59
59 111
199 66
61 51
17 49
107 6
114 106
28 186
186 112
32 133
43 101
142 178
94 91
29 117
60 138
68 58
102 40
105 103
21 44
6 45
155 42
31 99
88 91
62 19
6 114
8 172
141 144
93 166
48 112
171 89
198 164
115 54
185 6
51 196
147 112
194 164
60 141
175 181
109 93
19 186
105 157
98 175
6 52
119 40
120 159
197 33
62 30
110 183
148 6
79 30
127 125
98 48
164 128
27 181
2 80
171 117
155 193
193 176
78 66
132 166
72 184
58 47
143 146
172 109
149 86
55 101
131 147
84 2
20 45
9 153
86 173
135 150
92 6
74 102
38 153
196 163
127 9
154 99
86 72
21 32
134 24
178 74
23 59
114 41
66 52
3 139
121 67
21 116
52 5
158 9
109 137
191 124
125 108
29 67
5 14
193 49
62 155
80 195
65 11
43 69
80 131
40 2
147 10
63 127
116 164
14 73
27 26
30 123
51 16
12 49
27 150
144 111
182 184
41 187
179 14
80 78
110 116
168 71
69 186
148 176
3 93
177 39
161 45
8 70
40 190
6 44
176 15
35 74
156 93
22 151
44 137
7 188
42 30
52 153
77 84
141 78
129 128
96 146
53 73
5 127
52 180
27 100
197 129
97 11
114 188
62 40
108 173
34 200
142 161
131 159
37 135
97 9
39 115
113 162
49 94
126 70
71 92
83 146
160 21
11 88
71 172
1 199
132 59
8 17
193 13
45 76
21 27
47 137
12 168
14 72
188 101
9 89
170 101
199 85
147 1
167 123
92 54
96 27
67 154
10 39
171 83
138 85
155 80
106 7
40 166
110 98
111 100
192 98
116 127
158 133
61 15
111 59
15 144
65 181
121 2
30 187
156 42
106 164
177 39
119 33
3 181
65 58
112 133
107 32
117 115
192 42
47 111
122 17
10 164
70 51
94 140
182 179
29 74
158 64
182 135
104 42
93 166
192 88
121 71
120 84
197 16
13 60
56 119
184 59
76 49
71 183
130 119
1 105
37 132
29 129
99 144
44 119
71 103
138 26
65 27
89 84
53 62
150 28
128 89
146 51
94 160
114 80
78 115
7 189
12 6
39 151
174 10
107 169
48 138
55 186
65 135
101 82
67 29
114 169
103 188
159 1
190 23
153 159
33 56
185 37
82 42
5 99
153 86
157 1
176 175
55 63
104 61
44 125
153 158
145 60
29 104
135 107
134 144
179 42
68 55
54 3
136 199
22 132
123 139
107 150
136 36
187 177
45 180
31 22
95 15
19 123
187 197
186 43
69 74
32 19
101 134
126 46
21 30
42 50
61 33
172 105
71 115
18 152
83 45
76 179
131 67
169 192
64 156
193 144
60 182
40 89
110 168
193 126
73 126
49 181
189 56
80 64
109 187
84 141
135 103
141 182
31 127
162 122
68 140
146 178
137 194
28 156
118 178
168 116
13 182
3 134
85 49
23 53
154 148
41 15
123 145
98 102
90 156
14 97
24 37
87 105
54 40
35 165
141 37
178 150
79 33
1 196
196 114
162 15
110 151
162 78
182 174
41 20
76 3
181 70
106 16
168 174
170 15
13 27
84 186
191 182
17 188
50 39
82 70
24 94
146 58
110 59
32 131
20 94
78 59
160 175
76 132
131 120
30 88
43 198
169 80
79 124
75 49
47 127
184 50
1 171
165 135
61 148
57 106
186 174
127 173
30 102
6 177
2 159
80 17
163 94
151 135
99 22
195 175
38 85
85 71
110 133
47 86
111 83
154 66
11 59
111 111
183 27
182 31
116 179
162 156
199 124
43 64
98 134
27 70
65 112
89 94
29 4
145 189
68 200
186 147
135 126
198 115
179 12
110 70
105 53
67 128
103 199
54 74
12 91
138 166
135 144
36 134
112 136
10 158
197 161
33 53
119 5
117 176
67 187
93 167
130 164
140 22
1 111
97 181
25 133
152 192
200 77
95 72
6 146
74 8
145 56
119 81
34 74
59 118
38 111
155 65
190 32
91 12
111 108
179 65
90 197
37 75
53 8
177 114
48 8
169 83
193 180
45 126
88 172
112 102
108 200
64 52
133 42
2 188
200 63
156 31
70 65
186 71
92 8
82 62
133 60
159 64
67 45
58 76
98 68
28 31
45 87
93 145
191 40
136 173
124 15
93 53
189 187
158 21
95 101
74 131
116 54
197 30
121 59
14 27
55 168
8 73
58 11
73 142
181 140
142 8
83 164
85 189
95 59
49 19
190 191
170 194
152 124
82 61
194 87
89 116
111 146
162 36
122 164
156 37
77 158
106 139
174 166
4 111
45 167
179 115
119 135
129 97
110 72
110 61
31 40
156 14
106 97
12 129
101 170
95 182
105 28
142 152
188 86
98 57
110 57
165 141
92 4
199 2
104 33
90 86
158 94
70 49
192 110
102 151
196 13
9 63
49 200
49 119
77 186
168 85
2 96
182 15
148 86
92 36
5 79
165 105
97 154
7 93
170 143
62 142
157 174
162 194
3 9
140 94
34 52
188 26
105 68
94 147
183 198
185 200
141 187
23 85
87 58
71 11
39 62
182 110
18 28
162 110
129 79
61 55
65 156
72 128
164 86
174 176
14 194
165 124
16 36
104 154
104 144
31 138
135 26
149 16
186 32
97 147
82 50
86 104
28 160
124 80
82 68
172 6
103 68
88 130
55 122
16 57
21 124
174 26
155 28
187 194
6 160
16 33
198 67
142 28
186 58
14 81
19 104
154 133
69 179
66 161
89 29
104 185
149 4
92 36
170 66
25 70
196 198
198 57
190 121
38 112
44 161
192 3
111 18
152 142
93 184
76 18
6 142
119 106
80 10
10 38
20 22
174 28
14 57
99 170
161 44
84 126
185 38
193 78
103 16
188 184
16 17
196 139
102 44
141 100
14 101
14 186
153 39
34 154
163 121
128 76
39 52
66 180
81 175
57 35
146 76
56 27
103 72
93 182
26 183
83 191
48 37
42 103
57 134
85 170
36 167
27 128
168 34
199 61
132 166
121 152
152 85
123 8
25 60
140 34
81 47
160 148
109 98
61 110
53 73
176 195
191 49
166 45
165 141
188 22
194 122
200 55
57 99
45 93
174 110
178 159
27 92
188 154
197 157
16 141
164 146
154 118
78 145
48 131
92 61
31 89
4 67
6 104
54 151
94 36
119 172
168 54
25 199
111 185
40 149
129 118
62 48
3 57
88 143
154 130
104 171
162 92
65 34
35 177
190 135
47 52
171 192
125 158
57 31
49 98
103 154
106 169
140 108
19 118
150 9
131 122
22 165
60 106
49 46
23 100
89 69
119 30
106 185
154 151
61 133
179 180
16 5
122 36
12 44
83 52
166 177
3 76
119 21
150 136
85 183
99 152
79 169
190 25
44 72
149 169
116 87
172 79
117 101
2 1
200 130
185 83
90 46
18 127
140 170
150 32
43 13
118 117
49 1
92 60
185 84
128 165
199 79
140 179
62 33
25 175
184 85
191 44
145 40
88 163
172 77
86 9
141 81
57 140
181 175
162 50
74 116
18 170
52 100
4 72
177 196
158 54
50 174
125 166
76 200
86 113
144 189
69 147
26 154
2 148
14 114
159 56
6 179
28 104
53 126
171 95
32 171
148 54
80 155
57 129
17 117
187 103
142 65
180 30
139 144
83 141
57 26
27 96
197 22
156 127
178 126
49 79
18 128
128 184
1 62
29 133
42 31
111 95
136 180
89 91
7 187
171 31
104 111
183 89
176 55
68 64
1 75
174 184
112 130
156 99
189 110
64 43
166 126
67 137
173 131
174 17
198 60
146 163
25 114
145 195
118 172
123 42
68 181
146 35
64 121
55 143
125 164
59 170
46 74
181 27
197 48
18 24
56 90
89 63
191 122
75 198
103 32
194 109
146 188
38 167
108 86
81 140
135 86
4 194
9 44
55 55
145 18
22 176
181 173
63 141
159 175
165 27
163 80
143 169
163 121
89 180
147 191
58 67
173 198
173 99
134 67
185 124
152 161
120 10
94 157
4 173
75 154
21 89
27 6
164 71
175 122
187 114
5 110
35 115
111 179
13 165
40 167
33 2
58 85
170 77
162 67
104 165
65 90
197 144
165 73
48 30
63 193
93 129
107 2
19 100
75 30
164 73
28 153
9 2
63 55
171 121
193 157
123 7
11 103
148 113
107 177
83 30
50 38
30 162
132 60
58 30
115 165
99 182
172 40
144 2
151 14
68 62
67 62
110 146
129 105
186 154
53 158
14 71
56 159
62 28
96 187
8 34
150 106
185 133
46 76
62 4
171 90
107 117
161 195
200 62
137 104
23 109
1 73
40 18
49 78
173 120
175 143
30 23
196 4
142 132
61 77
3 63
122 195
122 77
162 53
177 140
181 45
188 26
65 193
17 182
190 178
20 52
154 8
51 141
45 100
2 37
14 188
200 164
53 146
56 182
6 77
66 75
156 95
56 127
156 6
57 27
62 27
177 138
40 166
191 181
130 144
190 175
171 103
4 146
154 166
134 112
22 42
186 67
15 182
51 14
186 160
81 73
33 26
86 33
129 74
34 181
186 2
168 2
11 184
135 193
35 15
74 76
145 29
169 12
188 67
158 150
92 136
32 129
80 166
147 97
77 83
53 71
197 65
2 127
14 127
42 57
143 94
30 121
94 156
199 7
117 109
39 175
104 37
190 65
121 175
54 155
13 193
199 66
196 133
84 157
172 42
140 178
38 33
17 95
8 121
5 138
137 44
200 17
72 63
19 164
190 61
129 85
143 37
24 15
158 159
20 84
70 19
141 133
153 18
28 6
180 107
73 15
17 112
40 69
116 54
144 159
142 17
67 9
198 141
49 60
19 14
44 164
163 113
69 57
111 137
149 79
12 43
69 14
147 129
200 34
170 195
140 27
98 186
28 15
7 163
40 59
35 42
11 182
3 36
196 38
168 196
62 185
159 55
9 37
9 176
86 152
156 85
143 177
56 24
93 117
155 182
31 164
190 179
98 185
158 85
147 37
28 61
198 164
141 89
99 22
130 116
4 128
113 164
137 144
58 51
28 93
187 159
85 13
37 90
15 85
133 51
65 140
60 75
62 64
150 136
165 128
47 181
98 104
137 160
195 89
96 59
139 6
30 125
19 112
183 6
140 34
7 142
102 141
118 166
116 38
19 68
126 155
158 60
198 106
165 130
11 2
96 17
98 136
181 192
79 187
60 199
24 89
108 6
179 8
172 78
186 29
187 86
190 176
193 176
42 45
196 113
68 5
20 100
95 132
94 88
115 161
149 13
171 184
148 195
158 51
70 132
39 157
102 93
70 190
7 1
93 106
166 173
115 193
91 141
44 152
75 37
70 63
169 49
22 106
192 46
89 72
18 47
84 14
141 73
125 93
9 183
95 32
187 15
33 79
181 66
16 6
187 192
57 63
200 154
176 12
151 62
20 86
50 183
23 65
22 154
115 117
149 194
128 14
59 53
191 45
122 29
147 54
63 184
98 184
122 120
121 135
97 107
189 101
61 44
82 53
163 1
192 159
157 51
73 183
127 57
196 189
43 109
6 110
29 157
83 178
63 179
113 172
38 30
94 158
83 159
180 50
76 45
45 137
136 57
9 80
126 138
41 198
111 2
87 88
151 184
107 125
40 60
129 2
167 158
142 95
93 79
118 168
159 30
144 69
23 28
48 171
200 89
188 145
126 181
16 83
92 167
131 170
28 26
143 162
35 187
53 74
130 124
30 136
182 100
163 91
40 45
87 71
142 100
191 60
40 77
105 39
148 12
106 112
27 5
13 122
146 117
67 198
178 7
6 113
184 96
6 97
5 115
28 92
71 141
113 129
198 2
72 141
48 198
95 183
174 149
171 12
140 149
49 20
77 86
69 51
101 89
151 73
5 174
169 42
147 171
123 151
143 100
7 107
151 158
117 143
187 123
135 151
10 137
198 43
68 99
76 70
53 143
72 170
48 6
189 26
90 159
19 175
83 108
125 35
1 75
89 9
124 22
43 91
11 3
50 59
93 157
113 83
65 74
48 156
135 123
1 99
125 47
3 111
187 40
2 21
86 13
117 164
41 30
46 89
39 115
198 20
66 165
62 57
8 147
175 136
169 102
115 93
130 13
138 33
141 75
119 151
39 76
120 48
112 91
57 40
62 159
176 54
83 74
10 144
122 120
78 77
150 86
173 145
163 40
193 188
75 170
2 75
131 88
58 30
123 86
138 112
65 17
146 130
46 3
14 32
200 147
140 139
142 51
71 197
200 81
166 104
180 198
5 112
138 34
75 84
89 158
91 153
47 104
52 79
141 171
128 58
104 12
193 90
178 134
23 187
167 166
107 22
97 168
16 182
12 129
108 84
170 179
123 156
40 4
84 181
191 167
26 29
148 177
93 179
97 125
175 147
74 137
15 173
160 47
177 94
170 149
44 125
119 93
194 160
20 158
172 141
164 9
12 33
140 60
16 84
139 98
134 187
32 82
26 109
11 92
186 175
114 71
43 64
182 181
33 141
4 21
123 78
5 16
100 14
158 188
115 23
128 125
116 101
33 103
29 78
105 125
194 113
70 85
57 99
137 154
183 107
183 137
1 151
129 44
4 29
92 58
189 116
105 28
41 16
126 170
191 97
51 124
81 180
46 73
15 88
40 84
188 115
197 162
94 83
136 157
10 165
173 44
46 137
109 129
38 108
45 73
184 133
48 80
184 40
96 115
4 118
145 179
184 147
191 96
187 167
138 4
177 30
177 76
23 8
28 195
170 193
136 183
136 170
39 121
93 46
182 49
16 38
110 168
188 5
27 28
31 133
160 120
102 48
8 89
135 56
38 90
93 112
159 25
112 136
171 80
26 61
143 37
115 95
134 114
46 129
195 77
34 156
24 25
147 108
195 116
126 49
4 191
32 112
8 33
87 112
49 92
119 157
172 158
118 8
17 57
144 53
78 91
21 84
149 103
118 153
105 131
52 12
189 16
129 169
93 110
45 145
195 5
130 23
91 116
112 164
71 117
18 115
101 143
159 102
172 195
130 127
26 24
66 160
9 39
2 188
173 48
66 131
176 163
5 154
46 127
25 72
9 135
106 186
190 160
160 88
110 148
60 182
39 74
86 141
88 172
50 175
176 15
103 126
168 159
15 190
196 192
18 22
94 150
170 35
51 38
32 44
100 146
182 199
14 73
194 187
35 53
34 84
79 36
171 3
179 111
88 83
197 142
185 69
38 146
169 108
171 145
127 138
61 30
94 153
113 78
118 51
1 100
16 50
17 182
118 57
34 101
137 57
146 65
104 13
122 123
40 135
71 114
198 48
146 118
159 188
176 120
24 75
138 192
150 26
134 53
96 112
116 25
128 57
50 58
70 14
1 106
101 59
21 175
164 64
137 124
166 48
73 55
130 165
110 161
44 51
166 41
146 104
185 89
95 138
69 63
20 121
51 62
146 168
7 122
1 57
132 176
61 22
142 155
19 89
142 184
56 156
121 107
58 42
145 55
78 28
27 90
128 93
40 151
110 159
4 195
118 3
114 192
74 109
166 165
91 197
81 91
44 32
96 26
107 69
45 170
51 128
197 99
92 130
144 149
153 151
29 184
17 182
59 118
56 197
185 28
75 99
183 172
159 132
74 134
186 193
124 122
104 21
98 176
39 96
12 73
108 120
112 155
60 131
40 105
116 39
135 168
178 34
64 115
49 130
151 175
33 182
126 192
188 91
2 163
146 96
195 42
94 66
199 75
15 25
8 193
120 137
33 153
8 34
5 62
2 97
8 30
78 13
28 35
167 146
141 187
91 193
85 40
111 6
121 200
72 112
83 6
106 101
118 128
141 20
165 15
107 49
44 130
147 4
28 171
42 130
44 192
44 131
91 43
47 163
103 91
113 153
169 73
13 18
118 83
114 143
56 101
107 130
131 107
80 198
16 56
75 60
133 130
85 159
195 68
79 89
119 67
200 1
200 2000 1
200
154 48
138 4
184 17
172 21
156 72
43 79
154 114
181 14
177 64
178 81
124 95
112 5
39 111
155 87
175 173
155 32
175 64
9 5
40 75
70 71
133 159
120 18
116 120
160 111
23 59
27 155
181 64
173 45
115 139
90 99
36 138
29 146
96 106
83 135
52 58
78 107
43 164
124 8
74 42
182 132
110 55
52 51
180 190
178 89
168 153
188 12
147 65
192 86
185 185
153 126
22 25
75 97
142 137
168 42
89 132
121 135
75 133
98 105
140 10
117 167
41 94
22 6
187 89
166 61
85 180
15 166
122 80
120 110
172 152
103 196
15 166
32 147
165 131
85 158
185 197
164 101
58 129
75 31
141 108
53 31
117 134
129 171
139 133
10 99
41 159
116 163
120 100
106 170
67 72
157 89
34 164
183 61
135 9
60 142
138 70
178 80
66 158
120 116
11 120
100 119
142 65
132 94
199 25
53 20
36 44
174 101
18 59
112 77
9 153
159 185
18 189
100 176
127 101
20 55
86 69
44 129
104 24
105 87
111 169
117 58
35 189
111 39
151 188
2 128
26 54
184 70
120 44
128 60
72 17
191 173
111 168
181 17
196 174
166 167
145 125
126 109
19 119
125 91
44 180
131 185
105 138
81 137
133 80
117 81
106 116
118 157
111 167
38 83
121 149
56 22
143 174
67 167
178 180
154 108
27 128
29 170
180 19
178 150
95 105
145 188
51 174
18 200
84 41
76 23
177 25
24 61
185 4
64 176
54 39
10 2
29 86
23 41
180 197
186 149
15 86
25 97
121 124
91 106
20 121
185 14
165 42
65 47
98 192
91 7
112 95
15 141
125 89
95 81
5 94
109 80
93 104
90 54
14 167
8 187
191 172
146 24
171 21
81 178
12 37
191 52
168 41
78 66
184 48
7 78
76 175
179 149
193 3
118 138
40 156
158 193
196 113
80 107
182 76
75 66
186 80
147 12
55 67
176 67
3 5
56 82
12 181
139 155
191 4
116 113
17 193
198 153
160 112
42 40
134 59
91 73
6 27
187 115
61 31
27 26
144 54
148 89
135 31
117 111
200 113
6 156
20 135
189 178
178 144
116 82
113 71
138 154
179 160
103 156
92 17
190 130
14 182
189 89
141 183
200 136
174 185
21 152
95 182
198 175
96 141
189 111
130 16
140 82
190 17
109 128
181 156
38 71
163 112
92 131
47 11
148 163
77 145
93 87
173 26
8 198
38 62
42 81
189 45
22 61
156 155
27 101
85 122
51 85
48 174
39 193
129 179
11 141
116 167
66 51
39 4
89 116
80 183
80 189
156 139
137 182
191 119
148 185
178 190
118 52
118 77
125 42
86 71
22 58
21 7
11 18
188 148
56 102
25 117
72 90
22 104
66 40
198 99
144 40
140 148
41 40
16 91
123 63
3 71
150 156
3 134
92 86
193 143
36 100
43 165
187 118
57 18
169 198
12 24
6 115
128 102
7 113
132 46
3 144
138 14
17 13
70 136
12 193
2 5
47 180
34 86
91 27
129 158
13 149
186 3
123 122
32 74
46 60
118 63
165 14
119 28
132 143
154 69
74 25
127 90
94 121
22 124
71 115
185 35
166 131
185 18
72 143
39 197
132 153
37 93
168 165
15 19
81 176
158 17
190 190
190 158
136 85
91 153
25 188
166 3
49 156
154 78
31 76
88 61
38 166
19 21
65 68
173 171
28 63
89 133
96 164
184 64
165 170
143 73
4 111
6 154
82 159
29 38
160 121
2 27
143 180
112 6
21 93
180 23
75 191
37 66
21 187
91 64
15 129
92 10
133 6
10 32
27 185
117 69
158 117
82 45
188 135
74 29
53 29
147 94
61 101
38 132
87 117
45 43
148 110
47 49
141 190
7 48
26 197
31 149
63 120
115 180
94 184
188 170
115 187
178 157
144 121
102 100
46 73
170 21
146 161
132 37
9 198
24 44
113 47
21 12
177 41
122 167
116 142
63 42
185 11
65 164
38 108
98 96
90 51
76 136
168 19
127 177
93 152
54 38
39 131
62 130
167 144
185 55
120 17
35 128
159 63
6 161
126 157
42 160
159 46
73 151
134 97
124 147
46 194
86 145
25 43
146 116
18 63
46 119
126 53
161 33
5 39
86 40
69 24
10 161
189 109
24 165
13 136
90 6
83 82
121 173
30 187
125 160
111 45
151 63
95 22
125 46
45 88
184 143
125 33
73 40
147 62
47 19
89 183
32 80
84 94
114 45
62 31
196 105
173 22
51 106
125 197
16 46
55 92
83 89
71 145
28 114
25 189
166 108
182 10
171 126
117 65
97 174
65 143
199 105
19 93
198 200
93 117
95 43
168 142
178 89
197 184
105 89
18 33
179 58
77 158
148 192
182 16
55 159
10 22
52 189
112 155
175 108
195 65
45 143
167 83
103 167
90 56
90 160
149 172
7 96
90 143
168 131
21 31
158 68
116 89
66 100
12 162
67 39
141 72
89 126
151 39
132 106
182 144
68 148
89 46
74 189
56 181
101 132
66 187
179 196
120 74
169 137
103 126
107 113
90 9
6 103
65 150
150 68
65 50
118 126
69 155
43 106
167 150
51 80
22 200
169 109
95 138
148 55
105 100
141 14
47 182
7 16
127 17
85 133
180 81
3 35
12 103
151 45
47 12
7 125
197 176
13 154
6 130
96 28
168 194
81 75
134 5
120 143
69 161
29 159
20 70
165 20
3 106
2 182
117 94
82 29
169 191
83 126
65 2
140 149
89 113
72 32
13 190
57 56
5 108
161 168
141 84
63 143
150 89
104 146
74 165
137 152
80 141
163 159
94 94
46 180
46 43
97 136
14 161
99 84
76 142
54 52
113 76
15 179
103 167
115 167
82 163
52 106
158 47
143 15
136 103
152 115
132 7
88 64
70 152
8 186
95 84
2 106
35 36
177 68
68 141
42 59
157 89
54 16
41 161
128 166
18 155
34 33
47 199
170 142
11 123
97 56
32 161
140 28
147 121
165 145
144 108
19 61
185 132
48 102
35 161
16 28
193 198
167 88
92 119
108 124
157 9
93 105
19 156
18 57
118 108
11 70
170 189
79 126
145 98
161 187
7 132
6 103
96 170
48 38
173 190
120 79
56 199
26 37
124 110
179 165
195 144
180 99
99 115
57 150
19 123
63 54
182 45
52 127
12 112
142 89
25 78
49 120
191 125
121 156
109 120
137 179
96 122
159 12
110 123
41 115
36 198
130 157
38 106
7 123
5 128
106 97
71 189
121 104
142 98
85 132
51 58
131 145
101 196
2 72
119 132
198 101
35 44
135 110
139 160
186 98
57 24
190 76
144 44
95 21
177 178
172 58
76 96
62 185
71 5
110 154
94 143
122 13
185 15
191 41
171 157
30 87
64 43
107 23
188 35
99 112
130 65
30 120
2 139
112 113
159 19
146 112
26 83
146 91
68 39
13 62
23 38
82 126
169 154
182 27
108 88
142 175
190 68
100 41
29 13
145 167
13 18
147 115
64 115
196 50
18 61
171 42
25 183
170 103
81 168
112 91
36 9
51 106
107 183
148 19
52 136
192 148
150 17
159 27
122 65
197 30
65 126
115 145
33 32
28 42
105 174
186 184
128 195
197 46
167 23
27 71
78 102
19 59
26 68
135 68
183 106
129 128
20 76
139 184
80 59
175 169
154 164
176 161
105 39
61 160
21 142
152 48
167 72
153 174
121 152
23 176
31 91
168 138
36 31
101 175
134 135
175 95
59 127
159 84
174 37
2 45
50 9
74 23
90 158
56 195
189 174
50 94
168 136
11 34
84 40
14 72
85 124
7 167
6 86
93 197
153 32
192 33
111 75
196 50
180 62
43 72
76 122
191 79
57 61
134 193
58 146
189 34
174 61
37 73
53 126
85 171
192 84
114 35
85 170
165 170
86 38
181 135
184 87
42 102
139 141
154 155
31 4
178 175
99 168
30 75
129 124
9 80
28 114
18 150
150 45
37 157
58 63
21 97
172 176
52 117
19 72
153 106
188 41
82 154
136 91
119 25
60 83
95 178
84 33
78 54
16 70
87 124
108 22
124 101
117 47
109 129
80 74
27 15
84 102
60 185
184 152
165 197
136 89
115 85
195 101
177 72
111 7
94 100
9 79
48 43
148 101
164 121
3 71
194 163
42 199
64 177
22 46
134 50
103 199
82 18
41 63
76 72
23 30
52 27
179 169
96 117
131 70
160 60
199 113
6 109
87 139
174 130
135 194
113 131
81 128
114 92
59 166
131 162
145 46
169 119
155 66
37 76
116 189
162 161
137 89
2 10
157 145
40 48
172 123
123 131
66 32
30 156
140 6
27 127
182 15
158 152
98 92
136 54
66 154
57 112
126 37
116 28
152 121
127 120
31 194
60 74
124 32
64 2
42 170
102 110
90 162
39 169
196 161
191 143
126 73
187 2
19 139
77 154
128 185
73 114
101 30
17 33
59 47
69 106
196 198
92 169
184 35
63 110
195 4
58 155
68 94
132 80
68 87
49 136
59 72
36 50
46 136
169 108
11 144
23 24
147 19
37 123
75 131
168 92
118 11
184 124
157 156
67 157
88 163
77 196
120 153
86 125
60 142
16 94
102 160
139 133
134 67
167 125
106 76
42 108
117 53
57 24
40 62
91 47
77 199
25 90
28 18
192 77
15 7
75 33
148 189
182 17
66 149
88 70
118 152
50 85
155 195
19 76
36 26
123 167
165 41
124 91
122 23
55 138
51 78
118 147
14 14
63 83
143 173
82 188
151 192
196 111
195 97
34 83
153 77
112 31
70 83
24 187
39 185
28 95
45 36
161 65
146 69
111 168
174 155
117 156
189 200
102 80
94 52
10 167
9 175
29 40
177 70
32 59
58 51
84 78
146 124
165 19
82 32
89 24
125 190
109 84
149 84
48 40
116 149
139 4
110 23
99 92
167 161
71 60
135 178
34 61
63 53
40 23
123 127
112 25
11 78
99 122
196 119
148 117
14 136
50 33
57 122
14 68
34 152
79 33
161 166
12 116
172 143
45 72
171 127
130 131
138 12
55 118
60 156
28 14
79 89
119 30
146 184
97 116
198 166
10 162
163 157
126 157
170 90
54 60
133 66
155 84
198 44
73 102
25 128
166 19
187 185
120 64
119 119
44 124
86 9
11 57
21 70
120 154
135 176
45 162
34 35
56 140
107 197
38 108
69 91
148 42
41 88
192 52
166 91
78 163
148 54
65 62
123 36
133 54
187 87
12 103
142 9
8 159
161 24
34 147
154 5
176 158
29 181
49 183
18 17
81 193
41 94
149 150
180 24
28 98
37 67
163 159
112 66
68 30
109 42
176 154
114 71
154 198
130 69
104 74
139 182
62 51
133 112
169 12
148 18
149 42
83 141
124 150
133 123
151 196
101 145
133 128
138 14
3 200
190 145
192 73
113 111
2 82
48 196
87 26
187 109
16 48
40 55
131 162
48 111
146 45
4 173
119 187
113 41
145 27
149 68
137 117
36 98
180 129
76 96
14 23
172 109
48 13
182 105
197 43
162 177
87 161
131 182
56 51
60 107
22 55
105 149
67 78
142 164
189 150
20 172
57 80
161 161
35 108
191 115
60 44
105 104
5 117
25 109
120 176
72 98
197 2
52 187
194 75
70 100
97 16
180 139
178 38
196 111
164 193
193 33
156 198
104 71
54 176
163 18
19 50
47 198
188 163
183 106
33 55
63 4
121 4
148 122
71 92
6 130
13 28
54 177
167 167
38 92
70 116
141 74
118 138
130 142
35 132
103 132
4 14
100 96
29 128
143 41
130 90
152 29
106 165
152 64
30 14
167 107
84 76
68 87
20 199
160 148
191 123
147 151
116 84
13 15
25 182
187 34
163 193
88 142
187 152
140 129
9 183
111 140
32 175
55 142
53 154
93 49
65 26
58 157
200 137
75 59
63 60
173 136
91 56
21 177
57 175
30 184
139 195
160 31
106 160
111 76
140 170
108 112
76 43
5 44
98 2
104 117
22 160
110 161
126 48
104 123
86 141
190 11
28 57
55 120
70 93
3 184
86 131
34 49
103 27
159 11
179 23
52 162
196 29
122 133
63 12
90 93
109 92
43 136
72 96
181 31
108 63
185 200
199 101
83 68
41 12
122 185
182 151
141 114
186 98
47 5
148 35
181 131
82 120
98 41
132 106
22 28
166 183
83 117
182 149
137 175
157 143
52 194
43 163
113 23
116 140
173 56
158 189
161 115
25 98
51 149
59 88
84 55
38 40
70 166
16 193
126 12
152 199
67 44
173 60
128 16
192 89
61 45
174 64
195 28
168 149
177 17
33 93
78 135
12 67
21 102
35 24
185 58
105 116
133 35
7 114
115 103
39 146
47 14
157 158
78 113
97 108
114 187
199 170
142 91
109 59
188 100
73 11
75 10
79 164
25 135
164 95
24 181
181 185
79 177
107 156
26 72
162 194
57 70
38 91
151 110
31 79
9 122
7 106
7 42
113 178
138 79
19 102
186 23
96 19
172 184
104 168
107 177
21 101
182 15
191 49
187 197
180 131
165 18
34 199
16 170
128 102
96 127
91 2
8 108
7 82
35 104
179 43
17 78
35 31
117 129
80 153
132 61
69 152
147 159
83 55
74 2
15 114
107 27
94 192
6 197
108 106
89 59
134 54
7 51
46 82
93 40
200 53
140 73
44 89
3 93
93 145
184 182
190 79
180 179
157 104
61 179
98 7
77 189
72 14
158 83
113 91
53 125
68 154
193 193
110 177
6 153
135 153
61 15
66 23
41 48
181 56
188 157
158 140
73 121
135 48
198 132
45 53
149 2
35 157
165 88
89 102
79 185
47 27
2 42
44 45
86 158
124 17
11 137
41 9
27 158
105 66
127 14
148 190
157 11
200 78
90 39
174 109
18 44
83 170
84 178
187 68
138 181
74 49
149 75
113 180
175 42
44 71
192 94
21 196
191 66
194 47
115 165
86 179
109 156
68 30
170 127
20 198
70 48
62 151
169 9
177 184
100 130
7 156
47 85
178 166
168 6
99 87
129 22
156 192
87 100
176 80
104 169
35 37
176 171
52 41
35 125
101 88
70 196
106 89
168 117
180 47
79 128
42 161
22 94
49 157
92 22
65 23
87 37
163 140
7 70
195 144
52 90
138 29
6 29
73 171
85 157
109 165
180 38
139 13
109 188
170 28
181 195
178 31
171 195
64 181
21 54
132 33
39 56
163 125
185 8
32 89
149 95
196 143
27 64
122 142
69 109
79 157
11 132
96 146
58 12
120 86
151 140
20 163
18 187
86 14
51 42
31 132
52 198
45 25
63 151
118 105
138 117
193 105
90 91
117 82
94 200
129 24
114 155
194 180
84 199
98 153
64 164
180 105
134 144
29 19
50 60
133 10
46 90
103 190
131 169
50 24
99 183
21 169
94 15
92 197
25 131
185 123
119 113
91 62
116 26
4 93
197 32
124 39
59 97
98 158
160 14
68 160
10 40
88 103
13 43
122 156
186 17
35 57
156 132
17 102
147 88
61 37
99 12
173 46
49 158
87 91
144 63
9 18
184 64
198 32
131 96
18 108
99 193
65 140
54 187
89 200
111 121
133 115
82 96
67 199
69 19
18 142
96 14
168 16
190 33
126 30
69 197
40 158
27 36
83 8
50 111
145 133
187 153
9 108
36 40
8 5
176 150
181 136
9 5
58 177
63 116
188 181
73 166
44 60
44 180
134 73
183 54
36 17
25 32
95 85
95 11
77 172
144 151
111 80
150 52
5 108
154 166
189 80
194 122
164 146
43 98
148 89
148 56
9 167
167 58
167 170
5 151
89 82
148 77
65 184
191 35
37 107
130 95
189 105
153 27
130 177
38 11
179 15
37 188
143 197
71 18
84 195
131 126
110 186
170 49
93 18
95 89
136 142
86 6
110 194
55 120
175 166
47 176
74 142
172 11
8 168
175 24
163 71
92 153
28 29
18 108
106 111
74 190
9 99
5 176
45 135
160 102
59 99
177 179
7 193
79 49
159 76
81 159
72 192
172 41
52 181
169 47
97 43
143 130
172 22
79 94
100 6
71 91
156 195
121 177
122 70
129 89
147 12
125 146
157 57
111 12
165 175
82 31
163 19
123 69
79 70
101 24
111 134
146 63
167 166
18 28
4 148
169 44
6 27
90 74
141 136
3 194
57 34
67 126
62 135
149 137
76 141
6 174
169 143
19 30
187 83
190 184
114 26
93 65
158 87
37 139
156 155
190 88
159 52
105 104
141 51
97 171
176 69
193 59
54 101
146 21
192 107
186 50
177 198
174 140
6 51
177 20
197 85
91 52
79 17
178 174
77 138
130 3
30 138
139 99
152 16
166 169
130 141
48 40
178 160
182 29
133 94
111 29
8 13
101 126
104 142
185 139
139 86
152 29
76 35
54 148
161 33
102 2
182 111
195 54
70 169
66 83
127 192
152 122
57 74
88 188
28 92
163 61
188 53
162 43
195 95
42 36
35 33
177 81
175 105
172 137
156 198
159 113
160 19
127 110
96 166
79 176
144 87
88 16
105 48
92 143
128 125
100 67
56 59
92 53
164 12
118 155
133 48
42 15
115 181
160 20
114 54
152 21
12 178
90 74
2 169
191 131
72 182
52 102
142 47
163 66
183 86
25 185
135 28
11 52
108 6
64 95
182 196
10 70
110 19
196 11
164 101
51 179
17 59
104 35
6 135
12 64
53 47
44 119
66 81
9 60
6 108
14 39
119 146
24 149
30 196
64 39
117 197
123 162
61 62
110 153
83 179
56 138
190 87
86 133
177 18
30 132
133 154
143 11
27 61
85 192
36 129
79 116
20 17
52 18
5 104
149 51
185 170
186 107
139 116
131 17
96 11
140 138
77 170
13 170
154 57
18 57
59 61
126 67
71 29
35 51
150 38
131 22
135 126
121 133
58 111
13 176
15 165
160 88
200 1
200 2000 50
200 180 160 140 120 100 80 60 40 20 1 2 3 4 5 6 7 8 9 10 11 12 13 14 15 16 17 18 19 20 21 22 23 24 25 26 27 28 29 30 31 32 33 34 35 36 37 38 39 40
1 2
2 3
3 4
4 5
5 6
6 7
7 8
8 9
9 10
10 11
11 12
12 13
13 14
14 15
15 16
16 17
17 18
18 19
19 20
20 21
21 22
22 23
23 24
24 25
25 26
26 27
27 28
28 29
29 30
30 31
31 32
32 33
33 34
34 35
35 36
36 37
37 38
38 39
39 40
40 41
41 42
42 43
43 44
44 45
45 46
46 47
47 48
48 49
49 50
50 51
51 52
52 53
53 54
54 55
55 56
56 57
57 58
58 59
59 60
60 61
61 62
62 63
63 64
64 65
65 66
66 67
67 68
68 69
69 70
70 71
71 72
72 73
73 74
74 75
75 76
76 77
77 78
78 79
79 80
80 81
81 82
82 83
83 84
84 85
85 86
86 87
87 88
88 89
89 90
90 91
91 92
92 93
93 94
94 95
95 96
96 97
97 98
98 99
99 100
100 101
101 102
102 103
103 104
104 105
105 106
106 107
107 108
108 109
109 110
110 111
111 112
112 113
113 114
114 115
115 116
116 117
117 118
118 119
119 120
120 121
121 122
122 123
123 124
124 125
125 126
126 127
127 128
128 129
129 130
130 131
131 132
132 133
133 134
134 135
135 136
136 137
137 138
138 139
139 140
140 141
141 142
142 143
143 144
144 145
145 146
146 147
147 148
148 149
149 150
150 151
151 152
152 153
153 154
154 155
155 156
156 157
157 158
158 159
159 160
160 161
161 162
162 163
163 164
164 165
165 166
166 167
167 168
168 169
169 170
170 171
171 172
172 173
173 174
174 175
175 176
176 177
177 178
178 179
179 180
180 181
181 182
182 183
183 184
184 185
185 186
186 187
187 188
188 189
189 190
190 191
191 192
192 193
193 194
194 195
195 196
196 197
197 198
198 199
199 200
91 95
138 143
38 40
146 151
49 52
120 122
17 19
96 100
78 79
64 65
108 111
117 122
15 18
99 103
95 98
170 174
152 155
40 41
70 73
22 23
150 152
152 154
129 134
116 120
133 138
74 77
144 149
99 104
5 10
82 86
27 30
80 82
120 125
63 65
168 172
185 187
133 135
6 10
131 135
134 136
189 190
125 126
185 188
96 101
8 10
86 90
170 175
12 17
82 87
151 156
9 14
116 120
88 89
154 156
163 164
81 86
106 109
163 167
31 34
57 61
47 48
92 95
24 29
27 28
109 113
180 184
58 62
3 6
168 170
26 27
88 92
108 110
36 40
86 88
92 94
149 153
112 115
113 114
89 92
64 65
38 40
57 60
106 108
155 158
53 54
12 17
5 8
49 52
97 102
90 94
15 17
95 100
14 19
175 178
130 133
80 85
131 136
37 39
184 186
18 22
172 177
109 110
150 151
26 29
42 43
77 81
43 45
105 106
76 79
133 137
176 178
191 193
110 114
132 134
162 163
59 61
140 143
140 143
172 174
39 41
143 144
92 94
97 98
134 137
57 59
176 178
192 196
127 129
106 107
30 33
168 169
31 36
195 196
21 26
159 161
178 179
133 137
85 88
72 73
111 113
156 161
119 122
92 94
183 188
171 173
192 193
161 164
105 107
90 93
190 192
84 86
96 101
104 105
122 124
96 101
15 17
139 140
133 137
59 64
178 179
111 112
8 10
30 33
135 140
62 63
93 97
2 5
108 109
2 5
11 12
16 18
193 196
68 73
148 153
45 47
121 126
179 183
78 82
116 118
75 79
7 11
120 125
144 147
103 107
110 112
112 115
15 18
34 39
95 96
92 95
31 36
133 137
188 189
195 200
46 50
65 70
153 158
89 90
92 96
113 117
167 172
6 9
74 77
115 116
110 114
69 74
144 146
180 184
8 12
149 151
101 102
111 112
79 82
40 42
89 94
128 131
75 80
139 140
3 8
159 164
76 77
93 95
38 39
94 97
108 110
67 69
45 46
71 75
92 93
14 15
191 193
78 83
183 186
159 163
172 175
81 82
5 7
129 133
69 73
28 29
87 92
165 166
29 34
146 149
157 160
102 107
118 121
119 123
7 8
75 80
176 179
176 181
62 67
49 53
50 54
101 103
170 171
116 120
27 28
119 121
129 131
96 99
184 187
82 83
123 125
147 149
45 46
195 199
68 73
75 78
26 31
112 115
22 25
158 160
122 125
177 180
41 45
17 20
117 122
177 182
3 8
119 121
70 71
124 128
115 120
116 118
182 186
83 86
131 136
47 50
36 40
63 67
153 156
138 142
40 44
3 8
190 193
10 14
189 191
88 91
178 181
141 142
51 56
176 177
30 32
149 154
43 46
194 196
102 104
3 6
137 142
5 8
75 79
192 195
91 93
180 181
166 171
22 24
152 157
129 131
22 23
66 67
182 184
17 20
84 86
115 120
81 83
71 76
189 191
143 148
95 99
26 30
159 164
59 62
28 33
132 135
189 193
115 119
117 118
80 83
72 77
167 170
143 144
40 41
77 80
72 75
33 35
92 93
147 149
138 143
133 137
170 171
85 87
127 129
192 195
100 103
130 135
146 150
37 39
174 176
145 146
72 75
79 82
50 53
94 97
115 120
139 143
59 60
188 191
75 80
137 140
62 64
56 58
31 34
107 109
47 48
191 192
192 193
5 7
190 194
177 182
162 166
116 117
32 37
85 89
157 160
57 60
144 146
167 172
13 18
31 34
194 199
163 165
175 177
72 75
96 99
39 40
56 59
5 6
6 9
170 173
119 120
71 76
110 113
193 197
190 192
134 135
18 23
77 80
115 117
165 167
109 110
187 190
148 150
75 77
102 103
174 177
124 129
88 89
82 84
4 7
160 163
101 102
73 75
90 94
174 175
113 115
157 161
161 164
108 109
128 131
157 161
100 104
91 94
79 84
142 144
181 185
170 175
135 136
11 12
128 133
147 152
190 191
146 149
116 119
54 59
114 118
12 14
67 72
93 95
64 66
36 39
87 91
42 43
67 69
36 40
104 107
65 66
150 155
143 145
45 46
110 113
191 192
116 120
104 105
5 6
136 137
148 149
102 107
130 132
136 140
169 174
13 17
71 75
151 154
25 27
19 22
24 25
156 157
92 95
179 182
82 83
36 40
21 22
47 51
176 181
140 144
106 111
158 162
84 88
164 169
57 61
129 131
134 139
179 183
90 92
2 4
110 113
75 79
133 137
42 43
35 39
2 6
106 107
28 33
176 179
130 134
36 37
71 76
118 121
192 193
152 155
160 161
31 32
124 126
54 58
46 49
141 142
18 21
37 41
119 123
39 41
96 98
84 88
20 22
26 29
100 102
48 53
17 20
8 9
182 186
166 170
143 148
2 7
70 73
70 73
124 125
41 45
2 6
81 82
155 157
79 83
114 118
90 93
95 98
98 102
55 60
85 87
72 77
130 135
57 62
38 41
81 82
98 103
108 110
63 68
46 51
183 187
130 135
191 195
42 44
29 34
120 123
93 95
174 179
96 98
135 140
138 141
78 83
92 95
168 173
83 86
71 75
70 73
50 51
158 161
37 39
13 15
70 71
186 188
83 85
116 117
5 7
123 124
88 90
7 9
22 26
140 141
159 162
126 128
159 161
192 195
123 128
91 95
157 162
72 76
80 82
50 51
89 93
178 182
149 154
115 118
170 174
69 74
69 74
3 5
169 170
33 38
53 54
136 139
147 150
113 116
188 193
90 92
22 24
64 67
169 170
47 52
18 22
32 36
183 184
189 191
102 106
101 104
118 122
69 71
97 100
143 144
94 98
67 68
56 58
4 9
51 56
13 15
34 35
24 26
129 130
37 38
61 63
89 94
138 142
132 136
18 19
13 16
87 88
29 32
132 135
77 80
60 63
109 114
26 30
121 122
43 46
28 29
157 161
39 43
79 82
86 91
140 143
188 191
80 84
85 89
45 46
191 192
133 136
12 17
90 93
163 168
78 81
178 182
99 104
165 166
30 31
92 97
66 68
169 171
142 144
114 118
157 161
152 157
98 101
169 173
29 31
3 7
176 181
19 24
125 128
140 144
106 111
136 138
81 83
58 60
3 4
167 169
122 123
164 166
97 99
89 90
144 149
26 31
82 87
106 111
13 16
41 46
62 66
16 18
62 64
118 119
25 29
1 5
109 114
76 80
143 147
82 84
170 174
195 198
92 96
169 173
69 72
73 76
11 12
156 159
57 59
37 41
11 13
169 171
36 38
60 65
147 150
20 23
145 146
94 98
97 99
8 9
11 13
22 26
27 32
2 6
132 133
94 99
108 112
22 27
159 164
43 47
34 37
101 105
17 18
92 97
165 169
144 147
40 44
152 153
195 196
5 7
190 195
15 19
143 144
107 111
186 188
69 71
53 58
34 36
38 40
22 23
87 92
180 181
124 125
17 21
123 128
33 38
142 144
26 29
24 26
117 118
37 41
26 28
143 145
138 141
59 61
89 92
189 193
108 112
49 54
36 41
26 31
13 17
119 123
112 114
49 50
41 45
52 57
121 123
97 101
98 103
88 90
35 39
2 6
28 32
25 30
12 15
175 176
22 26
38 41
72 77
36 39
176 178
191 194
151 152
179 181
121 123
135 137
159 163
190 193
148 150
152 156
72 73
39 41
91 94
4 5
155 160
119 121
173 178
149 152
35 37
58 63
58 63
183 184
110 115
152 155
92 93
54 56
161 162
72 73
145 148
112 117
32 37
64 65
94 95
32 35
61 66
61 63
52 57
110 115
166 169
40 43
167 170
24 29
91 92
180 182
74 77
73 78
19 21
20 23
26 30
110 114
122 123
187 189
24 25
125 129
24 26
154 157
104 108
149 153
85 88
111 116
129 130
48 49
17 19
62 64
138 142
122 125
31 32
65 67
12 16
40 42
108 112
140 141
101 104
176 179
49 53
157 160
179 182
161 165
158 160
100 103
151 156
182 186
151 152
83 88
86 90
62 64
20 24
183 187
151 154
157 162
118 119
58 61
143 148
123 128
142 143
160 163
4 7
67 70
15 20
69 73
159 163
2 3
41 43
49 52
79 84
97 99
174 175
30 32
40 42
106 109
128 131
191 192
128 131
136 141
167 171
143 148
147 151
195 197
179 181
114 117
92 95
66 70
195 198
30 33
84 89
167 171
177 178
36 41
163 167
171 172
95 97
140 143
78 79
150 152
135 136
105 106
92 95
153 156
90 94
24 28
83 88
153 156
165 170
183 185
46 49
146 148
52 57
128 129
125 126
78 81
58 60
129 130
29 30
29 33
147 152
48 53
160 162
186 191
124 125
81 86
176 178
103 106
154 158
88 89
73 77
55 60
122 124
48 53
43 47
100 102
106 111
128 131
10 11
184 187
152 153
94 97
143 144
177 181
120 122
79 82
122 123
106 107
105 107
48 51
69 73
131 135
97 98
195 199
58 59
23 27
78 81
110 114
178 182
174 176
21 26
192 195
191 194
4 8
5 8
97 100
79 83
180 181
98 103
7 9
43 46
194 195
78 79
125 127
45 50
129 130
56 60
138 139
100 101
30 35
9 11
94 96
190 193
163 166
5 8
68 69
43 47
184 187
163 168
165 170
154 159
194 195
170 172
127 132
185 186
79 84
100 105
70 71
182 183
78 83
99 103
95 96
86 90
112 115
151 152
44 48
13 16
47 51
127 131
184 187
162 164
195 200
166 170
86 87
100 102
101 103
59 61
70 72
87 88
123 127
91 93
30 34
142 145
189 193
100 102
96 99
12 16
76 80
179 184
33 34
92 95
44 48
195 196
163 165
101 105
12 17
86 90
66 67
104 107
179 184
148 152
73 76
154 159
11 14
120 123
83 88
29 32
135 138
98 102
56 61
97 99
113 116
172 174
192 193
59 60
178 182
81 86
163 166
26 27
42 44
188 191
184 188
182 186
146 149
39 40
101 102
97 98
27 28
41 46
144 148
118 123
150 154
83 86
190 195
42 46
75 78
90 94
84 89
43 45
107 112
42 47
169 171
115 118
98 102
63 68
28 30
91 94
124 127
73 78
94 98
161 166
162 163
36 38
168 170
129 131
104 109
25 28
170 173
72 77
72 76
40 42
172 173
191 192
4 7
179 180
139 140
4 5
138 143
184 186
69 72
162 167
192 195
119 122
3 4
143 144
30 32
66 69
165 169
76 78
152 157
88 92
189 192
185 189
121 122
57 59
38 39
94 98
9 10
138 139
77 80
153 155
124 128
184 187
35 39
66 67
97 101
134 135
26 28
194 198
83 84
171 176
108 113
101 102
39 40
119 121
150 154
122 123
81 82
106 108
54 55
100 104
133 135
95 99
165 169
15 19
25 27
157 160
95 100
100 101
16 19
188 193
149 151
136 137
78 82
65 69
83 84
68 72
34 36
177 178
117 122
68 71
41 46
37 38
65 67
157 161
46 50
75 79
18 20
136 137
46 47
46 50
75 79
171 174
41 43
97 98
142 144
78 79
1 2
81 83
44 49
181 184
163 168
153 155
7 10
78 79
150 152
63 66
55 57
2 4
82 83
160 164
11 16
110 111
35 36
68 71
134 136
143 145
160 161
177 181
147 149
21 25
83 87
152 154
23 24
34 39
71 74
174 176
65 69
177 178
111 116
124 129
72 73
158 159
144 146
101 104
144 145
177 178
1 5
111 112
65 69
122 126
178 179
28 30
15 19
119 124
179 180
193 198
36 40
184 189
54 59
187 188
174 175
78 81
132 137
3 6
33 35
187 190
17 22
154 159
63 68
48 49
91 92
40 41
37 41
192 194
121 125
156 157
30 32
166 168
177 182
163 168
30 32
32 34
144 149
38 39
187 190
166 169
122 125
42 43
108 110
28 29
149 153
102 107
72 77
80 83
42 44
115 118
192 195
154 158
172 173
190 193
155 158
49 52
55 57
184 189
21 23
162 165
3 4
113 118
156 157
41 43
71 74
57 59
73 78
142 146
30 35
80 81
130 132
113 116
100 102
115 118
134 138
28 32
127 128
139 143
190 195
102 106
57 62
61 62
27 32
180 183
101 104
50 52
4 8
182 184
70 73
121 125
86 89
115 118
190 192
36 37
66 69
62 65
27 31
74 79
72 76
109 114
185 186
61 63
99 100
185 189
30 32
190 194
121 122
96 99
73 78
107 109
54 55
151 154
94 97
40 44
136 141
10 13
85 89
44 46
44 46
96 98
48 51
1 5
136 138
111 114
152 157
184 187
170 173
88 89
32 35
131 134
25 27
77 82
12 17
139 142
16 20
42 44
148 152
56 60
121 123
193 195
53 58
11 16
73 76
47 52
81 85
63 68
136 138
51 52
150 154
37 41
46 50
64 68
138 143
99 102
37 42
73 78
28 32
133 136
157 160
183 187
31 34
182 183
39 42
88 92
51 55
36 38
67 72
145 146
30 35
117 120
1 2
133 135
151 153
11 13
73 77
135 138
118 121
103 107
154 158
186 187
119 120
6 7
108 109
118 122
169 174
3 5
122 126
68 69
52 53
182 183
115 119
141 146
10 14
9 10
194 198
175 178
97 98
94 98
175 178
32 34
181 184
37 41
18 21
125 129
58 61
89 94
183 184
22 27
80 82
71 72
188 189
171 176
70 74
10 14
158 161
57 60
94 95
174 175
160 164
142 146
49 50
82 86
111 115
174 176
182 187
13 18
51 53
114 118
42 46
181 186
9 10
131 133
53 57
45 48
168 170
83 88
177 180
141 143
70 74
191 196
60 65
22 26
128 132
14 15
94 97
156 161
90 94
181 186
85 89
177 181
15 18
40 42
193 197
120 121
104 108
50 52
80 85
47 51
81 85
129 132
10 14
162 166
68 70
150 153
96 101
57 62
172 173
47 51
53 58
47 52
60 64
176 181
65 66
8 10
8 12
4 7
25 29
106 108
74 76
47 50
96 101
172 177
154 159
186 190
105 110
78 80
42 43
134 138
55 56
188 193
41 44
46 47
2 4
42 45
180 182
54 56
62 63
39 40
116 121
146 148
176 177
76 78
99 100
21 23
48 51
179 183
130 134
27 29
148 151
187 189
160 161
13 15
150 153
57 58
26 29
17 22
36 41
93 97
142 143
115 117
133 138
175 176
98 100
107 110
157 160
165 166
165 169
145 149
141 145
109 113
35 39
57 62
85 88
179 183
101 106
161 166
162 163
89 91
17 21
165 170
71 74
36 40
184 189
14 18
8 12
162 164
195 199
14 18
43 48
9 11
73 77
10 14
89 91
126 130
110 113
13 15
45 50
172 173
175 180
193 194
175 176
10 13
3 7
173 176
1 6
148 149
13 17
48 51
100 103
95 99
19 22
96 101
37 42
99 102
118 123
159 161
165 168
69 71
175 179
192 197
60 64
44 48
145 146
81 84
25 29
33 37
8 11
122 124
81 86
39 40
111 113
120 124
19 21
152 154
5 10
65 69
121 122
87 90
145 148
134 135
65 66
2 7
170 172
115 116
102 106
114 119
21 25
58 63
31 33
181 182
150 155
16 20
97 99
166 170
76 79
120 122
105 109
117 122
94 96
13 14
185 190
2 6
191 192
138 140
141 144
79 84
178 182
180 181
75 79
49 50
131 132
49 53
155 159
85 86
52 57
161 163
118 119
55 57
158 159
61 65
67 71
145 148
151 155
189 190
119 122
186 190
166 167
64 69
37 42
13 15
156 157
174 178
9 12
4 6
45 48
171 176
98 103
115 118
175 177
27 32
8 10
121 122
74 77
57 62
45 48
28 31
44 47
122 125
107 112
171 175
15 20
188 192
53 55
88 89
113 118
181 186
96 99
32 35
27 30
93 94
45 46
133 136
64 68
184 186
41 43
52 56
8 13
45 47
177 179
161 162
75 80
100 104
192 193
47 50
112 116
187 192
151 153
129 131
144 148
66 71
72 75
63 64
8 13
15 18
186 190
118 123
188 190
57 60
131 132
8 10
139 140
82 86
180 181
148 151
183 188
188 191
55 60
133 137
189 192
134 136
97 102
181 186
184 186
177 180
108 111
46 47
50 51
103 104
90 93
114 117
164 165
29 30
106 107
94 98
183 187
200 1
200 2000 50
200 180 160 140 120 100 80 60 40 20 1 2 3 4 5 6 7 8 9 10 11 12 13 14 15 16 17 18 19 20 21 22 23 24 25 26 27 28 29 30 31 32 33 34 35 36 37 38 39 40
1 2
2 3
3 4
4 5
5 6
6 7
7 8
8 9
9 10
10 11
11 12
12 13
13 14
14 15
15 16
16 17
17 18
18 19
19 20
20 21
21 22
22 23
23 24
24 25
25 26
26 27
27 28
28 29
29 30
30 31
31 32
32 33
33 34
34 35
35 36
36 37
37 38
38 39
39 40
40 41
41 42
42 43
43 44
44 45
45 46
46 47
47 48
48 49
49 50
50 51
51 52
52 53
53 54
54 55
55 56
56 57
57 58
58 59
59 60
60 61
61 62
62 63
63 64
64 65
65 66
66 67
67 68
68 69
69 70
70 71
71 72
72 73
73 74
74 75
75 76
76 77
77 78
78 79
79 80
80 81
81 82
82 83
83 84
84 85
85 86
86 87
87 88
88 89
89 90
90 91
91 92
92 93
93 94
94 95
95 96
96 97
97 98
98 99
99 100
100 101
101 102
102 103
103 104
104 105
105 106
106 107
107 108
108 109
109 110
110 111
111 112
112 113
113 114
114 115
115 116
116 117
117 118
118 119
119 120
120 121
121 122
122 123
123 124
124 125
125 126
126 127
127 128
128 129
129 130
130 131
131 132
132 133
133 134
134 135
135 136
136 137
137 138
138 139
139 140
140 141
141 142
142 143
143 144
144 145
145 146
146 147
147 148
148 149
149 150
150 151
151 152
152 153
153 154
154 155
155 156
156 157
157 158
158 159
159 160
160 161
161 162
162 163
163 164
164 165
165 166
166 167
167 168
168 169
169 170
170 171
171 172
172 173
173 174
174 175
175 176
176 177
177 178
178 179
179 180
180 181
181 182
182 183
183 184
184 185
185 186
186 187
187 188
188 189
189 190
190 191
191 192
192 193
193 194
194 195
195 196
196 197
197 198
198 199
199 200
66 67
76 80
48 49
114 118
116 117
104 107
59 64
124 125
31 33
183 187
63 66
115 120
124 125
84 86
73 75
149 150
4 9
147 151
88 93
110 115
176 181
173 175
176 181
88 89
28 31
34 35
5 6
180 183
22 23
176 179
67 72
49 50
178 180
160 161
50 52
120 125
53 54
126 127
118 120
52 56
113 116
51 53
170 172
167 169
177 179
48 50
77 82
178 182
41 42
183 186
7 12
48 52
140 143
72 77
129 130
155 158
32 33
32 34
13 17
176 180
5 10
22 25
167 172
40 45
110 114
49 54
189 193
54 57
91 92
14 17
104 107
139 140
30 35
189 192
189 191
153 156
27 31
158 159
104 105
22 24
60 62
185 190
5 10
56 59
104 106
85 86
167 169
190 195
189 191
191 192
105 108
173 175
33 38
7 10
35 36
129 134
72 77
169 171
51 55
146 150
127 130
17 19
144 145
26 28
127 131
67 72
192 195
154 159
61 62
164 167
8 10
44 45
115 117
67 71
28 31
55 59
37 39
72 77
55 56
100 102
71 73
185 189
54 57
31 34
147 149
24 26
58 60
116 119
20 25
17 22
166 167
134 136
110 113
71 74
92 95
91 93
176 179
83 84
93 96
186 191
30 34
58 60
153 158
66 67
36 39
52 55
142 144
174 176
127 131
136 140
45 50
186 191
9 11
56 57
191 193
96 99
82 83
18 21
154 157
127 130
106 111
169 172
167 170
161 166
66 69
29 31
29 31
121 126
77 82
95 99
136 139
142 144
55 59
112 116
95 97
44 45
137 140
61 63
83 87
154 156
134 137
146 147
43 45
79 81
127 129
184 186
104 109
27 28
134 137
148 152
59 61
46 51
147 151
151 153
80 81
186 188
26 28
175 179
50 52
30 34
114 119
193 195
113 115
112 114
123 126
71 72
84 87
8 13
105 107
139 140
24 29
125 130
114 117
1 4
97 100
140 145
10 11
85 88
195 196
101 104
56 59
112 114
66 67
21 22
184 186
156 160
60 65
78 79
63 65
152 155
106 110
183 186
7 11
146 148
96 99
38 42
191 195
135 140
80 84
111 114
130 135
191 195
57 60
123 128
168 172
74 78
36 37
86 91
39 43
92 93
110 114
101 103
49 51
169 170
180 181
50 52
25 28
123 126
187 191
168 171
169 174
50 53
51 55
63 67
146 147
189 191
154 158
83 88
117 120
56 61
131 135
165 169
34 38
52 56
87 88
162 166
86 88
158 163
190 194
184 188
46 50
99 102
177 181
193 198
71 74
117 121
50 53
80 81
148 150
83 85
100 104
100 101
4 6
96 97
11 12
26 27
57 61
28 31
133 134
59 62
111 115
19 21
191 193
29 30
67 72
48 53
93 96
106 110
66 71
157 158
60 62
35 38
151 156
48 49
19 22
36 40
9 11
83 88
176 180
164 166
61 65
187 192
129 133
184 186
85 89
46 47
37 39
133 135
32 37
84 87
60 64
187 188
141 144
95 100
45 49
157 161
175 176
136 137
173 178
141 144
76 79
121 124
91 95
108 113
137 139
33 35
38 42
95 98
194 197
163 164
104 108
12 14
104 109
141 145
72 77
124 126
15 17
86 89
85 90
148 152
157 161
150 153
106 109
32 35
111 113
42 45
175 179
132 134
35 39
106 109
64 66
68 71
38 43
36 40
189 193
128 131
51 54
58 59
56 61
167 169
194 196
170 173
65 69
119 121
21 26
161 164
44 46
45 50
29 31
152 154
180 182
147 148
189 191
98 100
86 87
126 130
194 195
48 52
100 101
148 150
172 175
135 138
34 38
5 8
162 163
18 21
140 144
35 38
123 125
151 155
154 159
69 71
31 36
70 74
189 194
7 10
186 188
83 87
87 88
93 96
81 86
112 113
140 141
96 97
130 131
176 181
172 173
174 179
79 84
56 58
172 174
129 132
141 145
68 72
145 146
86 87
136 139
92 94
105 107
140 142
99 104
59 60
152 154
4 7
113 117
9 11
188 193
178 183
72 73
186 191
12 16
160 164
76 80
141 145
82 83
113 118
24 26
148 153
140 143
177 178
13 15
92 97
104 107
195 199
190 192
124 128
90 94
115 117
82 85
116 117
152 153
147 152
48 53
76 77
188 193
33 36
110 112
147 151
118 123
195 197
119 122
57 62
133 138
190 194
149 151
63 64
74 78
170 174
61 63
189 190
78 83
182 187
68 71
53 57
4 9
20 22
78 83
166 167
57 62
192 195
159 160
25 29
158 163
25 27
46 49
71 75
20 25
91 94
130 131
110 113
162 166
195 198
191 196
80 85
185 187
49 53
19 21
4 9
93 97
79 81
61 66
64 65
7 10
173 174
51 54
180 181
153 157
172 176
135 138
165 169
66 67
144 146
31 34
106 107
13 17
46 51
124 126
13 15
187 191
123 126
104 106
190 192
110 114
181 186
125 129
107 108
2 6
169 171
145 150
188 189
145 147
48 53
71 74
72 75
184 188
11 14
19 20
129 134
75 79
126 131
159 163
108 110
162 165
89 94
54 56
77 78
113 114
1 5
81 85
154 155
165 169
57 58
195 200
60 61
80 82
27 30
6 8
161 164
183 188
195 198
53 55
138 142
26 29
163 165
156 159
105 110
145 150
143 147
170 175
51 52
3 7
62 64
25 26
82 87
134 137
146 149
145 150
183 185
194 196
179 180
125 127
24 27
57 58
165 167
132 133
19 21
45 48
12 15
182 183
141 146
122 127
34 37
3 4
15 19
125 129
121 122
108 113
79 83
82 87
81 82
55 59
177 178
87 90
105 106
189 194
145 149
74 76
108 110
130 131
20 24
93 94
30 34
11 15
124 127
123 124
56 57
87 88
75 76
4 7
185 188
7 10
189 194
143 147
14 19
51 53
88 91
160 165
105 106
133 134
18 19
64 66
103 104
58 63
102 104
177 179
118 123
25 29
65 68
82 85
184 187
16 17
85 89
194 195
13 18
98 100
183 184
118 120
124 127
138 139
7 12
78 79
132 135
41 46
13 14
26 31
150 151
119 123
154 159
83 84
163 166
13 16
149 150
17 18
35 40
50 53
61 66
104 106
16 21
108 111
171 176
25 26
158 162
148 149
163 164
130 132
66 70
25 29
60 65
52 57
44 45
162 163
148 151
107 109
21 23
158 163
31 35
99 100
190 191
8 13
9 12
4 7
87 88
91 96
193 198
134 136
146 147
170 171
145 148
105 107
2 6
177 178
77 79
162 167
173 175
47 51
98 103
83 88
134 139
179 181
49 51
92 96
29 32
174 175
74 78
142 146
75 77
71 76
14 15
20 23
83 84
37 39
189 192
106 109
168 173
79 80
58 62
30 31
4 6
76 79
13 14
146 151
177 178
103 106
111 115
60 62
129 133
83 88
23 26
29 34
132 137
13 15
19 22
95 100
49 53
12 13
180 185
48 53
33 34
174 179
160 161
48 50
96 97
187 188
93 97
195 200
156 161
1 3
134 138
164 169
26 27
24 27
138 139
14 18
169 170
112 116
98 99
166 167
120 121
166 168
24 27
149 150
128 130
17 21
14 18
23 28
16 19
119 123
185 190
69 71
41 46
37 40
185 186
25 28
188 192
6 11
94 95
145 148
143 147
81 86
167 168
179 180
30 35
173 176
132 137
168 169
62 65
114 119
114 119
29 32
109 111
144 148
157 158
84 85
3 7
66 68
88 92
68 72
30 32
24 27
17 18
128 132
27 28
75 76
108 111
30 31
87 88
190 192
97 102
57 61
187 191
18 20
164 167
118 120
98 103
105 109
58 60
102 106
12 13
123 128
89 92
65 69
183 186
52 56
3 7
16 18
193 194
114 119
17 19
23 28
190 193
44 45
46 48
70 72
136 141
185 187
100 101
88 89
15 18
163 166
188 193
146 149
133 137
168 169
113 117
63 68
132 136
103 105
131 133
67 72
38 43
10 12
43 48
59 64
119 121
63 66
146 147
108 112
129 132
24 26
131 132
116 121
74 76
134 137
145 146
78 79
52 55
100 102
107 112
151 152
105 107
160 163
60 64
55 60
97 98
49 54
97 98
99 102
131 134
6 10
18 22
122 127
43 47
172 176
185 186
100 103
126 127
152 156
104 106
12 17
126 129
159 160
12 15
142 144
180 185
124 128
41 46
89 91
28 31
63 66
89 94
189 193
57 59
52 54
166 168
116 118
56 58
66 67
161 165
37 39
129 132
42 45
53 56
154 158
121 122
105 106
125 127
178 183
124 129
39 43
40 43
101 105
47 51
189 190
40 41
79 81
86 90
160 161
36 39
194 196
151 155
79 80
7 8
141 146
129 134
145 148
112 113
125 129
76 78
113 118
69 74
191 193
132 136
59 64
49 50
151 155
69 71
181 183
63 64
122 126
179 182
82 83
13 18
167 171
35 37
121 125
191 195
94 97
8 12
44 47
126 131
11 14
51 54
171 173
153 154
45 46
11 12
125 128
72 73
153 154
52 57
46 50
183 187
23 26
182 183
14 19
130 135
69 72
135 140
148 150
75 76
187 188
73 76
7 11
129 134
31 32
10 13
45 48
75 76
60 62
1 6
76 78
177 180
26 27
25 26
96 98
150 153
176 178
34 36
160 164
1 6
177 182
52 56
63 66
81 86
83 84
9 11
131 134
117 122
25 29
11 16
29 32
183 185
67 69
82 85
34 36
117 119
20 21
116 121
172 176
174 179
70 73
21 25
190 192
156 158
114 117
175 178
159 160
45 48
39 44
29 30
49 51
139 144
128 129
98 102
29 34
126 128
75 76
51 56
51 53
151 153
24 26
107 109
4 6
192 194
2 3
118 120
22 24
81 83
45 47
76 77
48 50
168 171
62 65
116 117
35 40
13 17
177 182
155 159
147 152
160 164
178 181
56 58
114 118
173 177
65 67
131 132
124 125
82 85
22 24
42 45
148 152
28 33
14 17
177 179
143 146
43 44
163 165
1 4
8 9
173 178
2 4
35 36
153 157
94 95
115 118
104 108
48 50
114 119
155 160
133 138
38 40
159 163
91 96
132 135
97 99
82 86
195 199
59 64
156 161
132 135
107 112
84 85
115 120
68 70
167 169
2 7
130 135
63 64
9 10
101 102
24 26
34 35
142 145
36 37
144 147
87 90
51 54
56 59
19 24
122 125
152 155
152 156
38 43
104 109
53 58
67 70
94 97
147 148
97 102
129 134
61 64
81 83
143 145
188 189
52 55
114 117
51 56
182 184
167 169
87 92
70 75
90 93
132 133
58 61
178 179
41 46
195 199
159 160
79 84
171 175
74 75
87 92
19 23
47 50
56 61
42 46
109 114
81 83
195 199
14 19
102 106
48 50
79 81
57 61
109 113
124 126
185 189
81 83
58 62
21 23
195 199
115 117
26 29
166 171
151 156
115 120
17 19
151 152
44 49
137 140
86 88
52 54
173 178
7 8
72 74
9 10
153 156
124 129
191 192
172 177
164 167
94 99
137 139
152 153
104 105
10 14
20 24
145 150
101 105
187 192
170 174
129 130
143 144
16 21
104 109
181 183
6 8
39 42
53 57
126 129
35 38
120 121
7 10
99 100
53 54
117 118
179 183
107 112
92 97
104 106
73 77
38 39
74 77
171 176
70 72
10 11
102 106
190 191
59 64
46 51
11 16
150 153
32 36
89 92
138 143
3 8
130 133
139 143
51 53
32 34
163 164
73 75
172 173
100 101
134 138
183 188
145 149
107 111
110 112
101 103
170 171
11 13
169 173
2 6
53 56
53 57
137 139
72 73
13 15
92 97
87 90
137 139
163 168
3 8
194 196
87 88
148 149
87 89
97 101
30 34
156 157
181 183
82 86
136 138
144 147
111 112
82 83
121 122
65 69
195 200
58 63
61 66
77 82
138 143
174 176
154 158
15 16
185 190
34 35
109 114
31 32
144 145
126 127
140 145
50 54
178 179
97 98
54 58
82 86
76 78
171 174
108 109
9 12
94 99
110 113
178 182
92 93
151 155
187 188
154 159
24 25
192 195
192 197
162 163
10 15
120 124
52 55
164 169
151 154
114 115
194 195
4 5
34 36
53 54
17 19
113 115
106 111
57 62
130 132
113 117
28 29
180 184
44 45
185 187
192 195
182 185
104 106
24 28
37 38
190 194
98 100
184 185
165 170
10 13
193 198
122 125
19 23
49 51
10 13
124 125
195 199
33 38
164 165
23 28
65 70
53 58
101 103
102 103
152 156
90 92
91 95
186 187
103 104
147 152
121 126
110 111
77 78
129 133
13 18
27 29
180 183
163 167
115 116
175 180
58 63
52 55
26 28
177 180
155 156
194 197
184 186
87 92
195 199
89 94
170 172
55 56
191 193
101 102
49 50
38 42
59 61
80 81
109 114
136 140
73 76
48 53
10 15
84 87
119 120
18 21
117 118
85 86
76 78
55 59
148 152
107 108
26 29
18 19
16 17
172 177
76 81
76 77
57 58
158 163
22 27
103 104
187 188
132 133
2 5
179 182
169 170
85 87
79 80
169 173
87 91
7 12
185 190
70 73
155 157
86 91
3 7
119 121
99 103
36 37
64 67
43 47
132 134
151 154
183 186
173 177
3 5
155 157
184 186
97 99
188 193
68 73
185 188
180 184
162 165
113 115
116 120
181 186
91 93
191 194
151 155
169 170
179 184
3 6
185 187
10 12
77 82
8 11
114 116
127 130
10 15
180 185
26 31
162 166
98 100
189 190
128 129
186 191
62 64
143 146
170 174
175 178
190 192
164 166
44 46
150 154
190 195
34 37
98 99
14 16
113 114
127 128
141 144
140 145
158 159
30 31
148 153
152 156
18 23
9 10
95 99
41 45
93 96
95 99
32 34
30 31
178 180
164 167
14 15
19 24
90 95
73 78
117 122
182 186
37 39
120 122
134 137
112 115
181 186
89 94
103 108
95 96
64 68
5 9
54 56
32 36
195 198
162 164
11 13
14 16
187 190
167 172
126 127
20 22
75 77
53 56
126 130
4 6
59 64
5 10
109 110
16 20
89 92
9 10
1 6
152 154
177 179
34 35
163 168
167 168
133 138
176 181
45 50
156 157
54 57
20 23
156 157
107 112
193 197
183 187
104 109
101 105
120 124
87 89
42 45
72 74
174 175
40 42
135 140
77 80
21 26
94 99
62 63
92 94
86 88
103 108
62 67
113 115
91 95
89 92
154 157
117 122
160 164
42 46
128 131
63 65
161 164
173 178
164 165
170 171
60 62
94 98
162 164
191 195
44 49
150 154
91 95
144 149
174 175
142 147
117 121
160 161
20 25
6 11
179 183
151 154
105 109
164 167
176 181
94 99
153 158
179 180
190 191
104 109
90 95
106 108
139 144
14 15
165 170
88 89
169 172
102 105
11 13
127 128
1 4
18 20
3 4
82 85
166 171
171 173
123 126
12 13
130 132
188 190
105 109
55 58
122 123
19 21
94 96
134 138
53 57
44 48
160 162
42 43
58 59
131 132
150 154
30 34
26 30
149 151
150 154
182 186
85 87
31 36
35 40
110 111
87 90
109 111
161 166
159 162
62 65
181 182
146 150
117 121
190 194
74 75
146 147
117 122
14 17
45 46
62 63
21 23
11 12
53 56
90 94
157 160
75 76
90 92
143 145
50 54
31 32
128 131
94 95
86 88
191 194
42 45
158 160
130 133
18 20
15 20
109 114
162 167
4 8
126 131
119 123
53 57
175 177
59 63
102 103
182 186
21 23
40 44
44 49
76 80
51 56
23 26
6 8
140 144
37 40
153 156
5 7
96 99
147 151
36 38
13 17
53 55
13 14
126 130
160 164
64 68
74 78
158 159
2 6
165 169
104 108
139 141
120 122
158 163
111 114
122 123
100 104
132 136
195 198
47 52
179 183
1 3
62 64
177 179
32 37
138 139
190 191
27 30
179 181
77 82
51 55
111 116
153 158
81 86
152 156
156 158
58 59
24 29
103 106
125 126
96 97
73 76
17 19
99 100
106 111
98 100
184 185
195 200
112 115
105 110
67 69
12 14
105 107
184 185
143 147
12 14
160 164
81 86
150 153
118 120
73 77
45 48
136 140
200 1
200 2000 50
200 180 160 140 120 100 80 60 40 20 1 2 3 4 5 6 7 8 9 10 11 12 13 14 15 16 17 18 19 20 21 22 23 24 25 26 27 28 29 30 31 32 33 34 35 36 37 38 39 40
1 2
2 3
3 4
4 5
5 6
6 7
7 8
8 9
9 10
10 11
11 12
12 13
13 14
14 15
15 16
16 17
17 18
18 19
19 20
20 21
21 22
22 23
23 24
24 25
25 26
26 27
27 28
28 29
29 30
30 31
31 32
32 33
33 34
34 35
35 36
36 37
37 38
38 39
39 40
40 41
41 42
42 43
43 44
44 45
45 46
46 47
47 48
48 49
49 50
50 51
51 52
52 53
53 54
54 55
55 56
56 57
57 58
58 59
59 60
60 61
61 62
62 63
63 64
64 65
65 66
66 67
67 68
68 69
69 70
70 71
71 72
72 73
73 74
74 75
75 76
76 77
77 78
78 79
79 80
80 81
81 82
82 83
83 84
84 85
85 86
86 87
87 88
88 89
89 90
90 91
91 92
92 93
93 94
94 95
95 96
96 97
97 98
98 99
99 100
100 101
101 102
102 103
103 104
104 105
105 106
106 107
107 108
108 109
109 110
110 111
111 112
112 113
113 114
114 115
115 116
116 117
117 118
118 119
119 120
120 121
121 122
122 123
123 124
124 125
125 126
126 127
127 128
128 129
129 130
130 131
131 132
132 133
133 134
134 135
135 136
136 137
137 138
138 139
139 140
140 141
141 142
142 143
143 144
144 145
145 146
146 147
147 148
148 149
149 150
150 151
151 152
152 153
153 154
154 155
155 156
156 157
157 158
158 159
159 160
160 161
161 162
162 163
163 164
164 165
165 166
166 167
167 168
168 169
169 170
170 171
171 172
172 173
173 174
174 175
175 176
176 177
177 178
178 179
179 180
180 181
181 182
182 183
183 184
184 185
185 186
186 187
187 188
188 189
189 190
190 191
191 192
192 193
193 194
194 195
195 196
196 197
197 198
198 199
199 200
55 59
77 78
157 161
137 138
90 95
37 39
24 26
157 158
141 146
139 142
103 107
92 94
34 39
186 191
3 5
159 164
186 189
116 120
49 51
22 26
92 95
10 12
115 119
56 59
80 84
34 36
134 135
95 99
20 24
82 87
121 122
184 189
33 36
137 138
179 183
180 183
166 169
43 48
159 160
53 57
134 136
54 58
47 51
121 126
81 86
140 142
61 65
52 55
34 36
189 191
2 3
135 136
96 99
68 72
117 121
52 55
78 82
58 62
154 158
139 140
188 191
128 130
139 143
92 94
143 144
178 180
93 94
137 141
34 36
130 132
40 42
31 34
141 143
86 88
155 158
23 27
58 62
166 169
24 27
52 57
148 150
67 69
189 194
111 116
72 73
84 85
151 153
118 120
36 37
140 143
110 113
39 40
166 170
124 127
23 25
149 154
25 30
24 27
140 144
16 20
176 180
130 132
164 168
3 7
76 81
55 58
25 28
88 92
31 34
133 134
8 10
59 63
162 164
176 181
195 200
23 26
4 9
102 104
15 16
129 131
160 165
31 32
47 49
71 75
13 15
146 147
95 99
37 42
110 115
42 44
176 177
134 139
47 48
155 156
95 99
136 141
97 99
23 26
125 127
167 171
92 97
125 127
90 91
140 141
93 96
57 58
120 121
151 156
21 25
107 112
162 165
176 179
110 115
11 12
6 11
79 84
180 183
141 142
182 184
12 15
173 177
194 196
181 182
47 50
154 155
20 23
63 66
140 142
127 130
20 25
183 184
143 146
119 120
37 40
61 65
60 63
62 63
60 63
143 144
68 70
178 183
6 11
98 102
7 10
10 14
105 107
188 190
145 148
159 164
119 120
166 167
83 84
104 105
114 118
20 22
78 80
130 133
178 180
135 136
44 45
143 147
72 75
131 136
171 174
10 11
32 36
186 191
152 153
64 65
5 6
74 79
85 89
189 191
74 77
27 30
110 111
112 113
86 87
8 12
26 29
175 179
52 54
193 198
85 87
26 29
40 42
65 67
83 84
20 22
184 186
86 89
77 79
126 131
167 172
136 138
181 183
141 146
102 107
3 7
140 144
7 8
154 158
179 182
187 188
126 128
80 82
59 63
50 53
29 30
19 21
128 131
158 161
132 135
47 51
13 14
113 114
194 199
48 53
177 181
79 82
46 51
28 30
129 130
163 167
96 100
143 147
33 35
188 193
91 95
32 33
46 49
81 84
15 18
82 83
8 13
96 101
153 154
17 20
167 169
110 114
54 55
141 142
184 187
145 148
133 135
94 98
113 117
12 17
33 36
113 115
137 138
116 118
126 129
110 113
105 110
4 5
53 54
110 115
183 188
67 68
56 57
39 43
39 44
15 20
81 84
106 108
64 66
129 130
87 90
187 190
72 74
92 94
147 149
69 70
100 102
42 45
182 183
185 189
156 158
170 171
58 62
11 13
18 23
139 140
152 155
23 24
78 81
148 152
88 92
36 37
136 137
4 9
121 122
127 132
45 49
43 44
26 27
6 11
58 63
136 141
83 87
16 20
3 6
114 119
76 81
41 43
168 171
167 171
138 142
146 150
181 183
64 68
77 81
164 168
38 40
31 36
61 63
2 3
160 164
60 61
124 129
80 85
3 6
102 106
34 37
58 60
72 76
104 109
133 137
173 178
160 162
150 155
90 94
34 37
193 198
174 178
174 178
185 186
182 184
48 53
9 14
189 190
192 195
27 31
99 100
130 132
149 154
8 9
57 59
7 11
107 110
97 98
195 196
104 109
188 191
156 158
9 11
80 81
60 64
138 140
32 36
108 113
74 78
177 182
149 152
138 141
36 38
108 111
118 121
156 157
175 177
26 31
105 109
148 152
16 21
170 172
46 47
151 156
49 53
52 54
67 69
72 75
3 7
161 163
154 158
73 75
90 95
113 116
57 59
159 161
184 186
35 37
191 196
65 69
36 38
120 122
128 132
13 16
164 168
57 62
72 76
89 94
145 149
68 70
58 59
116 120
113 118
160 163
67 69
59 64
137 141
142 144
101 106
185 187
60 65
95 97
97 98
78 82
101 103
112 115
1 2
32 36
137 142
3 4
110 114
16 21
128 131
170 175
75 77
17 20
2 4
119 121
109 111
12 13
49 50
62 65
155 159
121 124
188 192
139 144
2 3
140 145
61 66
155 160
112 113
91 94
72 74
5 9
73 75
120 124
3 8
27 31
158 163
35 38
77 78
184 186
55 57
159 160
149 151
101 103
102 107
155 159
157 159
100 103
31 32
69 72
74 77
86 90
30 33
1 5
42 43
35 39
15 18
104 106
11 15
133 134
154 155
177 179
14 15
53 56
195 199
80 81
144 147
132 134
46 47
69 71
57 60
128 132
134 136
192 194
127 130
178 179
135 139
182 186
39 44
107 110
5 6
174 176
64 65
182 184
118 121
88 92
161 164
21 26
20 24
41 45
163 165
109 111
38 41
127 128
85 89
85 90
97 101
151 154
169 174
107 109
191 195
116 120
159 161
180 184
70 74
114 115
28 31
35 37
109 110
136 138
165 169
69 70
46 48
7 8
130 135
106 111
173 177
39 40
30 32
50 54
35 39
50 55
185 187
126 131
94 95
127 130
82 85
195 199
102 104
151 155
85 88
82 84
22 24
195 199
96 98
19 20
109 112
87 88
85 90
125 128
5 9
8 9
174 179
35 40
13 15
44 48
46 47
69 74
35 40
56 61
190 191
168 171
178 179
43 45
123 127
133 134
147 151
130 133
181 182
166 168
163 165
80 85
139 144
13 15
56 61
127 129
23 26
122 124
45 49
112 113
11 13
43 47
82 83
38 39
109 114
8 10
88 93
178 182
188 190
128 131
49 53
124 126
191 196
56 58
124 125
88 92
36 38
175 179
115 118
118 119
121 123
93 98
83 87
83 88
142 146
37 38
73 75
173 175
159 161
102 103
174 179
80 85
152 157
166 171
179 183
96 98
16 21
20 21
190 191
189 190
7 8
135 139
147 152
174 178
145 149
152 154
137 138
104 107
19 21
144 146
17 21
109 113
13 16
81 85
81 83
83 87
73 77
158 161
185 187
172 175
96 101
176 177
104 106
58 60
118 122
195 200
161 165
137 139
193 196
9 10
72 74
79 80
19 23
76 78
47 49
70 74
82 85
152 155
40 43
174 177
149 150
27 30
192 195
165 168
125 129
40 41
74 77
98 99
83 84
50 54
111 114
28 29
59 62
151 153
8 9
141 146
173 174
70 74
88 89
56 57
16 21
145 146
169 171
3 6
61 66
87 89
81 83
3 7
62 65
14 19
55 57
31 33
79 81
91 93
27 32
169 170
110 113
140 145
187 188
140 145
195 200
132 136
96 97
115 120
142 143
42 45
16 18
193 197
113 118
19 20
76 81
69 71
12 13
98 100
24 28
189 194
114 116
145 150
70 72
22 27
140 145
95 96
38 43
125 127
55 59
63 65
88 90
158 161
149 154
14 16
105 107
15 20
46 47
127 131
184 189
21 22
101 102
63 66
145 147
195 200
161 166
47 49
47 50
182 183
101 103
103 105
2 6
59 61
25 27
135 139
169 173
12 14
79 83
100 103
74 78
188 191
183 188
86 88
22 25
35 40
50 53
29 34
157 162
183 184
72 77
129 133
98 102
111 115
48 52
139 144
27 29
10 15
155 159
50 54
127 132
27 30
120 121
41 42
120 121
176 177
33 35
152 156
85 87
194 199
149 154
190 193
189 194
108 111
23 27
20 23
47 50
37 41
123 126
28 31
32 33
59 61
10 14
130 132
70 73
46 47
82 87
61 63
146 150
99 102
65 69
96 97
106 110
85 89
134 135
140 144
104 108
86 87
107 111
152 155
174 179
19 23
115 120
120 122
117 119
179 181
119 124
137 142
92 93
2 7
23 27
181 186
194 196
45 49
43 45
99 100
150 152
184 187
35 38
127 130
93 96
172 175
5 6
162 164
29 30
96 99
144 145
13 15
79 83
72 73
49 52
25 28
9 12
25 29
45 46
58 62
192 197
31 36
81 84
108 113
174 178
24 28
163 164
65 70
6 8
86 87
185 188
136 137
136 139
177 179
59 61
177 180
188 191
168 172
117 118
157 160
85 90
169 171
110 112
154 157
148 152
112 116
143 145
188 189
81 86
103 105
100 101
180 182
128 131
101 106
152 156
126 130
26 30
9 12
168 172
38 41
53 56
104 108
145 150
17 21
112 115
131 133
9 10
8 9
87 92
162 165
68 72
72 76
74 75
175 177
136 138
178 179
139 140
18 19
5 10
86 87
69 72
156 158
138 140
89 93
95 100
149 152
186 190
114 117
54 59
135 139
59 60
82 87
28 29
142 143
5 9
137 139
80 84
113 115
92 95
116 119
158 161
169 173
72 74
166 168
39 43
13 17
191 193
115 118
146 147
85 88
41 43
54 56
35 38
20 23
11 14
98 102
129 132
20 21
173 175
152 155
187 192
76 78
135 139
33 34
188 192
89 94
68 69
98 100
82 85
123 128
164 166
102 105
141 144
10 13
184 185
127 129
180 183
138 140
6 8
99 102
116 118
35 36
45 49
9 14
118 121
46 50
169 172
27 31
118 122
52 54
172 175
111 113
116 120
166 170
80 82
46 50
38 41
69 71
73 78
189 192
161 164
106 108
35 37
50 53
5 9
163 168
96 99
167 171
18 19
130 132
62 66
106 109
107 110
148 149
131 134
82 85
98 102
114 117
60 61
183 188
115 116
164 165
84 89
113 115
30 34
33 36
50 52
38 43
163 168
192 195
28 31
82 83
166 171
96 101
160 164
168 171
138 140
37 40
176 178
114 116
61 65
195 198
25 29
7 10
40 41
192 197
12 14
180 183
123 128
139 140
124 125
110 115
71 72
169 171
111 112
22 26
3 4
95 100
129 132
50 51
47 51
132 135
179 182
95 98
72 76
69 72
19 23
135 137
121 126
2 7
195 200
103 108
93 95
98 100
99 103
39 43
27 30
173 176
183 187
131 132
175 177
10 13
77 80
65 66
161 164
126 130
107 109
49 51
44 47
137 142
92 94
57 62
92 95
172 177
177 180
74 79
140 143
1 5
50 53
37 40
81 83
174 178
136 137
103 105
76 77
102 104
39 40
2 7
25 27
72 73
40 42
17 18
3 8
14 17
118 123
178 179
86 88
47 50
179 183
123 127
95 97
60 64
21 24
7 8
125 127
51 56
111 113
127 130
133 135
139 140
87 90
25 29
185 190
185 187
75 79
176 179
20 23
176 177
107 111
195 198
188 193
70 73
145 147
191 193
45 46
41 43
74 76
103 104
150 152
94 96
184 186
179 184
15 18
18 22
10 15
90 91
7 9
82 83
162 165
161 162
171 172
51 56
36 40
77 80
113 114
110 114
12 17
103 104
3 4
72 75
172 176
117 120
143 147
166 171
31 35
107 110
187 192
69 74
86 88
183 186
176 178
171 176
55 58
15 17
158 160
133 135
67 68
9 10
13 17
48 49
127 129
18 20
169 172
195 196
111 113
46 48
87 88
180 181
163 166
123 127
60 63
1 4
72 74
111 116
62 63
29 33
120 125
156 160
136 137
38 41
164 169
74 75
77 80
110 112
86 87
158 163
178 179
155 157
26 28
125 127
152 155
188 189
63 64
128 129
182 184
66 69
160 164
186 190
48 50
187 188
177 181
29 31
14 18
47 52
99 102
113 117
86 88
89 91
78 83
52 53
50 54
184 187
15 18
171 174
75 79
131 134
93 97
84 89
100 104
138 139
49 52
148 151
187 188
129 131
158 163
99 104
46 49
123 128
132 137
186 190
16 19
24 27
10 11
75 79
153 158
107 109
100 101
107 111
126 129
14 16
131 136
8 13
94 96
75 78
153 154
132 135
84 87
25 29
43 44
58 61
46 48
108 109
92 95
114 117
38 41
120 124
88 91
65 66
68 72
193 195
157 162
57 62
5 6
32 34
165 169
26 31
90 92
61 63
59 64
90 94
119 120
65 66
139 143
119 124
158 162
2 4
11 15
102 107
194 195
126 131
9 10
134 137
42 46
162 164
172 175
68 73
188 190
192 197
56 60
157 158
107 110
136 138
159 163
88 89
42 45
39 41
27 30
148 149
7 12
171 172
65 66
50 53
50 54
160 161
191 195
135 139
29 34
44 46
85 89
119 124
190 191
87 90
137 140
66 71
188 192
9 13
129 133
37 40
113 114
69 71
87 90
142 147
7 12
109 112
10 12
131 135
11 12
46 48
28 31
12 17
13 14
163 166
108 113
162 166
50 54
96 98
97 98
37 39
105 106
34 35
93 95
75 80
80 85
56 61
181 183
35 37
1 4
151 156
21 23
121 124
91 95
40 43
142 147
142 147
146 148
61 64
48 49
162 163
119 121
67 71
179 183
157 159
158 159
169 172
22 25
92 93
169 171
105 107
61 65
153 156
118 123
14 15
148 150
133 138
187 192
139 140
53 57
179 182
48 50
22 27
46 48
41 43
184 188
23 26
132 135
176 179
46 51
121 125
55 59
109 111
62 63
54 56
91 94
8 9
7 9
77 79
185 187
15 18
85 90
12 16
169 174
17 20
192 193
190 193
50 54
176 180
136 139
160 162
13 16
52 53
106 110
56 57
183 188
26 31
161 164
34 35
1 4
115 120
59 64
153 155
109 111
118 121
185 189
38 39
165 166
26 29
92 97
157 160
97 100
52 56
42 46
40 43
47 49
191 195
63 67
64 68
81 82
194 196
30 31
111 114
91 93
28 32
131 136
14 16
108 110
178 182
80 85
85 86
57 59
166 171
72 73
10 12
131 135
140 144
47 50
190 193
139 143
193 196
116 118
55 58
79 83
75 77
99 103
74 78
2 5
23 27
52 56
139 140
53 58
186 191
96 101
52 55
39 41
175 177
113 114
80 83
2 7
191 196
84 87
169 171
42 46
60 65
161 163
127 132
11 12
63 66
122 127
168 172
84 85
29 30
30 34
31 34
78 83
52 55
52 54
75 80
148 151
52 55
25 27
98 102
51 56
20 23
56 59
41 46
14 19
110 114
87 92
141 144
112 117
125 129
109 112
104 107
14 19
38 40
140 142
14 16
181 185
146 147
18 23
102 105
120 123
110 112
51 53
195 196
157 161
52 57
43 48
52 53
75 80
31 32
122 124
36 39
97 99
76 78
176 180
22 27
149 153
144 146
77 79
52 54
48 53
1 3
131 133
168 170
168 170
1 2
86 90
48 50
6 8
25 29
56 61
15 19
9 10
166 169
75 80
133 137
155 158
105 109
32 34
184 185
75 80
52 56
2 5
107 109
131 132
157 161
121 126
46 47
28 30
170 172
12 16
88 91
50 53
137 141
180 181
136 141
155 159
58 61
97 98
2 7
119 120
81 84
77 82
39 42
49 54
155 159
115 117
165 170
46 51
166 168
168 172
146 150
73 75
152 153
71 76
156 160
109 112
68 70
118 119
58 62
172 173
94 96
103 107
46 48
112 116
83 88
167 172
122 125
187 189
48 49
94 98
129 133
79 80
87 91
61 64
136 138
156 158
19 21
138 141
153 156
52 54
139 142
37 42
36 39
102 103
74 79
27 28
61 63
119 122
121 124
124 125
164 166
164 168
77 80
141 146
67 70
24 28
94 97
148 153
108 112
111 115
14 17
102 106
129 130
59 63
35 37
136 140
108 111
100 103
59 60
151 156
135 137
41 42
138 143
30 33
123 124
29 30
116 119
99 100
129 130
92 93
66 67
114 118
9 14
129 134
24 28
21 24
24 28
185 187
60 64
147 152
101 105
138 139
142 147
134 135
133 134
95 99
154 159
22 25
50 54
172 176
132 134
194 196
166 167
162 163
18 20
140 141
132 137
65 66
167 169
2 5
162 163
188 192
77 80
68 69
82 87
46 49
31 33
3 7
100 105
186 190
39 44
26 27
108 109
50 52
129 132
133 135
29 31
83 88
53 55
23 28
163 164
29 31
87 91
5 7
163 168
12 15
49 51
102 107
111 114
20 25
133 135
3 6
89 93
21 25
161 162
117 122
2 4
48 50
127 130
24 26
41 46
10 13
110 111
2 7
200 1
