5
200 2000 66
200 181 152 164 135 124 172 54 154 191 50 41 66 15 12 28 151 27 93 128 127 186 194 129 168 56 112 61 47 86 98 87 3 67 126 53 163 103 65 115 55 58 24 30 167 178 99 68 165 32 102 31 144 197 89 146 174 6 34 97 4 1 132 177 90 150 
173 166
158 138
162 88
61 34
137 148
101 85
89 21
174 63
139 89
91 57
45 146
132 104
185 72
93 132
67 198
21 58
62 128
128 10
87 147
174 25
88 5
66 153
63 1
99 36
53 4
30 61
183 123
83 23
128 59
92 75
5 47
81 14
111 5
110 41
197 145
187 191
88 65
51 163
85 135
85 128
62 170
150 150
137 14
54 108
135 95
87 144
23 194
41 9
129 132
16 78
187 97
156 28
63 110
152 171
75 64
3 113
183 59
35 54
59 3
21 7
127 150
198 164
81 24
93 82
130 158
126 65
97 99
121 198
199 158
81 18
65 146
78 57
145 21
19 61
21 98
152 128
151 103
49 54
187 23
182 89
124 177
57 114
184 144
171 135
183 17
103 159
32 159
101 128
107 186
88 177
40 100
88 160
119 123
65 150
110 2
10 70
143 135
32 122
6 78
113 22
127 133
33 74
6 38
111 116
30 137
89 108
99 199
4 46
95 136
21 84
9 190
76 122
121 39
3 80
117 7
43 99
168 36
119 92
173 168
103 39
104 130
30 133
102 29
188 131
16 88
141 1
116 196
185 67
116 58
10 44
85 170
25 6
152 93
121 155
101 188
98 120
35 22
199 60
9 126
97 157
89 58
18 147
151 197
170 20
175 6
190 150
164 16
4 48
73 128
128 81
188 50
194 151
198 11
29 58
93 168
130 150
42 6
11 77
123 112
64 114
42 21
142 111
4 159
171 144
123 141
83 173
52 58
38 164
2 147
199 85
105 85
87 181
139 69
96 44
71 150
82 166
133 174
114 30
12 41
86 118
36 173
50 152
124 52
14 112
157 150
5 127
101 116
80 98
101 102
57 97
75 21
57 89
113 146
26 115
12 173
29 90
182 183
181 161
140 17
74 34
185 58
72 120
113 77
117 46
175 9
87 21
104 119
67 18
133 199
87 182
141 164
57 133
24 67
197 183
117 112
19 154
141 113
119 78
158 129
23 176
105 150
48 63
92 179
50 26
65 79
128 8
157 92
73 134
138 105
9 109
54 57
120 57
121 50
34 139
59 79
53 56
59 102
14 144
73 18
117 87
38 65
85 56
62 175
45 173
61 98
65 144
159 101
185 166
126 181
17 86
56 151
7 110
46 55
73 110
46 114
12 163
162 190
38 94
16 116
93 130
120 53
14 162
40 26
127 41
67 43
180 79
101 121
150 187
113 75
23 115
116 61
40 37
111 196
12 58
17 92
34 70
75 162
70 154
26 154
120 162
152 146
108 87
107 13
185 125
92 34
42 182
82 50
200 150
37 157
173 197
171 189
99 72
22 114
3 112
35 77
30 89
93 84
80 85
193 28
200 110
120 18
121 55
31 153
124 20
66 144
28 94
133 49
176 80
73 27
84 92
134 177
144 15
99 153
104 17
95 141
115 54
91 69
140 47
182 171
196 73
72 70
6 69
199 176
145 127
69 159
26 55
24 8
71 11
57 111
69 123
197 144
74 67
55 42
132 181
172 175
137 196
134 29
180 186
177 184
23 51
41 110
11 184
18 17
34 13
55 72
133 107
116 102
38 159
99 49
40 41
67 133
106 150
20 47
151 150
28 91
89 46
133 126
97 199
189 100
97 70
93 3
194 162
35 134
110 185
104 83
56 19
146 85
167 141
42 83
78 192
175 136
167 15
146 169
11 5
72 65
180 148
100 48
92 183
2 80
74 57
20 39
100 84
185 64
112 107
17 18
170 160
90 63
73 39
143 118
90 40
84 81
179 89
90 144
41 114
33 148
51 48
65 189
21 123
104 133
22 135
192 58
57 142
62 16
152 116
92 85
36 170
47 83
55 85
74 145
107 132
25 155
96 85
102 157
49 192
104 36
31 106
191 173
13 131
194 140
19 120
169 14
163 179
171 191
15 190
57 133
121 148
81 43
49 64
76 80
66 43
64 77
69 42
143 66
157 150
86 186
98 83
199 162
167 169
199 174
99 94
128 140
147 34
105 54
62 41
65 157
192 117
176 25
112 57
110 186
18 47
34 122
93 187
84 136
14 118
139 174
195 180
56 116
33 6
73 180
128 193
127 84
41 140
192 143
22 158
118 3
170 38
134 60
61 42
170 160
122 9
200 49
128 80
48 23
132 200
50 35
109 30
125 61
111 163
17 31
161 154
158 23
23 92
51 17
129 199
89 146
178 58
13 79
57 75
41 20
187 57
27 165
199 42
20 113
185 167
18 113
56 3
199 157
48 88
48 96
129 34
167 103
134 185
114 150
110 155
169 163
174 88
36 57
126 5
74 110
23 137
171 30
59 99
184 78
78 170
165 185
45 163
150 22
182 167
151 144
192 170
50 133
174 69
85 31
152 29
113 166
66 50
181 68
59 153
129 24
39 66
179 188
46 131
157 87
3 75
36 92
189 143
35 96
162 177
79 160
111 84
57 25
177 137
14 102
191 149
2 165
53 49
41 114
123 121
172 3
156 165
122 114
135 171
181 110
114 187
89 139
138 73
176 93
4 175
200 57
175 56
115 140
159 118
79 18
44 165
196 120
121 46
32 82
110 165
182 63
150 43
67 88
97 124
24 28
35 170
170 167
195 161
189 70
21 161
5 164
105 167
179 24
58 188
95 197
184 53
56 105
150 145
181 135
157 22
199 109
127 92
141 38
92 72
55 185
56 18
179 144
83 184
19 194
48 41
53 66
127 115
138 142
123 46
16 136
116 190
48 168
166 180
152 48
105 189
129 23
31 122
34 63
113 119
196 191
194 196
116 49
122 119
76 13
4 120
98 172
176 28
8 150
178 130
98 149
66 137
52 63
106 128
33 192
43 28
12 14
200 174
51 67
49 106
55 150
121 137
182 18
193 112
17 182
67 47
198 27
79 195
134 2
145 172
48 147
89 16
13 7
90 6
98 199
4 3
178 178
147 105
33 139
109 99
90 72
39 106
81 180
9 83
177 94
21 135
56 169
140 161
70 10
49 92
2 164
132 74
109 119
160 78
37 141
190 75
139 188
72 19
197 7
102 161
116 13
77 71
119 176
35 153
31 151
44 112
26 125
8 128
144 199
2 122
32 106
139 138
76 11
117 50
41 149
48 150
32 118
153 118
127 114
150 63
145 151
11 26
122 63
200 188
60 130
89 148
189 1
76 104
174 28
102 16
53 4
63 65
124 90
169 99
24 86
93 172
155 153
55 27
114 164
69 14
184 54
11 36
25 10
114 99
128 79
76 44
41 70
169 10
8 135
6 111
160 141
17 166
13 21
38 34
155 35
61 22
140 85
122 19
46 142
115 85
2 44
102 174
54 66
40 185
92 31
143 64
81 157
185 143
87 27
178 191
75 156
106 36
200 38
13 175
178 179
17 21
44 11
44 166
155 145
51 95
104 185
108 128
10 136
53 134
25 76
130 83
108 16
115 25
5 185
44 130
128 131
132 155
15 189
14 69
184 17
35 163
189 166
141 166
75 141
101 76
28 39
183 108
182 125
9 108
65 79
199 36
77 14
122 88
186 33
156 1
38 156
78 93
50 12
195 35
141 29
122 24
191 12
95 196
111 61
75 141
23 30
15 139
74 50
101 139
189 64
87 5
75 185
110 85
151 5
101 45
46 62
51 49
146 188
196 178
121 7
152 61
100 16
187 65
160 177
44 60
128 112
166 70
17 120
26 4
77 72
187 142
80 74
112 34
102 149
141 199
3 148
147 138
193 149
107 141
94 26
167 91
132 11
170 13
55 162
98 177
90 70
117 109
115 144
145 88
58 193
123 50
133 43
105 102
151 187
72 143
85 13
31 81
48 64
1 187
70 70
71 124
88 93
52 75
5 113
191 69
142 199
188 66
128 100
100 105
181 52
105 56
51 115
50 76
164 159
77 175
92 60
168 37
22 23
159 158
56 172
137 104
106 152
122 186
147 55
11 145
92 103
22 78
130 139
58 86
192 105
173 50
11 92
101 125
165 195
54 56
123 48
159 193
175 83
149 167
30 116
166 56
138 60
55 123
185 93
31 159
157 197
17 122
42 175
38 3
92 18
145 96
78 136
49 128
75 175
91 123
25 68
45 45
153 60
132 7
41 169
159 109
10 99
2 17
50 164
28 23
11 34
161 199
186 137
112 22
160 103
158 13
165 6
89 88
112 69
182 200
104 192
108 162
167 11
71 126
18 187
77 113
82 109
156 67
173 61
107 178
110 184
189 141
25 10
113 50
96 169
100 40
168 128
21 173
12 94
24 33
42 156
28 26
57 154
68 22
33 163
42 52
179 108
184 139
77 137
157 73
143 136
142 166
120 171
146 142
106 122
197 195
194 56
110 176
169 18
145 47
78 139
5 124
97 42
119 72
193 97
150 191
175 104
85 170
121 145
68 166
24 50
22 123
82 142
156 86
9 27
161 143
162 141
181 123
199 50
83 147
109 124
50 187
159 11
79 77
33 48
177 4
190 19
92 41
131 198
151 121
177 63
78 164
39 178
145 24
77 36
3 28
106 154
83 126
39 200
86 6
106 66
51 104
180 54
182 149
76 88
14 195
90 197
87 136
196 161
193 51
148 193
199 148
111 17
200 143
200 183
114 69
123 70
170 162
187 60
149 56
117 181
114 122
2 142
45 194
89 146
69 133
99 152
15 9
141 195
10 134
169 129
105 138
45 148
52 83
154 196
183 89
54 11
65 8
27 128
62 83
102 85
70 132
170 49
116 117
170 151
48 163
170 148
5 173
6 173
11 25
89 95
6 152
24 84
133 93
108 101
20 137
180 91
179 114
137 45
13 64
88 21
122 14
107 34
133 79
152 88
134 142
185 195
65 149
194 72
165 7
118 164
158 182
50 139
20 174
96 2
98 16
150 29
40 128
189 43
89 39
138 29
69 146
64 18
56 161
20 37
41 8
200 134
29 41
176 61
129 9
40 2
19 47
84 8
90 80
71 173
97 109
173 196
65 123
192 171
188 26
23 181
26 31
26 169
135 147
31 1
75 49
192 28
113 188
3 157
97 110
185 138
62 162
111 149
72 51
80 118
163 107
161 79
159 189
124 87
134 83
62 104
41 24
200 153
83 103
154 12
76 123
107 73
111 181
122 1
76 73
41 188
80 97
148 36
168 88
14 31
65 200
13 1
147 30
113 128
57 168
89 126
163 78
14 154
196 158
93 31
125 101
97 180
152 45
7 186
61 90
193 98
137 117
68 180
81 97
154 8
180 112
32 169
198 63
184 110
150 77
177 127
25 112
2 190
44 96
147 91
47 106
188 102
164 167
3 17
116 179
3 140
58 134
176 39
38 174
68 171
140 82
12 186
146 105
3 50
85 113
62 30
141 137
31 37
60 160
155 33
147 59
44 33
189 106
167 120
178 59
103 27
61 150
48 191
119 168
157 41
66 33
26 108
7 101
171 94
96 142
139 19
142 81
134 9
116 53
79 170
154 175
194 126
172 24
140 110
136 157
14 33
75 54
199 115
37 40
174 9
168 76
91 31
29 149
31 171
8 21
16 63
151 97
198 26
30 104
193 175
182 193
184 85
185 154
147 125
112 137
90 55
5 23
12 150
41 72
129 55
31 36
144 62
79 1
138 89
173 143
189 179
103 10
34 18
99 12
152 113
166 121
70 127
38 177
37 46
193 161
84 61
91 1
81 183
68 160
111 10
192 116
154 112
77 170
173 193
33 116
21 143
177 54
11 145
187 160
22 73
165 176
46 102
59 77
186 34
110 76
155 165
119 23
143 176
128 33
159 147
43 147
114 48
57 154
200 117
148 199
199 54
5 101
49 105
72 151
83 128
155 55
168 91
75 176
165 131
198 61
170 47
66 200
119 179
84 124
5 4
26 91
96 30
170 17
108 86
64 95
125 120
37 65
109 98
170 192
154 87
177 24
21 118
108 179
29 24
20 141
106 61
100 54
154 191
131 35
151 142
141 101
167 90
75 112
147 156
142 29
128 134
152 17
105 30
19 4
163 23
16 155
95 184
50 15
60 155
144 67
11 175
183 25
1 47
125 6
88 153
183 17
94 143
123 32
173 41
119 132
113 113
144 160
117 53
164 6
110 169
193 177
190 83
148 172
11 30
51 170
22 71
163 20
68 82
27 134
8 166
54 74
135 61
181 83
51 141
139 11
89 74
199 182
186 1
110 101
158 142
166 132
148 8
100 52
43 152
127 122
29 125
90 86
142 147
86 68
33 183
70 127
140 116
25 57
151 58
100 116
64 2
117 45
10 155
97 51
58 200
79 84
185 15
10 176
101 59
91 84
152 27
53 105
158 193
111 42
171 84
94 26
12 127
8 155
17 24
106 56
25 138
83 100
70 3
86 49
4 46
156 98
110 33
144 17
162 72
58 34
120 113
68 61
39 191
80 200
80 183
39 123
56 14
195 43
91 57
167 191
92 131
34 22
45 186
112 15
29 82
168 55
21 177
63 143
50 1
67 83
151 89
73 149
32 36
48 103
8 113
76 149
59 90
84 96
188 197
148 28
65 46
155 107
170 10
134 55
14 157
187 109
174 189
119 180
112 13
121 123
29 132
157 152
179 195
162 177
188 170
20 79
45 163
82 93
8 102
121 166
146 28
175 157
6 123
161 90
200 88
158 172
115 168
130 161
147 47
84 120
44 33
184 24
9 12
22 94
46 172
168 123
7 148
72 11
78 68
48 183
48 142
88 179
25 71
92 161
140 76
67 13
84 35
145 95
102 78
85 20
156 20
140 182
19 159
164 71
86 151
42 81
137 117
118 81
23 33
89 199
68 93
141 48
4 55
181 53
26 195
177 121
170 14
12 63
192 156
141 113
46 132
1 58
42 199
32 61
45 84
131 196
125 199
180 114
188 21
7 9
7 194
153 85
96 187
48 38
101 20
67 66
39 155
101 41
43 115
110 159
68 58
170 62
199 91
136 90
37 181
68 67
69 131
54 174
191 162
192 76
154 182
52 153
135 164
84 190
68 97
80 200
107 74
196 55
144 82
103 8
6 16
133 147
146 158
134 118
126 123
149 80
96 194
74 182
177 32
96 74
190 42
175 31
122 21
163 54
130 3
67 116
55 21
3 154
144 148
75 124
45 143
46 106
46 56
172 162
74 158
24 156
48 100
194 76
97 9
54 11
124 47
67 103
185 164
37 31
126 124
76 192
101 172
195 98
60 80
82 92
179 38
44 68
66 145
177 175
17 56
165 151
94 36
144 192
50 5
60 114
180 158
26 58
13 36
133 193
66 147
196 187
29 49
101 34
52 97
69 129
65 81
169 73
96 52
160 103
12 105
38 91
171 90
19 155
77 198
90 46
121 152
123 10
95 86
169 38
63 18
69 17
57 180
137 145
155 14
53 20
158 135
197 91
177 177
9 34
117 27
116 65
175 79
86 62
2 141
122 25
10 38
49 191
177 162
77 151
182 59
126 40
193 183
128 33
80 74
83 95
182 65
34 83
86 113
133 57
180 134
183 170
61 44
161 19
178 58
5 132
177 137
187 154
36 169
176 45
152 21
178 74
94 90
157 170
182 44
137 58
7 193
169 73
144 4
13 165
51 20
193 39
196 106
53 106
15 174
155 23
23 66
52 172
103 182
51 128
141 42
176 17
2 39
175 111
76 55
6 166
148 192
18 96
120 189
155 120
186 189
35 96
47 138
187 4
169 27
22 77
61 51
148 191
102 7
25 171
160 100
139 61
141 143
103 47
148 26
141 21
117 30
95 39
7 148
62 138
34 171
141 167
197 69
108 154
177 97
95 53
148 59
100 43
159 95
193 181
128 154
179 96
65 145
192 100
23 8
94 143
52 69
153 128
133 66
177 188
45 182
129 5
88 172
146 158
161 146
78 184
181 108
46 33
157 151
28 191
160 190
137 9
134 161
8 127
126 73
130 181
185 21
80 91
165 47
20 8
179 72
56 131
33 88
157 16
113 39
149 73
112 167
73 106
48 175
156 92
47 170
167 51
69 158
75 136
50 77
178 80
13 87
142 147
46 102
144 174
70 57
114 9
89 98
149 25
35 40
165 199
56 157
72 72
82 129
50 99
167 21
188 182
176 17
80 81
3 7
111 89
82 53
11 55
34 143
38 159
182 59
145 137
169 91
69 3
23 86
134 172
116 104
146 75
91 197
39 118
161 162
90 92
111 180
137 107
172 31
146 50
97 96
154 89
131 59
23 156
4 118
141 84
130 188
125 118
166 107
26 41
174 15
162 20
12 69
99 142
6 152
139 148
156 7
39 175
36 77
165 195
1 48
121 194
184 147
196 71
162 84
169 27
68 22
150 107
154 48
137 71
128 12
16 132
87 113
168 4
190 106
127 33
199 132
82 150
182 116
111 182
61 119
20 138
131 192
47 151
192 189
3 118
2 194
194 83
27 85
117 6
41 152
53 149
101 107
134 24
52 7
183 83
49 148
27 88
17 188
115 147
86 197
82 163
60 91
167 136
111 107
7 23
179 121
40 167
179 148
175 41
99 53
107 175
141 27
191 92
88 162
116 44
92 151
173 175
143 117
73 114
107 12
165 143
30 21
31 24
25 15
20 7
138 60
171 89
66 197
55 134
87 162
193 171
146 99
100 177
26 138
135 132
112 190
71 172
89 66
50 175
104 196
5 180
153 183
63 114
86 121
76 95
14 45
82 105
1 25
23 193
101 41
2 171
69 131
109 184
68 10
146 68
166 91
171 24
152 67
159 16
83 71
76 94
125 49
72 21
88 66
87 56
73 35
120 129
106 154
144 170
96 156
77 191
5 149
20 57
32 137
52 149
120 95
1 91
69 97
122 16
135 37
163 148
165 54
187 69
199 116
87 2
188 32
85 80
85 161
170 105
152 122
149 168
158 105
186 158
101 162
120 40
127 18
27 191
169 28
26 199
4 184
66 176
176 78
26 40
76 79
196 63
144 61
74 177
179 70
39 48
53 165
58 175
94 57
47 32
197 116
102 135
106 38
193 61
4 135
2 110
52 8
59 131
40 138
4 89
169 173
145 152
13 139
169 52
200 1
200 2000 1
200
30 103
86 141
105 132
62 105
123 90
160 162
176 120
39 113
158 98
88 13
57 101
123 38
196 91
71 151
192 188
179 119
25 146
62 35
21 103
128 71
20 160
45 102
133 63
155 55
100 199
125 57
141 16
119 151
84 87
179 102
12 93
100 68
119 119
50 111
41 140
22 179
122 175
161 44
143 10
99 141
82 41
55 173
106 139
50 28
48 25
107 8
58 19
18 153
196 66
75 54
10 134
111 132
75 160
181 25
41 146
111 32
193 199
94 95
184 17
171 95
97 40
137 149
116 167
20 7
130 28
7 46
112 148
33 177
50 143
149 88
158 173
140 129
45 139
144 188
2 12
8 173
116 50
193 157
43 135
163 158
89 179
113 30
32 161
194 190
133 36
136 3
38 122
138 23
8 32
18 114
166 110
58 40
109 6
107 135
152 184
44 17
185 115
106 188
173 101
33 124
92 127
51 162
51 153
186 6
115 30
11 34
101 53
42 23
180 133
157 172
167 24
165 172
54 8
94 87
84 140
18 33
57 15
136 89
160 141
142 41
4 13
91 140
36 45
34 80
109 7
153 62
45 69
28 187
138 49
11 145
165 51
48 44
78 187
14 44
91 22
84 58
101 173
176 126
164 91
173 20
63 157
100 68
122 23
131 8
114 96
181 169
96 135
17 48
41 106
141 30
113 65
134 133
107 190
118 26
27 125
21 197
132 179
117 157
179 121
155 145
89 116
92 158
141 117
41 197
192 122
50 85
20 184
79 84
181 8
121 128
171 127
179 132
168 23
53 37
85 86
106 123
68 10
25 91
88 53
54 71
37 50
65 121
138 135
150 179
199 81
144 199
177 119
95 44
168 36
108 158
13 63
78 183
178 7
125 53
131 88
60 35
152 60
67 85
128 49
174 14
7 106
101 38
190 167
191 158
51 11
67 72
144 37
103 199
113 136
96 132
123 95
100 44
86 188
178 41
117 145
158 9
119 24
14 136
188 44
113 68
164 113
193 48
158 173
7 101
18 7
192 141
55 149
20 108
57 132
166 176
71 64
18 111
47 128
105 137
114 58
145 44
68 44
87 188
122 188
13 51
93 21
136 36
111 56
17 179
95 61
18 42
2 23
174 97
16 45
150 20
11 180
151 10
22 168
145 30
47 65
13 127
150 72
135 159
122 88
128 65
87 2
141 24
72 149
120 173
151 156
124 178
58 3
60 164
68 49
165 113
152 140
28 156
75 162
86 84
158 71
151 67
60 120
120 158
95 54
98 138
147 61
65 14
186 163
65 163
129 114
30 129
135 16
16 19
75 180
103 151
29 48
144 168
74 154
50 116
161 65
19 22
103 96
57 136
111 29
91 157
138 148
200 195
13 49
170 45
100 148
103 21
174 177
33 183
110 63
178 43
60 101
165 123
107 12
4 145
156 99
63 89
35 21
156 174
189 149
90 110
155 43
24 75
49 126
139 111
158 8
151 73
56 61
3 117
192 139
7 117
12 116
193 173
38 134
91 183
192 93
35 14
145 36
155 16
113 45
142 8
41 55
194 105
68 68
13 190
45 143
145 179
111 178
70 84
105 90
35 59
89 165
21 139
114 145
139 88
60 198
96 180
123 49
84 182
160 15
54 191
180 127
161 139
162 112
189 31
11 19
66 137
135 29
63 81
120 187
155 35
37 25
119 127
71 122
108 133
135 63
163 40
20 85
156 122
85 81
5 17
198 122
106 163
110 166
194 88
160 23
154 167
179 184
175 20
22 50
62 66
190 106
196 43
95 30
135 64
10 155
77 188
192 128
159 71
108 36
185 149
46 172
199 116
188 93
136 131
194 75
120 27
170 146
75 121
112 197
38 180
50 114
35 74
60 55
79 136
64 139
86 23
83 95
131 139
174 161
182 120
105 78
143 32
154 142
55 157
73 108
137 179
133 138
58 85
31 96
3 2
3 90
41 8
11 178
118 69
77 114
162 11
33 31
37 61
165 4
96 155
119 151
80 72
85 135
192 105
190 89
197 183
118 10
35 59
67 31
176 73
183 182
55 103
47 81
56 81
145 108
96 197
95 22
48 55
28 84
106 161
14 26
179 121
103 128
162 162
78 103
182 130
142 42
16 130
91 87
169 2
26 96
15 152
10 151
194 5
138 26
44 158
115 6
148 151
194 166
50 24
146 26
18 121
125 122
132 13
9 102
100 165
168 97
190 74
35 33
121 200
71 89
113 189
99 19
58 133
36 18
78 48
49 70
133 133
71 162
89 101
142 7
168 35
102 175
92 52
21 4
71 184
178 67
199 175
2 95
128 91
126 154
49 139
63 105
51 44
35 35
40 138
44 50
49 107
9 97
52 93
115 24
193 57
68 20
142 139
89 199
46 145
65 69
30 56
165 154
88 181
194 31
132 114
52 152
81 129
56 190
116 151
12 69
175 197
198 29
136 71
150 93
92 138
192 96
63 164
29 110
116 64
117 85
139 57
25 9
183 105
70 45
37 32
55 53
55 195
43 170
195 53
28 48
195 125
59 194
102 89
4 125
8 19
21 176
51 68
57 45
178 26
60 50
146 193
199 128
200 28
101 14
21 96
86 158
103 11
3 49
76 60
184 197
9 28
137 193
80 59
48 152
94 113
48 103
193 86
122 183
115 124
20 35
114 14
30 68
96 111
127 39
25 140
52 190
143 125
59 23
104 41
65 45
85 178
63 80
106 54
176 121
100 60
10 106
151 122
66 91
161 44
169 92
76 48
185 165
144 69
36 147
67 55
8 100
20 152
103 33
122 9
146 140
165 62
114 36
166 102
184 92
132 163
28 115
108 23
87 95
57 114
39 75
86 44
52 7
116 20
128 188
10 51
180 141
76 146
29 140
52 67
57 116
152 174
36 14
45 155
131 37
54 102
157 44
82 111
180 95
195 132
175 86
181 198
151 96
129 49
17 157
39 182
6 3
115 164
4 2
12 128
128 115
66 197
3 90
124 43
56 137
53 72
136 38
181 59
116 126
195 159
106 199
175 47
51 81
29 165
15 71
127 74
30 164
175 83
19 180
152 96
61 152
61 8
179 46
151 183
54 178
170 14
132 156
154 136
48 145
120 63
77 99
179 48
43 84
197 32
169 107
190 161
52 22
188 32
151 155
144 133
42 60
148 64
76 97
87 178
60 165
58 84
139 141
130 138
47 172
16 146
140 35
152 74
77 72
94 154
102 185
13 52
35 136
39 86
39 39
45 47
137 66
133 138
93 29
7 86
27 102
172 141
4 126
35 34
124 46
103 109
32 3
4 190
151 58
24 64
131 136
134 200
96 82
36 138
86 193
37 42
149 191
37 117
20 103
149 179
83 158
91 149
13 25
10 179
143 186
79 84
97 28
88 88
162 2
97 10
52 106
2 122
60 46
150 116
190 189
94 113
3 151
112 159
151 154
58 196
150 80
45 58
65 154
35 31
61 12
138 86
67 127
146 120
146 156
56 106
87 17
18 125
126 78
108 13
30 11
36 28
140 165
33 25
41 62
193 98
170 54
66 46
65 63
72 37
29 57
27 15
173 96
96 56
149 101
196 126
17 4
32 115
30 43
58 51
199 99
135 97
190 178
53 20
71 200
43 109
136 64
180 49
150 76
74 65
152 159
138 34
179 173
113 63
118 24
181 193
141 122
140 115
162 146
4 150
41 121
169 134
130 62
119 91
149 131
167 53
137 169
49 106
87 59
32 88
73 107
173 52
39 9
22 114
7 73
66 167
155 112
112 78
194 138
48 191
87 64
98 132
75 110
153 76
158 163
179 126
14 156
70 55
69 35
192 134
73 138
76 163
5 150
68 49
32 111
189 116
25 49
168 113
120 30
184 111
158 71
44 78
139 55
192 67
20 97
39 24
167 31
87 21
171 9
8 142
88 198
166 24
58 82
164 149
14 105
54 139
148 76
59 168
143 44
87 114
179 158
40 85
148 64
112 32
68 194
99 85
131 128
155 57
44 91
161 115
23 180
51 148
135 121
106 162
110 137
50 169
112 178
43 96
19 55
115 141
135 123
90 82
70 47
43 125
74 138
121 117
199 8
124 89
67 74
63 79
177 147
112 100
34 162
124 47
12 48
167 60
162 77
147 34
182 145
67 60
136 80
117 159
2 94
95 75
123 140
97 191
4 179
57 99
172 112
43 49
62 103
101 20
11 113
190 121
108 36
114 98
97 107
107 169
104 13
45 145
75 8
84 141
99 151
90 32
77 30
136 41
21 169
52 86
22 67
164 198
141 128
198 114
165 99
183 102
162 46
144 166
162 145
187 132
98 119
126 21
128 69
159 153
65 87
45 20
11 102
185 153
9 122
199 121
5 89
81 126
134 163
74 195
89 40
146 21
177 136
99 194
158 140
140 104
132 133
17 14
47 73
103 169
115 133
199 144
107 194
178 175
10 199
135 54
92 66
12 168
56 9
168 73
58 19
140 195
19 10
56 7
56 143
102 200
73 37
183 173
25 113
29 189
32 56
138 84
93 152
30 116
63 97
196 72
168 143
70 75
148 150
139 37
81 9
139 162
193 169
120 119
114 7
7 58
53 74
70 81
194 72
27 175
3 72
51 152
87 196
15 88
46 30
108 101
3 141
61 113
154 114
17 101
101 101
63 28
158 197
29 31
91 42
4 110
136 27
39 148
155 196
58 148
47 145
72 15
170 98
67 168
86 4
191 95
95 67
171 115
65 99
110 59
20 140
114 52
109 96
177 132
54 44
171 85
94 125
24 39
40 39
134 137
174 86
27 193
63 128
81 169
99 118
7 35
3 158
91 48
135 165
104 156
99 150
81 75
30 177
180 140
181 30
105 111
168 3
39 84
91 84
2 115
197 126
101 151
162 130
86 5
102 125
101 130
15 170
22 190
40 145
133 68
113 115
131 11
118 174
98 31
120 47
129 152
149 126
107 29
54 43
183 80
65 193
92 197
3 49
138 27
11 123
163 73
158 93
98 141
129 197
50 32
122 35
70 135
47 31
70 101
173 127
134 198
64 145
23 132
184 38
64 165
100 46
146 38
164 138
105 156
154 200
139 61
80 91
168 152
118 18
35 55
73 189
107 159
85 62
170 6
136 166
31 198
34 22
72 140
12 89
38 70
143 22
52 130
163 117
34 55
163 130
110 75
113 192
138 86
10 94
56 189
176 106
22 171
171 184
148 106
52 74
196 44
25 53
186 192
174 90
183 170
33 56
71 46
154 49
62 41
154 76
41 132
145 149
89 73
35 86
184 157
52 85
35 112
99 130
115 35
123 86
111 16
188 122
200 38
132 54
89 121
65 109
112 43
72 98
37 35
25 53
94 170
185 158
33 187
7 197
125 163
165 141
22 28
122 59
30 110
192 163
184 164
166 6
116 36
80 89
136 90
38 149
63 184
59 171
86 59
41 110
161 115
21 113
95 165
95 192
37 132
25 153
23 176
157 151
169 98
62 76
9 31
28 77
27 163
111 135
113 13
129 57
62 18
174 145
24 170
61 47
103 49
60 2
120 128
60 156
183 116
185 145
104 43
89 27
30 80
99 105
32 147
187 108
194 50
120 133
70 133
145 37
64 80
8 17
195 86
190 71
29 118
116 163
173 7
82 122
9 93
15 107
199 190
6 6
59 179
9 87
80 197
146 106
173 169
117 127
30 62
103 145
189 100
110 145
38 17
33 108
94 38
148 150
89 14
117 110
42 162
86 165
116 135
115 19
65 90
97 196
133 77
47 72
90 22
28 86
93 148
111 16
40 50
110 106
167 99
154 69
66 140
77 109
65 175
138 75
122 138
82 170
177 75
126 32
169 30
122 25
111 70
73 141
64 184
9 67
124 115
139 60
25 110
48 164
140 90
43 36
21 62
199 88
72 50
31 136
178 105
31 38
24 126
39 91
7 107
75 57
114 164
55 176
58 12
187 66
160 105
156 18
163 87
49 158
58 163
152 99
154 57
159 163
129 89
97 27
15 47
192 9
155 89
118 15
35 127
181 126
180 100
192 138
45 27
20 151
178 33
179 27
180 40
96 122
21 57
55 107
62 200
143 125
157 34
2 129
72 17
16 54
192 142
141 177
157 37
178 97
51 193
32 52
159 21
134 167
42 2
19 25
179 40
119 157
178 172
54 50
169 116
85 182
118 174
157 70
32 18
65 161
68 14
152 35
146 14
126 42
27 37
17 45
93 47
57 13
59 87
119 147
17 48
170 151
101 20
120 16
160 32
32 127
89 93
58 128
106 183
116 173
118 88
64 167
56 112
168 154
34 175
188 20
144 66
154 156
82 148
137 36
73 21
63 179
63 22
165 34
71 77
47 34
121 26
138 16
98 115
7 109
139 63
193 166
107 170
147 99
157 115
37 17
34 158
16 188
200 151
145 189
6 97
155 72
132 80
75 72
74 57
116 136
164 161
166 3
190 13
163 196
198 56
147 133
194 181
27 68
112 155
167 96
181 79
115 135
69 140
162 199
75 167
93 182
140 161
190 6
97 11
156 39
33 161
29 24
38 171
112 197
8 74
165 73
93 156
118 2
22 191
188 82
21 200
10 170
186 75
30 97
22 102
179 127
62 171
139 171
66 196
178 198
160 89
18 156
77 97
146 49
35 76
104 67
46 96
126 177
46 99
97 21
68 147
73 48
153 139
16 166
139 135
60 49
68 170
78 196
25 72
186 121
136 85
139 78
195 137
3 34
188 196
132 159
158 125
87 77
197 197
67 135
70 53
153 12
111 32
155 45
69 23
196 124
55 125
153 151
138 126
118 39
21 187
57 32
61 158
127 157
82 2
136 85
45 71
88 129
51 172
198 18
189 147
186 78
145 111
173 30
73 13
162 40
164 8
52 66
74 48
83 92
135 102
189 75
8 52
125 147
199 36
192 76
116 113
172 130
69 186
168 189
64 19
36 111
26 118
14 42
49 69
15 20
66 38
44 110
189 200
48 85
180 164
108 155
90 47
140 99
90 196
137 129
63 113
134 34
113 189
98 49
83 150
143 33
46 27
83 67
19 68
177 112
61 21
148 189
83 170
40 150
24 40
69 8
109 2
155 75
71 76
177 24
137 190
145 156
111 160
78 149
166 12
164 127
192 100
12 113
113 98
142 186
173 47
75 186
85 7
138 82
142 199
179 98
105 157
197 12
77 184
166 117
170 134
127 11
108 84
168 79
83 28
149 19
195 180
72 159
6 77
200 31
142 169
66 158
144 146
129 175
134 145
47 20
100 190
66 39
67 132
158 62
95 187
83 144
59 13
78 195
149 64
22 119
45 7
96 199
146 103
178 90
114 53
165 147
92 38
145 63
176 35
158 148
95 110
112 84
16 104
165 182
39 50
116 78
111 94
115 152
132 139
194 86
28 39
66 187
186 114
49 90
139 169
64 108
91 44
56 199
190 45
103 79
197 36
117 36
199 182
46 165
13 133
147 26
127 132
13 118
95 32
159 194
147 169
112 48
141 28
165 184
97 81
7 124
120 13
90 52
188 118
176 55
96 38
150 144
131 151
33 159
126 182
95 47
35 76
87 200
159 63
40 65
167 180
175 117
16 47
90 186
67 116
6 74
133 39
36 35
22 78
190 194
96 39
189 4
78 163
111 4
44 53
168 199
160 8
53 31
178 126
45 185
47 110
173 60
140 42
49 155
92 171
22 175
156 16
188 90
21 159
54 45
111 108
104 56
125 193
117 57
81 180
30 172
113 200
85 110
157 120
198 7
168 189
185 28
143 157
4 17
158 135
169 111
95 60
156 168
38 155
51 102
36 171
192 158
72 141
91 169
63 176
56 131
29 56
62 55
181 122
46 5
121 62
36 189
23 18
8 22
192 11
129 68
112 95
71 151
21 96
149 131
27 102
96 5
52 190
149 181
61 174
88 8
48 184
37 130
5 78
188 170
163 108
189 166
156 198
78 27
73 81
163 115
58 109
90 57
167 48
181 18
192 190
95 198
118 25
15 138
196 101
131 164
126 94
125 140
187 96
146 123
143 169
153 81
57 19
40 161
196 3
77 196
76 99
15 16
69 162
19 21
41 25
166 110
100 92
105 67
71 56
66 68
144 153
132 187
32 41
26 10
179 16
10 103
183 175
163 98
123 114
63 155
44 42
12 66
126 149
106 131
48 87
34 66
33 80
162 147
100 149
71 162
109 81
142 36
14 144
66 81
103 143
18 143
158 174
127 200
129 182
97 119
200 13
102 51
117 50
163 7
200 62
183 176
136 47
199 176
146 9
191 133
117 79
161 163
156 168
184 85
124 81
186 100
101 106
44 4
129 42
152 141
116 85
162 74
117 37
74 152
100 183
60 153
74 26
182 14
6 23
41 82
37 117
3 35
165 74
175 54
154 175
155 38
51 198
38 187
198 119
23 143
185 178
6 154
80 31
47 93
188 101
141 70
55 41
187 102
48 80
45 69
164 25
144 49
70 192
92 26
147 82
91 19
27 71
57 141
173 85
107 61
48 110
119 34
121 144
55 128
7 24
186 89
108 196
8 15
65 49
152 8
194 100
110 179
157 192
11 190
191 78
168 48
41 78
175 90
3 88
88 65
118 111
58 175
156 65
115 17
100 131
189 61
60 138
11 156
88 18
73 82
192 19
50 199
175 177
157 91
195 161
67 112
13 175
35 123
142 31
129 4
172 82
158 179
127 58
112 59
102 185
59 2
142 193
43 110
127 141
19 128
15 152
159 111
165 150
126 13
13 198
40 100
12 199
117 22
114 151
141 40
174 56
193 106
120 11
6 124
56 141
166 160
46 39
52 78
3 133
175 102
20 167
176 93
190 123
65 200
115 56
37 24
99 154
22 196
2 65
7 52
12 131
35 165
46 27
199 9
65 189
142 135
108 149
9 172
101 190
120 41
19 197
56 161
46 17
189 185
83 182
122 83
178 11
73 165
106 70
133 73
198 191
153 36
170 143
88 58
3 128
79 38
5 9
200 200
8 121
171 114
193 156
64 135
88 198
24 49
117 173
190 172
93 23
59 34
193 89
200 1
200 2000 50
200 180 160 140 120 100 80 60 40 20 1 2 3 4 5 6 7 8 9 10 11 12 13 14 15 16 17 18 19 20 21 22 23 24 25 26 27 28 29 30 31 32 33 34 35 36 37 38 39 40
1 2
2 3
3 4
4 5
5 6
6 7
7 8
8 9
9 10
10 11
11 12
12 13
13 14
14 15
15 16
16 17
17 18
18 19
19 20
20 21
21 22
22 23
23 24
24 25
25 26
26 27
27 28
28 29
29 30
30 31
31 32
32 33
33 34
34 35
35 36
36 37
37 38
38 39
39 40
40 41
41 42
42 43
43 44
44 45
45 46
46 47
47 48
48 49
49 50
50 51
51 52
52 53
53 54
54 55
55 56
56 57
57 58
58 59
59 60
60 61
61 62
62 63
63 64
64 65
65 66
66 67
67 68
68 69
69 70
70 71
71 72
72 73
73 74
74 75
75 76
76 77
77 78
78 79
79 80
80 81
81 82
82 83
83 84
84 85
85 86
86 87
87 88
88 89
89 90
90 91
91 92
92 93
93 94
94 95
95 96
96 97
97 98
98 99
99 100
100 101
101 102
102 103
103 104
104 105
105 106
106 107
107 108
108 109
109 110
110 111
111 112
112 113
113 114
114 115
115 116
116 117
117 118
118 119
119 120
120 121
121 122
122 123
123 124
124 125
125 126
126 127
127 128
128 129
129 130
130 131
131 132
132 133
133 134
134 135
135 136
136 137
137 138
138 139
139 140
140 141
141 142
142 143
143 144
144 145
145 146
146 147
147 148
148 149
149 150
150 151
151 152
152 153
153 154
154 155
155 156
156 157
157 158
158 159
159 160
160 161
161 162
162 163
163 164
164 165
165 166
166 167
167 168
168 169
169 170
170 171
171 172
172 173
173 174
174 175
175 176
176 177
177 178
178 179
179 180
180 181
181 182
182 183
183 184
184 185
185 186
186 187
187 188
188 189
189 190
190 191
191 192
192 193
193 194
194 195
195 196
196 197
197 198
198 199
199 200
169 170
177 179
183 184
40 41
131 133
180 181
39 44
59 64
46 50
192 195
182 184
132 135
68 69
22 23
156 161
129 132
77 78
25 29
169 171
115 119
163 168
51 53
69 71
129 130
172 174
189 192
100 104
39 44
26 29
61 64
191 196
140 141
82 87
55 57
175 180
146 147
103 105
193 194
47 48
4 5
178 179
12 16
143 145
99 100
82 84
58 61
115 119
111 113
35 37
91 94
131 132
24 28
120 121
18 23
160 164
158 161
25 29
135 140
87 91
152 156
169 171
15 20
15 16
192 197
25 27
108 109
94 95
88 91
37 40
99 103
54 58
136 137
107 109
141 143
152 154
165 170
161 162
45 49
188 191
114 115
63 67
38 40
106 107
13 18
129 133
73 77
9 10
49 54
195 196
27 31
174 178
100 103
95 99
193 197
186 188
156 161
2 4
130 134
31 34
21 26
34 35
126 131
161 162
23 25
66 71
8 9
68 71
155 159
130 134
82 83
6 8
124 125
132 136
92 96
115 119
21 23
109 111
88 90
1 4
45 48
38 39
84 87
89 91
34 37
169 172
151 155
103 108
129 133
137 142
88 90
125 130
80 81
147 149
184 189
28 29
130 135
82 84
142 147
21 22
128 132
85 90
93 97
41 44
182 184
45 48
91 96
80 83
52 53
24 25
154 159
150 155
9 11
169 171
33 38
172 174
34 37
128 130
110 115
66 68
176 180
37 38
52 55
30 31
122 124
161 165
34 35
9 11
151 155
147 152
5 6
82 83
82 83
45 50
34 39
54 56
34 39
20 23
118 121
175 176
113 116
27 31
78 82
84 88
194 197
3 6
175 177
179 181
49 52
167 171
106 111
28 33
107 109
11 14
104 107
86 90
150 155
93 97
101 105
43 44
82 86
81 84
119 123
46 48
69 72
160 161
89 91
78 83
99 102
3 5
20 21
118 123
102 106
105 106
150 155
166 167
149 150
103 105
8 12
14 17
160 162
48 49
155 159
163 164
98 103
82 86
120 124
37 42
68 72
63 64
172 174
16 18
67 72
193 194
124 127
114 117
109 112
194 196
98 100
102 106
2 5
80 83
71 74
109 111
187 189
22 26
182 184
97 98
118 119
96 98
176 181
115 118
61 63
160 163
158 161
118 120
126 129
95 99
125 129
126 129
83 88
48 53
130 131
186 187
66 68
61 64
103 104
154 159
53 57
68 73
180 184
168 171
35 38
177 180
64 66
166 170
81 83
76 77
80 81
90 94
36 37
126 130
114 115
69 72
94 95
120 124
6 9
125 126
98 102
114 118
59 60
104 108
52 55
121 126
92 96
191 193
84 88
51 52
151 156
85 89
178 179
163 168
176 179
21 25
4 7
186 187
71 75
164 168
154 159
102 105
167 171
58 60
36 37
21 26
72 73
5 9
133 138
17 18
63 64
142 146
30 34
10 13
74 77
60 64
149 151
167 171
86 89
24 28
123 126
66 70
141 142
179 184
13 14
65 67
3 8
148 151
122 125
117 120
78 80
40 41
185 189
170 174
27 32
80 83
177 180
127 132
137 140
129 131
8 12
40 41
70 73
17 18
114 119
38 40
98 101
143 145
43 45
136 141
18 20
38 43
10 12
145 147
44 49
38 39
159 162
116 119
150 151
100 105
38 42
3 4
156 161
2 6
152 153
172 177
110 111
54 58
173 176
12 14
112 117
80 82
121 125
7 11
21 26
116 119
41 46
71 76
177 178
61 63
6 8
110 115
110 115
30 31
14 18
192 193
18 22
3 7
16 19
34 36
143 148
162 166
23 26
90 95
98 100
44 45
14 16
163 165
131 135
193 196
120 122
15 17
66 71
58 63
39 41
181 184
105 107
138 141
183 184
162 166
106 109
21 24
7 11
48 53
15 19
156 157
150 154
59 64
11 14
43 44
46 51
85 88
141 142
22 24
91 93
158 160
112 116
57 59
33 35
133 137
141 146
25 27
177 179
31 32
128 130
18 20
29 30
58 59
114 115
175 180
51 53
35 39
163 165
53 58
108 113
145 149
23 24
86 88
93 94
140 144
99 101
186 188
102 106
101 104
149 153
170 175
10 15
49 52
179 184
165 169
153 155
37 38
59 62
79 82
97 98
152 154
53 57
46 49
180 182
90 92
171 176
98 100
80 82
47 50
43 48
48 49
100 101
187 190
167 171
49 50
4 8
131 132
2 6
135 140
145 148
42 47
122 125
79 83
118 122
76 79
175 179
127 130
117 119
46 51
83 87
13 18
123 125
192 197
49 52
59 60
170 171
180 183
19 21
110 114
29 32
19 22
79 84
102 104
132 134
104 108
87 89
104 105
193 198
108 113
105 108
61 63
148 153
13 18
112 117
177 181
183 187
34 36
93 95
127 130
84 86
57 59
165 168
160 162
129 130
50 54
105 107
187 192
31 34
49 53
97 98
66 71
144 145
191 192
82 83
81 85
150 155
38 41
13 17
57 60
47 48
172 174
6 8
48 50
1 6
87 90
91 96
26 30
18 20
10 15
137 140
136 138
157 161
111 116
5 7
88 89
106 108
195 196
164 168
138 139
94 99
119 122
5 10
48 49
126 128
63 67
158 160
98 103
182 186
147 148
54 55
72 73
16 17
29 33
91 95
9 11
82 84
163 167
171 174
27 32
183 184
137 141
15 16
67 72
106 110
162 166
139 142
27 29
122 124
81 84
122 123
27 29
114 117
176 179
149 153
48 49
150 154
173 176
20 25
99 100
76 79
193 197
115 116
15 18
65 66
128 130
135 137
29 31
13 18
59 63
184 187
73 77
135 137
178 182
20 21
62 66
195 196
130 132
52 55
145 146
30 35
82 83
14 18
161 162
103 107
67 68
165 166
76 79
55 56
111 114
171 173
182 184
79 84
44 46
71 73
32 33
186 190
26 27
13 15
11 15
99 100
159 161
126 131
120 123
86 88
8 9
195 197
131 132
33 35
171 172
51 54
54 59
169 171
193 196
136 141
194 198
29 32
23 26
138 140
125 128
135 138
34 39
25 29
97 98
56 61
60 61
61 65
5 8
69 72
161 166
103 104
122 123
100 101
194 199
25 27
111 113
125 126
104 108
92 93
102 105
158 163
115 116
50 51
4 9
121 122
155 156
14 17
116 120
25 26
21 22
175 177
81 82
158 162
163 166
124 126
136 141
2 5
174 176
26 31
55 56
186 191
54 59
1 6
61 64
125 129
71 74
132 134
14 16
124 127
81 86
79 80
79 81
58 60
194 196
96 97
182 183
160 164
124 129
77 78
165 168
36 40
179 183
148 150
3 6
168 170
67 68
142 145
126 129
163 165
36 39
7 10
25 29
30 35
134 139
142 144
133 138
122 124
70 71
148 151
38 43
7 10
81 82
179 182
31 35
53 55
130 133
65 68
11 14
72 73
104 107
95 97
63 68
82 85
67 70
110 114
94 96
4 6
165 170
112 117
88 93
145 150
86 88
42 45
165 166
124 128
38 40
18 23
153 157
144 145
105 110
69 72
131 132
128 131
110 112
46 51
4 5
174 179
123 124
42 46
61 62
188 191
145 150
41 43
178 183
184 187
186 190
190 194
153 154
99 104
166 170
21 22
43 44
8 13
53 56
165 170
57 60
42 44
73 76
114 119
165 169
153 155
38 42
169 174
116 117
110 115
84 85
76 80
40 42
66 70
40 45
40 42
176 180
172 175
111 113
101 106
182 184
99 100
63 66
175 178
187 191
146 150
45 46
35 36
144 148
185 188
61 62
73 76
68 73
95 99
69 71
185 187
194 195
172 177
123 125
72 73
153 155
193 194
163 166
192 196
104 108
48 52
26 29
93 96
193 196
31 33
118 120
27 31
30 31
92 93
128 130
145 148
4 6
85 88
1 5
92 96
79 82
86 89
59 64
85 86
94 95
190 191
140 145
192 193
16 18
39 44
154 156
45 49
120 122
50 54
67 72
139 143
42 44
135 139
184 185
119 124
24 28
69 71
143 146
70 72
128 131
55 59
153 154
185 189
57 61
38 40
86 91
87 90
31 35
162 167
137 138
73 77
87 90
175 180
43 46
78 79
47 49
62 63
192 195
163 168
176 179
88 89
53 55
116 121
32 33
182 183
89 90
47 51
180 182
24 26
124 125
187 191
37 41
140 141
126 129
150 151
91 93
139 141
174 178
146 149
186 191
152 153
122 125
91 92
115 118
177 178
101 105
86 88
72 77
129 133
40 42
52 54
192 196
6 9
13 16
104 106
105 108
176 181
169 172
130 132
3 8
33 36
111 114
107 108
90 95
29 34
139 141
102 104
120 122
145 149
120 125
44 49
192 193
97 98
156 158
44 45
122 123
157 158
8 10
11 13
155 159
10 12
67 72
151 152
77 78
100 102
155 157
116 117
42 44
74 75
128 131
68 71
151 155
83 85
84 89
120 125
175 176
118 119
47 49
145 148
56 59
168 169
75 77
159 161
68 69
183 187
113 115
97 101
65 66
104 107
144 147
33 38
98 103
56 57
19 20
176 179
155 160
107 109
95 97
12 15
134 137
133 134
72 76
3 7
20 25
167 171
164 169
143 146
46 49
120 121
146 150
49 54
185 190
116 117
138 142
142 147
108 111
100 101
83 88
2 6
127 132
176 179
195 196
87 91
50 55
120 122
69 74
111 115
83 88
55 56
39 44
175 177
41 46
162 165
85 90
95 99
192 194
164 168
146 147
189 191
121 126
171 175
42 44
154 158
174 178
20 23
63 66
48 52
54 58
57 59
33 36
136 137
153 156
108 112
91 95
26 28
44 45
33 36
159 164
183 187
103 105
152 155
77 82
20 22
125 129
45 46
77 79
146 150
77 82
108 112
26 30
5 7
123 126
148 153
190 191
116 119
40 42
98 103
95 100
37 42
67 71
159 162
150 151
81 83
2 4
81 86
171 175
102 107
164 165
93 98
73 78
190 194
135 136
54 57
8 11
6 8
39 44
121 125
142 145
64 66
133 134
90 93
177 178
182 187
100 105
81 82
91 95
189 193
144 145
147 151
115 118
109 114
169 173
99 100
148 152
65 66
142 144
181 186
179 182
94 97
145 148
50 54
133 135
19 24
46 50
8 13
180 184
65 69
194 198
125 127
60 64
107 110
138 143
23 25
185 187
140 142
175 178
96 101
78 82
97 98
125 130
58 61
103 104
35 38
65 70
82 86
21 26
38 42
134 137
12 15
126 128
12 14
46 50
164 166
140 145
132 133
62 64
181 183
158 162
118 122
194 198
195 197
62 65
66 70
118 120
29 33
53 55
15 20
187 192
41 42
19 20
120 124
36 37
73 74
5 9
195 200
157 161
153 156
131 136
195 198
121 123
3 6
124 129
16 17
186 189
117 122
28 32
83 88
3 5
68 71
144 149
165 170
67 70
161 165
106 109
112 115
31 34
110 115
155 159
1 3
182 186
105 110
133 134
162 165
161 165
29 32
50 55
111 112
96 97
192 197
148 150
151 152
37 41
147 151
4 9
67 69
64 69
79 80
155 156
140 145
155 159
77 82
143 148
144 149
182 187
8 13
99 100
96 97
107 111
74 78
153 155
190 193
91 92
52 53
142 144
31 35
78 82
94 97
154 157
166 168
13 16
162 165
181 182
22 25
48 52
1 6
16 17
187 191
40 42
70 75
83 85
134 138
59 64
36 38
110 114
134 139
122 127
72 73
131 132
94 98
41 46
25 26
171 174
160 161
17 20
155 156
93 97
103 108
81 86
98 103
58 63
122 127
15 16
83 84
87 90
25 26
186 191
41 46
48 49
191 193
140 142
12 13
179 181
177 180
96 100
29 32
115 116
155 156
180 182
58 59
115 118
187 188
105 110
179 184
187 188
143 147
61 62
163 168
33 35
193 198
24 27
159 160
69 70
110 113
106 109
127 132
43 45
151 156
180 183
9 10
164 169
110 113
10 15
47 52
191 193
50 51
110 111
78 79
117 121
181 186
77 79
68 72
92 94
190 191
35 38
113 118
65 67
65 68
163 168
46 50
43 47
11 15
47 52
98 103
90 91
157 161
193 195
89 93
33 35
141 145
70 74
120 122
98 103
148 150
188 193
99 101
87 89
48 52
160 161
138 142
62 63
115 119
179 184
83 88
129 130
73 74
88 93
114 115
116 118
149 154
33 37
129 131
120 122
94 96
21 23
99 100
133 137
80 81
23 24
89 94
169 174
57 62
104 106
46 47
124 127
92 97
76 78
113 115
78 81
154 159
37 42
85 88
151 153
114 117
64 66
12 16
97 100
95 100
55 60
150 153
15 20
160 164
173 176
108 109
167 172
88 89
18 19
56 61
103 108
27 31
162 167
134 135
55 58
44 47
46 47
137 142
122 124
65 69
15 18
15 20
5 10
90 91
53 55
26 30
72 74
138 142
161 164
150 151
139 144
89 90
61 63
167 171
117 122
84 89
42 44
186 187
164 169
5 6
99 102
138 139
168 173
180 184
150 153
6 8
53 58
96 99
144 149
19 22
25 28
178 181
52 55
7 12
86 90
143 144
1 5
164 169
35 37
81 84
119 123
154 158
114 116
6 8
33 35
156 157
170 175
166 167
159 164
2 5
144 148
16 17
1 3
3 5
92 95
144 145
36 40
26 27
100 102
14 19
193 194
8 12
104 105
109 112
185 188
75 76
142 147
52 56
181 183
63 67
50 55
57 59
53 58
176 180
92 93
139 142
107 108
49 54
15 16
19 21
86 89
9 11
89 90
9 10
61 64
62 64
85 90
76 80
25 28
106 111
22 27
126 131
151 154
142 146
154 156
27 31
153 157
33 38
77 82
94 97
72 75
185 189
3 6
92 96
51 55
154 159
57 59
77 82
72 77
30 32
123 125
41 43
162 165
181 184
38 42
13 14
99 100
22 24
64 65
34 38
79 82
64 69
27 28
53 55
137 139
25 29
120 125
191 192
27 28
63 67
39 43
17 19
39 40
2 7
28 30
2 3
96 97
178 180
42 47
7 10
60 62
96 97
134 138
58 61
149 152
53 55
118 119
174 176
143 148
68 69
184 185
72 77
76 80
136 137
11 16
116 119
59 60
193 194
7 12
194 199
57 62
195 199
181 182
17 20
145 150
140 144
164 167
28 32
24 27
86 90
75 78
182 184
126 130
181 185
39 42
173 174
114 118
183 184
193 195
74 75
36 39
85 89
145 148
78 79
132 134
69 73
108 111
49 54
30 31
59 62
95 99
88 89
192 196
67 69
92 97
44 45
105 110
8 11
58 62
10 12
22 23
58 62
182 184
43 46
131 136
30 33
21 24
91 95
87 89
180 181
30 33
119 120
99 104
193 194
39 40
192 197
167 172
89 93
16 18
59 63
152 154
118 119
40 45
194 197
26 31
153 155
103 105
116 119
47 51
43 46
87 92
158 159
106 107
13 15
168 172
136 141
3 7
70 73
144 146
15 18
195 197
7 12
152 156
86 89
70 75
91 92
169 170
52 54
117 121
17 20
140 141
85 90
83 88
103 108
120 124
58 62
12 15
69 73
176 180
37 42
77 79
102 103
169 171
46 50
8 10
164 167
85 90
79 80
11 12
63 65
123 126
134 138
149 154
121 123
98 99
187 192
2 6
84 86
14 18
110 112
163 165
23 28
49 50
47 49
185 187
157 160
140 143
93 96
146 151
191 194
138 140
94 95
119 120
43 45
9 12
45 47
82 87
41 44
193 195
13 18
63 65
98 100
150 153
59 62
60 61
166 170
171 176
3 7
185 187
124 125
19 23
128 133
84 86
54 55
69 72
97 101
2 6
153 156
51 54
188 193
55 60
184 186
91 96
186 189
27 31
50 51
66 71
174 178
45 49
11 12
187 191
36 41
104 109
15 20
2 4
71 76
182 187
144 149
83 87
63 65
13 14
13 18
12 13
178 180
32 37
73 74
181 183
9 10
1 6
193 194
154 158
186 191
102 107
140 145
179 181
56 58
1 2
114 116
36 41
74 76
124 126
41 42
107 111
149 150
123 124
50 54
22 24
95 98
165 169
74 77
192 197
153 154
150 152
91 94
156 159
90 93
38 39
25 27
168 172
96 100
53 54
2 4
91 96
200 1
200 2000 50
200 180 160 140 120 100 80 60 40 20 1 2 3 4 5 6 7 8 9 10 11 12 13 14 15 16 17 18 19 20 21 22 23 24 25 26 27 28 29 30 31 32 33 34 35 36 37 38 39 40
1 2
2 3
3 4
4 5
5 6
6 7
7 8
8 9
9 10
10 11
11 12
12 13
13 14
14 15
15 16
16 17
17 18
18 19
19 20
20 21
21 22
22 23
23 24
24 25
25 26
26 27
27 28
28 29
29 30
30 31
31 32
32 33
33 34
34 35
35 36
36 37
37 38
38 39
39 40
40 41
41 42
42 43
43 44
44 45
45 46
46 47
47 48
48 49
49 50
50 51
51 52
52 53
53 54
54 55
55 56
56 57
57 58
58 59
59 60
60 61
61 62
62 63
63 64
64 65
65 66
66 67
67 68
68 69
69 70
70 71
71 72
72 73
73 74
74 75
75 76
76 77
77 78
78 79
79 80
80 81
81 82
82 83
83 84
84 85
85 86
86 87
87 88
88 89
89 90
90 91
91 92
92 93
93 94
94 95
95 96
96 97
97 98
98 99
99 100
100 101
101 102
102 103
103 104
104 105
105 106
106 107
107 108
108 109
109 110
110 111
111 112
112 113
113 114
114 115
115 116
116 117
117 118
118 119
119 120
120 121
121 122
122 123
123 124
124 125
125 126
126 127
127 128
128 129
129 130
130 131
131 132
132 133
133 134
134 135
135 136
136 137
137 138
138 139
139 140
140 141
141 142
142 143
143 144
144 145
145 146
146 147
147 148
148 149
149 150
150 151
151 152
152 153
153 154
154 155
155 156
156 157
157 158
158 159
159 160
160 161
161 162
162 163
163 164
164 165
165 166
166 167
167 168
168 169
169 170
170 171
171 172
172 173
173 174
174 175
175 176
176 177
177 178
178 179
179 180
180 181
181 182
182 183
183 184
184 185
185 186
186 187
187 188
188 189
189 190
190 191
191 192
192 193
193 194
194 195
195 196
196 197
197 198
198 199
199 200
87 92
116 117
30 31
169 171
61 63
182 186
14 16
112 115
163 164
115 117
58 62
168 173
3 7
189 194
2 4
172 177
29 32
117 122
95 97
160 165
149 151
138 140
73 76
2 7
193 195
39 40
158 161
141 145
174 176
114 118
66 68
172 173
125 129
133 136
135 136
91 95
178 181
85 90
13 15
186 188
147 151
105 107
92 96
101 104
41 44
78 83
60 62
6 9
110 112
157 161
105 109
70 75
162 164
194 195
127 128
137 140
116 118
4 6
5 8
101 102
157 159
67 69
183 188
168 172
109 110
114 117
184 185
162 163
55 58
109 112
94 99
148 152
191 195
14 15
180 184
179 182
115 117
135 138
168 171
137 141
48 49
69 71
111 116
74 77
192 195
158 163
178 182
108 109
195 198
83 88
12 13
13 18
137 139
113 115
65 69
113 117
17 19
160 162
114 118
77 80
60 61
195 199
45 49
191 194
59 60
61 65
42 43
116 118
97 99
138 142
108 110
184 188
70 71
168 170
135 137
171 172
32 35
62 64
97 101
74 76
186 189
118 121
39 43
124 129
168 170
187 189
152 155
170 175
106 110
166 168
190 191
124 126
104 108
190 194
49 54
67 72
174 176
50 51
32 36
144 146
6 7
161 165
141 144
53 58
157 159
156 159
177 181
98 102
17 21
14 19
146 148
5 7
31 36
50 54
23 27
178 182
193 195
194 198
144 146
141 142
38 42
40 42
147 149
130 134
41 45
106 107
160 161
141 144
106 110
60 62
10 14
148 151
183 186
122 123
74 76
85 87
152 156
39 44
151 155
11 15
51 54
111 112
141 143
66 70
72 73
104 107
82 85
7 10
195 196
111 113
178 181
22 23
125 129
138 140
32 33
133 138
48 53
155 156
31 36
124 128
159 161
20 24
5 8
182 185
125 127
160 164
105 106
172 173
94 95
162 166
171 172
43 45
145 146
113 118
70 72
2 3
190 193
107 108
61 64
178 181
12 13
112 116
81 86
22 24
94 98
28 29
1 4
6 9
143 144
83 87
123 124
70 72
86 87
15 19
70 74
146 151
178 180
128 130
143 145
69 71
143 145
25 29
21 24
1 3
18 22
137 139
23 27
131 136
87 89
71 75
106 111
113 117
128 130
58 60
35 40
86 87
81 83
187 188
100 101
56 61
10 12
68 71
17 22
17 20
110 115
98 101
172 174
69 70
45 50
156 160
6 10
57 62
141 143
23 25
19 20
91 93
67 72
28 30
51 55
76 78
20 24
166 168
119 120
105 106
65 68
100 103
156 158
187 190
114 116
29 30
153 157
91 96
120 125
93 98
167 168
12 14
84 85
109 110
21 23
48 51
41 42
24 28
131 133
95 98
23 25
47 49
127 128
130 133
144 149
131 134
109 111
10 12
149 154
24 26
178 183
146 148
41 46
44 47
26 30
108 110
71 72
73 76
4 6
27 31
1 3
148 151
22 23
172 176
157 158
92 94
176 177
169 171
156 157
154 159
68 73
139 144
174 177
116 120
37 42
193 196
126 129
158 160
110 112
65 68
20 21
102 106
123 125
137 140
39 43
167 168
145 150
157 160
132 137
119 123
60 62
194 198
93 97
158 159
175 179
145 150
26 27
132 135
46 48
169 174
175 176
116 121
124 129
10 15
148 149
150 153
86 90
21 22
188 193
18 22
24 29
165 168
37 39
125 128
95 96
160 164
73 74
81 83
27 32
91 95
85 88
153 154
59 62
182 184
176 181
149 151
146 151
172 175
125 129
28 29
39 40
47 51
79 83
114 119
181 183
192 193
30 31
81 86
23 28
83 85
144 148
14 16
137 138
61 64
75 79
153 154
194 197
91 96
138 140
140 142
182 183
153 156
125 129
123 124
62 65
192 193
155 157
149 154
67 71
97 99
153 154
136 138
75 77
191 192
60 65
16 20
158 163
116 119
54 57
74 79
144 145
69 73
152 156
24 26
46 49
193 196
105 106
168 173
108 110
86 89
115 118
139 144
18 23
51 56
47 48
157 160
65 70
128 132
148 151
103 108
20 21
176 180
13 14
115 119
55 58
91 95
93 94
9 10
187 189
69 73
128 130
57 59
50 51
99 101
116 121
59 63
54 57
47 48
129 131
45 49
146 149
166 167
184 188
164 169
3 5
150 153
15 18
181 184
136 141
22 27
176 179
160 163
36 40
105 108
177 182
173 174
171 175
179 184
171 174
13 18
57 59
111 115
177 182
3 4
30 32
76 77
185 187
52 54
99 100
61 64
34 35
82 84
30 31
9 12
36 40
158 161
8 13
95 100
36 37
79 81
150 155
137 139
171 173
146 150
4 7
85 90
119 123
53 57
176 180
37 42
68 71
157 162
56 60
41 42
75 80
143 147
28 31
175 178
190 194
120 124
53 57
120 125
13 16
24 26
93 97
166 171
109 110
133 134
131 132
62 64
94 97
85 87
94 98
66 69
46 48
13 14
68 69
88 93
91 96
108 112
66 68
21 25
184 185
50 54
127 128
177 180
90 95
93 96
137 141
39 43
159 161
34 38
194 197
194 197
42 47
115 120
48 50
116 120
42 43
162 167
111 115
68 69
59 64
84 86
168 171
143 146
157 162
43 45
118 120
22 23
20 24
179 183
68 71
94 98
96 98
3 8
111 113
173 174
105 107
11 15
169 174
119 122
188 193
155 160
49 50
49 50
181 183
144 147
90 91
94 95
74 76
192 197
18 21
107 112
156 160
1 6
122 125
18 22
156 160
187 191
169 172
128 133
52 56
172 173
21 23
36 41
181 186
77 79
128 132
14 16
176 180
97 102
71 74
35 37
89 93
132 137
36 39
111 112
52 53
178 183
95 97
158 163
152 157
36 37
141 146
64 67
136 140
111 113
191 195
18 19
42 44
18 20
11 15
70 75
167 171
73 77
31 34
6 9
41 44
154 156
159 161
76 80
193 196
110 113
57 59
133 138
106 110
188 189
10 13
67 70
64 65
138 141
147 150
13 15
139 142
176 177
83 88
51 53
103 105
191 193
83 86
62 67
78 83
44 49
195 197
195 197
53 54
171 173
27 28
165 167
52 57
69 70
71 73
174 179
147 151
56 60
145 146
13 15
127 129
94 96
114 115
34 39
169 171
137 139
150 151
189 192
115 118
135 137
134 135
112 115
7 8
7 8
155 158
102 107
147 148
193 197
18 20
2 7
71 75
120 121
146 150
22 26
181 185
42 43
1 4
149 153
2 5
21 23
91 96
138 142
164 168
96 97
73 74
88 92
113 114
50 54
59 64
66 68
6 9
158 161
30 35
90 92
60 61
58 59
98 102
82 85
8 9
8 13
37 38
157 159
48 49
85 87
139 140
23 26
50 55
105 107
125 130
50 54
58 63
82 83
37 41
149 150
136 141
7 11
45 49
77 80
116 117
168 172
145 148
92 94
136 138
12 17
177 181
5 6
34 39
84 88
100 101
51 53
106 111
97 102
45 49
193 197
111 114
111 114
88 93
25 30
14 19
6 7
194 197
3 5
18 19
6 7
189 192
157 160
176 180
163 166
152 155
6 10
173 174
127 130
70 75
62 66
50 55
147 150
137 140
177 182
131 133
156 158
169 172
138 142
87 90
149 153
32 37
147 150
118 119
169 172
108 112
53 57
70 74
61 64
63 66
194 195
190 195
174 179
191 196
194 198
76 77
42 44
140 143
128 133
124 127
83 85
155 156
75 80
161 165
24 29
103 108
90 94
184 188
13 16
99 102
71 76
69 70
60 63
57 61
146 147
123 126
156 161
21 23
93 95
128 131
78 82
125 127
85 90
35 38
36 41
165 169
113 117
23 28
85 87
14 16
1 2
86 87
30 31
189 191
48 49
185 190
130 135
108 111
76 80
25 27
163 167
97 98
173 177
193 195
95 96
167 168
20 23
74 78
2 6
168 173
9 14
117 121
94 98
103 105
186 190
23 24
118 120
82 85
148 149
14 18
56 58
157 162
171 172
45 47
98 102
41 43
119 123
77 78
178 180
143 146
87 92
55 58
31 32
144 149
112 113
20 25
98 103
138 140
159 164
31 33
126 128
30 33
69 72
142 146
127 129
138 143
97 98
84 85
186 188
9 13
28 33
178 181
74 78
193 196
90 92
175 176
144 146
139 140
60 61
134 135
92 93
44 49
40 44
182 186
59 64
63 67
188 193
152 155
4 9
114 115
10 11
50 54
173 176
67 72
154 155
142 144
28 33
85 87
132 136
57 60
94 99
31 33
160 161
155 158
158 160
194 195
43 48
121 123
78 83
110 115
58 63
74 77
180 185
122 124
92 96
84 85
61 64
40 43
161 162
189 190
112 117
73 77
74 79
5 8
123 127
161 162
55 56
9 12
126 131
190 192
135 139
25 29
88 91
32 34
21 26
116 118
87 89
82 86
192 195
146 150
58 59
188 193
6 7
192 197
15 20
89 93
95 98
58 62
155 156
132 135
127 130
37 38
153 154
62 65
7 10
79 84
142 143
187 189
98 101
16 18
12 15
151 155
195 198
63 67
34 39
42 44
24 27
7 9
93 95
136 139
40 42
8 12
92 95
47 51
125 130
112 113
166 168
12 15
1 6
115 118
161 165
30 31
160 165
2 3
174 175
61 62
122 126
17 20
141 144
21 25
105 108
64 66
19 21
128 132
64 65
165 170
140 145
45 50
160 164
113 116
17 21
28 30
73 76
95 98
11 14
190 195
176 181
160 164
92 95
26 27
144 148
24 28
54 56
44 47
186 187
176 177
174 176
148 153
189 191
19 20
23 28
129 132
45 46
27 28
74 78
136 139
140 143
79 81
158 159
86 91
135 137
82 84
79 82
89 93
130 132
193 198
51 56
30 33
16 17
7 8
96 101
76 81
124 128
56 57
182 184
115 120
120 125
167 171
121 124
155 159
148 153
130 135
95 98
137 138
143 144
123 124
169 170
104 106
144 149
143 146
126 128
41 42
118 121
189 192
4 5
49 52
100 101
91 96
11 13
80 82
160 162
111 112
161 165
136 137
81 85
54 58
62 67
188 189
98 101
9 12
85 90
145 146
21 23
162 165
136 138
154 159
134 136
168 173
85 89
8 12
82 85
31 36
32 33
119 122
36 41
17 20
75 77
192 197
150 155
145 150
72 73
75 79
67 70
29 31
194 195
51 54
170 173
165 167
174 178
33 34
170 172
3 7
89 90
98 99
121 125
172 176
115 116
24 27
2 4
130 133
170 174
8 13
114 118
87 90
164 168
141 144
120 123
149 153
11 14
118 122
111 114
35 39
163 167
44 49
101 106
7 10
164 167
48 49
38 41
137 139
99 100
141 145
67 71
182 185
84 86
75 79
154 158
41 46
71 76
189 190
19 20
3 4
148 150
60 64
119 120
93 96
8 10
183 186
128 132
129 133
152 154
102 104
84 86
31 33
64 68
86 91
67 68
114 116
13 18
128 130
40 41
67 71
59 64
38 39
110 112
154 159
110 111
129 134
132 135
3 4
44 47
94 99
191 193
168 170
3 4
184 188
125 128
12 16
46 48
12 15
137 142
144 147
111 114
133 138
148 151
154 159
61 66
89 91
134 138
36 40
195 197
59 64
155 156
52 55
104 106
123 126
100 104
68 69
149 150
48 51
61 65
76 77
139 143
102 106
111 116
143 144
133 137
113 118
82 84
103 108
88 91
101 104
157 160
188 189
99 100
97 99
81 85
168 173
98 103
132 137
165 170
30 34
25 26
97 101
160 162
92 93
165 169
63 65
149 150
46 51
61 64
68 72
27 31
180 184
72 76
121 123
123 125
37 38
83 84
36 37
159 160
61 66
146 147
117 120
183 185
52 56
149 154
187 190
169 173
191 196
16 18
120 124
191 192
95 98
85 87
3 7
17 21
39 44
40 43
183 184
137 138
185 187
32 33
75 79
43 44
129 134
10 14
15 17
25 29
117 119
79 81
11 13
21 25
187 189
55 57
32 37
120 123
185 186
91 92
77 80
192 197
193 197
99 101
80 81
156 159
35 36
186 187
168 169
41 43
148 149
64 65
84 86
30 32
29 31
30 33
87 92
41 42
101 106
183 187
54 58
79 83
24 27
18 23
31 35
38 42
63 67
136 137
107 109
142 145
69 72
59 64
162 163
31 33
98 101
155 159
159 161
25 29
113 116
91 92
29 31
195 200
131 132
95 100
61 62
102 105
173 174
133 134
119 124
182 184
106 110
182 183
53 55
81 83
149 151
124 129
24 25
154 158
109 113
20 22
59 64
22 23
83 87
114 119
69 74
56 57
19 24
36 41
185 187
174 177
14 19
130 133
174 176
108 109
71 75
85 89
61 65
135 136
170 171
113 114
12 16
7 11
136 138
41 46
147 152
46 51
63 64
33 35
67 71
17 21
119 120
59 62
127 129
66 70
94 99
58 60
103 106
149 152
75 78
64 68
191 193
136 139
59 61
195 199
110 115
55 56
63 65
142 144
194 196
80 83
29 33
164 168
23 28
66 71
128 130
130 133
9 11
20 24
174 176
101 106
3 7
5 10
190 192
56 60
93 95
111 115
92 94
100 105
29 33
26 27
103 106
157 159
52 54
110 114
113 115
76 81
84 87
94 97
103 106
147 149
165 167
28 31
82 87
187 192
123 128
37 41
65 66
86 89
58 59
161 165
190 193
80 84
105 110
37 41
34 36
105 106
162 166
98 101
192 194
40 44
103 106
100 101
151 156
195 196
134 136
165 169
114 117
123 126
193 197
93 98
54 58
145 149
194 195
182 186
29 34
59 62
57 61
132 137
160 161
77 80
152 157
46 50
23 27
79 82
98 102
119 124
137 139
63 68
19 20
157 160
6 9
152 156
1 5
152 156
137 138
66 69
127 132
132 135
73 75
29 31
44 46
71 72
45 46
167 170
4 7
153 155
115 116
9 13
130 135
159 162
131 136
177 181
47 51
168 171
122 123
116 120
56 58
158 160
23 25
114 115
7 12
33 38
121 122
93 96
44 49
187 192
179 180
193 197
69 73
41 46
116 119
57 62
190 195
84 87
168 172
113 114
59 62
186 187
186 191
177 178
80 82
75 80
128 129
115 119
142 143
175 178
147 150
85 88
69 71
90 93
76 79
166 168
15 17
149 154
126 131
13 15
192 193
68 73
109 114
155 160
148 152
82 87
44 47
151 156
103 107
26 30
181 186
8 11
147 149
126 130
85 90
62 67
64 69
143 147
181 185
30 32
56 61
129 134
81 85
149 153
116 121
15 19
29 32
16 19
52 55
160 161
144 146
102 104
35 39
61 64
68 71
134 135
37 39
81 82
61 66
193 197
123 125
133 135
108 111
10 13
42 47
56 60
116 119
67 71
153 157
121 122
118 123
2 6
42 43
61 65
51 55
14 19
91 93
145 148
152 155
105 106
148 152
156 161
41 46
101 106
176 177
76 78
74 77
54 58
190 192
64 68
173 178
190 194
193 196
114 118
103 106
30 35
164 168
89 91
123 124
39 42
9 11
156 159
127 130
105 109
134 138
130 135
150 152
88 91
143 147
103 108
140 142
1 4
169 174
69 72
18 21
84 88
33 34
137 138
58 63
181 185
112 114
174 177
169 171
107 109
85 88
22 23
190 191
163 167
142 146
24 25
19 23
161 166
4 8
69 71
192 197
68 71
113 115
35 40
60 63
20 23
111 113
51 52
104 105
160 165
139 140
111 115
172 174
50 53
119 122
80 81
62 66
27 31
25 28
89 93
193 198
113 116
51 54
180 184
124 127
108 110
87 88
96 100
184 187
84 89
189 191
115 117
136 138
110 115
143 146
38 41
6 9
5 7
150 151
132 135
67 70
40 41
16 19
26 27
145 146
189 190
56 57
58 62
74 79
121 125
23 28
57 61
174 176
123 127
105 109
22 23
69 70
47 49
83 88
193 198
123 128
8 13
42 47
1 4
81 82
167 169
79 82
182 187
187 189
35 40
164 168
101 102
34 38
92 97
7 8
99 102
78 80
126 129
172 173
39 44
55 57
124 129
182 183
179 182
67 69
128 130
63 65
145 150
16 17
30 35
112 113
30 35
153 158
90 95
184 185
112 116
4 8
200 1
200 2000 50
200 180 160 140 120 100 80 60 40 20 1 2 3 4 5 6 7 8 9 10 11 12 13 14 15 16 17 18 19 20 21 22 23 24 25 26 27 28 29 30 31 32 33 34 35 36 37 38 39 40
1 2
2 3
3 4
4 5
5 6
6 7
7 8
8 9
9 10
10 11
11 12
12 13
13 14
14 15
15 16
16 17
17 18
18 19
19 20
20 21
21 22
22 23
23 24
24 25
25 26
26 27
27 28
28 29
29 30
30 31
31 32
32 33
33 34
34 35
35 36
36 37
37 38
38 39
39 40
40 41
41 42
42 43
43 44
44 45
45 46
46 47
47 48
48 49
49 50
50 51
51 52
52 53
53 54
54 55
55 56
56 57
57 58
58 59
59 60
60 61
61 62
62 63
63 64
64 65
65 66
66 67
67 68
68 69
69 70
70 71
71 72
72 73
73 74
74 75
75 76
76 77
77 78
78 79
79 80
80 81
81 82
82 83
83 84
84 85
85 86
86 87
87 88
88 89
89 90
90 91
91 92
92 93
93 94
94 95
95 96
96 97
97 98
98 99
99 100
100 101
101 102
102 103
103 104
104 105
105 106
106 107
107 108
108 109
109 110
110 111
111 112
112 113
113 114
114 115
115 116
116 117
117 118
118 119
119 120
120 121
121 122
122 123
123 124
124 125
125 126
126 127
127 128
128 129
129 130
130 131
131 132
132 133
133 134
134 135
135 136
136 137
137 138
138 139
139 140
140 141
141 142
142 143
143 144
144 145
145 146
146 147
147 148
148 149
149 150
150 151
151 152
152 153
153 154
154 155
155 156
156 157
157 158
158 159
159 160
160 161
161 162
162 163
163 164
164 165
165 166
166 167
167 168
168 169
169 170
170 171
171 172
172 173
173 174
174 175
175 176
176 177
177 178
178 179
179 180
180 181
181 182
182 183
183 184
184 185
185 186
186 187
187 188
188 189
189 190
190 191
191 192
192 193
193 194
194 195
195 196
196 197
197 198
198 199
199 200
51 52
83 86
94 98
123 128
183 187
107 111
127 130
141 143
141 144
112 116
107 111
5 9
44 46
69 72
183 185
140 141
29 30
146 149
183 186
101 104
84 88
73 76
1 6
160 163
136 141
125 129
6 7
155 156
147 152
27 30
154 156
188 192
20 23
134 137
157 161
59 60
165 167
77 79
158 162
119 124
65 70
42 43
165 170
84 85
168 170
36 37
142 144
158 159
72 73
1 3
184 185
121 126
56 60
83 87
81 85
101 104
111 115
41 43
92 95
84 88
81 84
6 9
187 190
101 103
26 27
2 5
66 69
45 46
45 46
158 163
145 148
118 123
11 12
1 6
59 62
144 148
71 74
181 186
43 46
114 117
13 14
41 42
166 168
93 94
7 9
99 103
180 182
67 69
59 62
147 148
162 164
25 30
12 16
192 193
113 118
188 189
141 146
83 84
187 190
76 78
82 83
72 74
101 102
138 141
123 125
140 141
7 10
86 87
52 56
132 134
138 142
33 36
127 131
75 78
184 188
39 43
116 117
54 58
170 174
76 78
134 137
72 75
82 83
17 19
185 189
148 152
50 51
4 5
105 110
186 189
83 85
118 121
157 161
94 97
131 133
125 129
40 42
2 6
64 65
176 179
81 86
79 81
59 61
172 177
117 121
16 21
141 144
76 77
101 106
55 57
123 128
85 86
185 189
57 59
101 102
168 173
19 21
158 159
27 29
182 187
53 57
104 107
185 187
53 55
31 35
188 193
44 47
137 138
147 148
137 140
191 192
135 136
132 133
97 100
27 31
45 48
128 129
121 126
45 48
37 42
69 73
20 22
193 198
183 184
157 161
66 70
62 65
142 143
68 71
61 63
187 192
11 15
191 192
72 75
1 2
91 96
122 123
187 188
141 145
71 73
84 87
105 108
64 68
174 177
104 106
52 53
192 194
95 100
58 59
56 58
56 60
151 154
129 131
182 187
88 91
13 16
95 99
52 55
189 192
25 30
190 194
107 110
10 15
24 27
134 137
76 77
44 47
56 58
3 8
51 52
30 34
32 35
35 36
180 185
158 159
62 64
28 31
90 93
143 148
102 105
13 16
16 20
160 162
114 115
120 125
145 148
102 105
95 97
31 35
136 138
185 188
136 141
176 179
81 86
41 42
54 57
28 33
3 5
104 108
103 107
90 93
60 61
72 73
57 61
181 184
108 113
15 19
27 32
85 90
135 136
21 26
195 198
109 110
47 50
22 25
116 117
100 105
183 186
29 31
78 80
116 120
66 67
128 132
124 126
70 73
175 176
37 42
75 77
190 195
121 125
3 4
170 171
34 39
18 22
83 85
195 200
179 180
57 58
31 32
16 19
30 31
194 198
146 151
194 198
13 15
19 21
25 27
169 174
38 39
102 104
148 153
94 98
9 11
20 25
48 52
98 99
4 6
172 177
50 53
41 46
107 112
172 176
5 9
109 114
38 39
164 165
96 100
11 13
72 76
148 150
25 27
184 189
109 113
16 19
124 129
170 173
118 123
94 97
190 192
119 124
116 118
135 138
182 185
58 60
177 182
34 39
161 163
152 153
103 107
15 20
62 66
58 60
54 56
19 22
150 152
23 27
142 144
172 175
40 44
7 8
175 177
94 98
15 18
186 188
23 26
189 193
135 137
164 166
66 70
42 45
8 10
63 68
34 39
138 141
91 95
104 105
69 74
55 59
47 48
95 100
54 56
119 121
191 195
86 89
41 44
158 161
133 136
37 38
94 96
55 58
171 176
156 160
190 191
79 80
45 46
160 165
72 77
55 58
54 56
20 23
129 134
83 86
102 107
172 175
47 51
147 150
190 195
73 75
186 187
62 65
46 48
126 127
136 138
167 169
4 8
142 145
128 131
183 188
155 159
12 15
7 8
30 33
18 21
59 62
59 60
12 16
100 105
150 154
22 26
28 29
134 135
117 120
142 147
36 39
18 20
149 153
132 136
78 82
174 176
172 177
144 149
27 29
129 130
194 196
131 136
121 124
98 102
22 25
123 124
121 122
11 14
110 111
87 90
5 10
146 151
101 106
12 13
161 163
78 83
20 25
119 120
161 165
186 190
105 106
62 67
56 60
88 89
38 41
129 131
169 174
153 156
33 34
5 7
165 166
41 46
123 128
84 89
132 135
100 101
62 63
114 115
145 148
146 149
78 80
53 54
84 88
99 100
95 98
38 40
156 157
160 162
89 90
181 186
137 140
7 8
33 36
179 180
41 43
84 87
104 109
78 80
153 155
155 159
70 72
22 24
131 132
153 155
88 90
120 123
156 159
2 7
35 38
100 102
24 28
4 6
131 136
177 181
2 3
118 120
129 130
35 38
125 130
130 133
43 48
133 138
149 153
163 166
83 85
43 44
140 142
152 157
152 154
162 164
177 181
46 51
111 114
127 131
2 3
153 154
77 80
160 165
20 21
98 101
161 164
152 153
80 81
144 148
156 158
171 175
150 155
71 73
116 118
81 84
108 109
144 148
168 170
125 127
18 23
87 92
23 24
19 21
65 69
41 42
75 77
171 175
44 49
90 92
37 40
139 141
92 95
132 133
55 57
181 184
181 183
7 8
34 37
12 14
75 80
59 63
64 66
177 180
133 137
136 138
154 157
51 52
167 172
133 136
93 96
16 19
187 188
101 103
124 129
59 64
150 154
170 173
165 166
123 127
54 56
90 92
89 92
40 45
28 30
108 111
1 4
180 185
29 30
56 59
182 186
83 84
70 72
194 199
93 98
45 48
128 131
91 94
37 39
169 172
138 143
49 50
186 189
145 147
152 156
43 45
6 11
190 195
92 96
79 83
129 133
20 23
126 127
6 9
72 73
171 172
177 180
194 197
90 95
143 144
101 103
133 135
64 65
172 175
16 19
115 120
32 36
167 170
148 150
145 150
176 178
55 58
18 19
91 96
67 71
166 169
106 110
138 139
70 72
162 165
135 136
65 69
137 142
77 81
24 29
9 11
140 145
181 185
42 43
2 3
40 41
105 107
146 150
139 143
27 31
162 165
93 95
66 68
6 10
21 26
45 48
78 81
155 159
50 53
98 99
16 19
31 36
45 49
188 192
94 99
17 21
136 140
130 134
131 132
89 91
113 117
80 81
66 69
190 193
155 159
117 118
149 154
30 32
6 9
67 68
182 185
42 45
113 115
8 10
114 116
118 122
48 51
156 157
65 66
143 148
34 39
125 127
131 135
30 32
158 162
189 194
120 121
97 98
126 129
77 78
119 123
29 33
126 128
1 6
88 90
185 189
69 70
32 36
74 77
151 154
32 34
182 183
183 184
132 135
43 45
153 158
130 131
180 181
50 55
60 61
115 116
65 68
143 144
55 59
93 96
167 172
51 52
62 64
136 139
164 167
112 116
39 40
15 19
32 37
131 135
145 146
43 48
192 196
13 16
35 37
195 196
1 6
2 5
35 39
118 123
194 198
152 154
140 143
174 176
146 151
103 106
50 52
132 133
70 71
95 100
163 168
144 145
2 5
1 6
72 73
163 166
74 75
26 30
188 192
125 128
21 22
148 150
54 55
174 178
7 11
151 156
64 65
145 150
129 130
15 18
188 191
150 152
137 142
45 46
172 176
132 133
96 100
99 103
21 25
127 129
5 6
3 4
72 74
106 111
150 151
130 133
155 159
104 109
108 112
40 45
17 20
110 111
32 34
178 181
23 27
44 48
69 71
193 198
182 184
79 80
142 145
18 23
170 175
29 32
62 67
1 3
7 11
63 65
183 186
138 141
123 125
184 187
101 102
105 109
189 193
112 114
122 127
107 109
110 114
161 165
81 82
31 32
135 137
154 155
27 28
37 41
26 27
97 98
93 95
45 49
139 143
21 24
11 13
152 153
111 112
31 35
179 180
25 29
149 150
148 149
85 87
182 187
129 131
125 128
81 82
187 191
13 14
188 192
6 9
150 152
29 30
1 6
19 21
173 175
37 39
112 115
33 34
123 125
127 128
37 39
95 99
33 35
112 116
186 189
154 155
125 127
111 115
87 90
67 72
183 187
175 179
81 84
173 175
124 129
57 61
190 195
30 34
163 164
193 198
186 188
68 71
108 113
78 83
156 158
48 49
77 78
23 26
15 17
160 162
66 71
16 17
168 170
106 109
30 34
176 179
83 88
105 106
147 152
167 171
162 163
140 142
91 94
147 148
47 49
46 49
194 197
21 23
167 169
5 6
95 99
184 189
136 141
168 170
78 82
161 164
142 147
195 199
166 168
43 45
75 76
177 182
193 196
36 39
193 194
130 135
104 109
133 137
132 136
40 45
39 44
137 139
65 69
61 65
84 86
14 17
52 55
192 194
70 72
33 34
175 180
164 169
149 150
56 57
28 32
60 61
151 154
128 131
173 174
146 151
61 63
64 67
46 51
189 190
1 6
118 120
86 87
22 27
102 103
43 48
159 161
181 183
2 4
12 16
72 75
29 30
108 110
161 164
20 25
43 45
75 77
2 6
148 152
93 96
177 181
91 92
155 156
157 162
116 119
132 137
33 37
105 110
127 129
35 39
141 145
90 95
141 142
144 147
142 143
170 171
189 190
114 115
190 193
126 127
91 94
148 153
63 66
16 17
168 169
90 92
46 51
14 17
64 69
136 141
124 125
13 18
101 106
19 21
115 119
158 159
138 140
83 85
125 128
22 27
182 183
45 47
179 184
123 128
123 127
150 152
80 84
17 19
142 147
1 6
103 105
50 54
86 88
44 47
70 75
191 196
64 69
179 184
88 90
99 104
166 170
20 22
174 176
65 66
24 26
16 20
47 52
42 43
109 114
85 89
42 46
180 184
125 128
191 194
112 114
165 167
124 126
57 58
132 135
165 168
98 100
98 102
24 25
57 61
166 171
180 185
129 132
118 122
139 144
70 72
53 54
6 10
130 134
192 194
126 127
169 171
70 75
83 85
103 108
191 194
195 199
119 123
117 120
194 196
42 44
107 112
151 156
158 163
115 118
18 23
69 74
5 8
103 106
171 175
6 10
43 45
3 6
181 186
158 163
23 26
139 144
139 143
184 187
13 15
116 118
182 183
76 81
74 75
156 159
109 112
95 98
148 151
184 187
64 66
145 149
9 11
23 25
57 58
52 53
103 104
154 157
33 34
54 59
49 50
124 129
114 116
158 162
143 147
149 153
131 133
29 31
88 89
194 198
150 153
28 30
64 69
86 90
107 108
102 105
191 193
179 182
174 176
70 75
43 46
168 170
118 123
52 53
157 162
5 8
27 31
105 106
119 122
138 139
67 69
151 153
150 152
5 8
26 31
40 44
118 119
42 45
167 171
140 141
44 48
182 185
32 35
35 39
121 125
62 66
104 107
155 156
54 55
89 92
163 168
149 154
48 51
41 46
161 166
163 165
144 148
101 102
143 145
174 179
158 160
191 195
121 124
159 161
186 187
70 71
67 72
21 26
21 23
88 91
14 16
121 124
13 18
176 180
125 126
156 157
151 152
79 82
105 106
4 9
132 135
148 151
90 91
166 168
166 169
121 123
181 185
86 90
39 44
186 188
74 75
37 40
7 11
70 72
81 86
149 153
187 189
127 132
142 146
34 39
10 12
90 91
117 118
173 178
13 16
58 59
116 118
183 184
3 6
102 105
83 86
128 129
107 111
62 66
41 43
91 96
60 64
101 106
73 78
147 151
127 129
177 178
3 8
14 16
22 27
176 181
77 80
140 142
35 36
170 173
93 98
121 125
25 29
39 40
57 61
179 182
87 88
156 157
4 7
181 184
48 53
2 5
123 124
84 88
112 114
111 115
155 160
171 175
62 66
94 99
11 15
9 10
72 74
68 70
46 48
77 80
50 54
144 145
138 141
113 116
149 151
147 150
128 129
104 106
78 83
46 47
45 50
160 161
54 58
78 80
51 53
31 35
40 41
168 172
23 26
150 153
148 151
151 156
135 139
41 45
15 20
45 50
14 19
56 57
184 189
31 34
142 147
96 100
162 166
18 22
121 126
29 30
148 151
170 173
48 51
90 92
166 168
154 158
163 167
56 60
87 91
167 172
22 26
181 185
188 191
138 142
29 33
28 30
90 91
100 105
44 46
161 162
130 135
29 33
11 14
49 51
181 182
76 79
72 77
103 105
34 39
99 103
136 137
140 145
153 157
117 120
188 189
143 147
57 60
115 118
44 46
135 139
73 78
36 41
42 47
49 51
50 52
32 36
142 146
2 7
82 84
10 13
43 44
28 30
118 119
166 167
151 155
136 141
107 109
114 115
166 167
43 47
75 77
114 118
169 173
8 12
75 79
179 182
60 65
46 50
121 122
19 20
98 100
162 165
192 195
77 80
115 117
154 156
38 39
54 57
102 105
93 95
6 10
113 114
1 2
20 21
184 185
4 9
87 89
29 33
8 12
149 153
70 71
189 190
128 131
91 95
176 181
143 148
93 98
152 156
160 164
131 132
143 145
1 4
21 24
81 85
52 55
46 51
61 64
166 170
107 110
99 100
10 13
172 177
163 166
138 142
150 153
169 171
112 114
14 17
113 118
29 31
52 57
16 17
193 198
31 35
154 157
156 157
30 35
165 168
157 160
52 54
129 132
59 60
176 178
21 22
150 155
24 27
169 171
63 66
96 97
96 97
93 97
76 81
152 154
24 26
12 17
193 195
91 93
77 81
105 108
183 184
153 155
134 138
52 57
183 187
41 45
119 122
66 70
155 157
84 85
16 18
161 162
111 113
51 56
24 28
175 179
29 34
182 184
16 17
160 164
22 23
134 136
195 199
106 108
140 145
187 191
53 54
163 164
8 10
193 196
82 83
144 145
78 81
142 145
13 16
89 92
113 116
156 161
81 84
148 150
44 49
66 70
30 32
195 197
94 96
183 186
134 137
80 83
112 113
145 149
124 128
18 22
183 187
134 138
150 153
7 8
170 171
101 104
136 140
17 19
129 130
117 120
183 185
40 41
189 191
19 24
133 136
94 99
126 130
50 54
191 196
130 135
81 82
149 150
127 130
143 148
109 111
194 197
80 81
90 91
34 37
52 53
46 50
133 135
155 157
164 165
82 83
116 118
98 102
155 156
125 127
5 8
119 123
167 172
79 83
93 94
159 161
118 120
7 9
174 178
1 3
127 129
68 69
148 152
184 189
43 45
143 147
89 94
45 47
83 87
81 84
154 159
14 17
183 187
120 125
93 96
18 19
43 45
125 129
74 77
179 184
34 38
147 150
18 20
58 61
8 11
35 39
124 125
46 47
45 46
187 191
123 127
19 22
23 26
190 191
187 189
185 187
72 74
53 55
71 73
134 139
118 120
172 176
152 153
41 46
99 103
157 159
52 54
40 41
35 37
67 71
15 18
191 195
96 97
104 106
112 117
141 144
4 7
190 192
167 168
168 173
13 14
46 49
167 171
195 199
18 19
185 186
26 29
135 139
195 200
151 154
156 159
9 12
145 150
36 38
32 36
42 47
164 167
104 105
182 184
164 168
83 88
3 8
166 169
21 25
36 38
74 76
46 51
142 146
80 83
19 22
168 171
153 155
2 5
143 148
53 55
167 169
90 91
64 66
7 9
67 69
134 136
95 100
121 126
163 164
131 136
161 165
1 4
64 68
40 43
105 109
109 111
55 59
187 192
174 178
75 80
172 175
16 17
80 82
25 29
126 130
14 19
142 144
114 115
56 61
164 166
178 181
51 53
32 37
31 33
100 101
175 178
172 176
13 18
26 29
42 44
44 47
182 187
189 194
115 120
156 158
100 105
172 177
6 10
63 65
172 173
81 85
163 167
126 127
136 141
161 163
164 167
184 187
195 199
91 95
5 8
75 77
37 41
34 37
170 173
183 187
170 174
71 74
101 105
27 28
121 126
143 144
152 157
136 140
48 49
8 10
83 85
61 65
84 87
127 131
19 22
57 58
29 32
145 149
175 179
67 69
161 164
104 107
148 152
118 122
9 14
71 76
132 134
30 33
89 91
152 156
56 57
75 78
102 107
99 103
157 162
148 151
118 123
67 70
120 125
72 74
50 52
92 96
80 81
3 6
100 104
101 102
189 194
44 49
179 184
71 76
76 81
128 133
45 50
174 178
134 136
160 161
200 1
