162825141
405557498
54682969
174560835
24983547
287967626
103946638
466130726
995976614
659908610
83693112
55877299
531064692
968891318
287313425
183874315
281215633
56121868
242752210
254289055
154510221
363964064
317328276
346301506
499995895
372720758
409921913
595894280
229053805
113682819
661948479
401319351
121255509
485823316
953580452
264435043
786877736
403083648
878964681
575743357
78147521
389485603
973830402
92593069
240372171
502016260
111547945
327787099
288584588
99104467
288122774
429223224
7676170
595036575
27426847
667075055
683019891
65312905
866662043
269560361
495895535
224670640
744471740
496652310
361716388
402926455
926693017
525028901
380307333
225794222
417253098
179778784
93353302
684184027
619250912
96272948
5077912
716086571
141222045
121333519
602512872
300764740
691088075
489547687
9492697
276191029
16224346
152413219
625833391
270950070
271452610
551579964
243340875
79464670
816717734
204152907
308354820
112221202
237143925
2703625
182896974
30955253
95850755
480634097
498019930
139680310
56052624
219129112
500847742
532276437
429625394
259561711
751624681
387665674
290379047
240020098
611081757
144427600
598433170
395936677
162995549
612389951
50387975
410597391
704156897
279267599
995893145
892339075
786395147
512987144
200256074
29753618
290951426
91913273
430901127
185277964
685641999
655054167
702053982
551310202
324902492
611920553
133569425
234933408
188498920
752170737
590342169
830830629
522250000
161562357
252054364
258460537
823678514
282033585
293244770
464390645
50471373
82446101
17715536
1015975009
77209145
202132935
175335447
187788493
886006281
495962962
40722334
208500680
383421845
282896745
166791085
190332933
298687138
264370105
1845442
805075701
115398171
494375482
253253930
282145473
272168835
64765398
488036712
42021827
230239057
366078309
213188441
363818165
671330157
457998091
190431254
898007155
193172233
60002413
405718186
890480151
185898082
259405735
89263088
26892867
285362690
92865174
384295353
971195265
989691337
665744903
148919711
315253501
222163820
39132489
459954056
729541970
284082415
600625255
57611004
29311752
411049266
110614164
171541432
665264487
338180477
618644038
165417772
644871393
84865837
220837787
179787162
389716046
409651823
395000810
499968042
49783760
218779172
932344457
760925031
613573006
300490672
10578935
258910117
487867864
511231853
499298498
147603212
680312788
758918654
199743392
553596532
57497769
82646432
516984328
556593973
711638544
190046083
632539916
1022193551
176325399
365057992
136375382
554773969
250259118
163012995
187249074
43261766
123402029
177025059
99735884
553313421
64097219
114772399
638718123
704628413
197168187
452910648
126494971
147390046
75971153
417814707
416132906
579327538
601313885
500551305
206652280
652018905
557229334
425178397
48809349
256351487
808422807
317053664
80526717
528713325
69393275
53856112
63641495
102383179
131544546
106088345
511765357
396941677
112541995
306747370
344543290
897286438
136297988
132586943
166142944
51275533
163395945
498815174
319593873
216939144
261409218
59304674
50040652
1031281685
176542344
240477547
145582376
180754507
38219558
207898257
374993543
262810216
29617009
562435166
724384404
808461741
259862202
756227036
409515210
50602761
152923778
83812867
436814653
925573354
193034575
837324919
757246359
199159344
271616133
216510508
24698401
466037476
51164510
553227965
98085330
184348069
664446247
96734290
118050567
239397019
133874223
190472313
584519774
595637084
56971689
185371731
358989613
865715999
66873167
59889897
114609698
687303012
561286223
283849982
719574395
224574244
270346267
46122779
699971127
823075669
415483234
785181479
822099405
1050264143
427053745
129160641
454750613
260430948
399815871
85214523
599198121
431771001
35841816
711594125
179058477
89698054
566192769
373616211
208246258
5711154
24713278
21375788
456283679
82045164
982381654
501761336
483638083
656029277
722727061
135876361
240670094
311159748
391600505
121481912
25851548
278103106
478465620
140049685
467074005
435057157
166446114
378144801
419061711
179849271
774796671
228765678
29592349
86184976
693707126
47062091
516876455
391018144
465207654
358255192
392143276
18454702
264786452
949121838
36851166
619255738
18853132
251190517
955966536
526477360
335940285
122127833
376580744
229513218
148642587
5985811
666593921
498338988
162577121
258517341
248421924
109098114
173189335
545964086
196341974
52385859
427487869
127758970
253177337
519261773
381713124
40834735
214794780
723922321
359431458
563796578
35837169
263547670
940908869
483390831
124953183
344956057
127302657
567564341
515857843
860110927
250487425
488697379
167055691
163239237
524153930
520053245
33107219
392099414
233352421
152918869
363243372
401318188
13706811
23163180
868619398
972186164
754846552
379877614
290831153
272178135
133690240
182391468
516602006
430817804
511011903
30576878
790931091
199086711
92033594
397129987
69965298
552810792
189845517
127776298
533020232
3440142
286630001
252386297
313452731
348027879
87146124
274215405
311179845
863013891
175875173
153275934
136108478
345658848
230497027
782296305
735481070
269381741
635059841
303295961
706034589
885980986
643002139
407797763
321703617
128094213
233030955
133307345
405567265
30117342
152631096
296513008
639821244
77393645
445844070
466958475
352378024
465729380
116547405
110211203
647629649
208033383
468070988
194938132
332012301
133922065
410420776
42321593
55838947
141792691
315528180
125799118
653779950
600622035
165300510
415669788
589001476
121335677
1003824206
823412917
545597991
578282591
263924297
467484970
18542179
803286396
355708354
233990028
920141435
138046873
162969729
302751399
574997971
84717996
687432978
371911273
226199810
260425516
512162128
208367991
454469899
328499579
306468503
308553401
199455571
461149589
202514319
274199682
110305199
750744835
535487950
262355584
103867300
165042640
120708067
365687331
856610504
425107389
519132192
196734250
288831496
142801815
7699695
489008554
576299408
87842059
744977
89979475
251377853
895981139
41516500
452033205
219643178
499863841
594336408
552296988
789592551
262757758
46121968
239999133
251449329
814949695
149272593
657409106
120587643
1088005
589080062
217842987
844932610
185535509
505946778
734323794
490198808
98866424
238532352
10257040
118717803
317266184
209899462
427842347
400523621
66186615
221709531
568447273
265198450
787055067
20511154
343419753
178334011
226834389
213432315
244559585
500682956
223849647
222572323
88533623
12575685
399565489
445228309
310430972
427067282
369149427
24676264
368975614
79025543
268278069
750113155
267508092
263002212
179355685
186005506
247654973
140631517
535979671
53845815
969451736
623120541
369917015
531250193
548126201
183638816
176143274
82777019
79373877
144916650
602592418
495888916
838726342
261154419
58500653
904869047
537209950
270991366
572160178
21097087
522396396
463687395
110098569
690119026
121920489
506353681
169024493
317496434
161784364
231085208
75464035
274114208
621448282
744685456
573926645
110638536
581983188
200848680
542403769
86844262
830735312
42092911
237916415
524432163
172325055
22198826
408150384
93761154
270729472
236806663
827157200
323755759
537389320
151974745
430172118
580596895
188717529
40737663
199348807
391589342
183542396
80822958
77054441
104003206
329022974
46469834
162156177
149251987
106087487
954784523
127776735
556009373
81286350
367930431
525506368
45576622
984930686
892113926
499248998
873972187
22294017
3184882
571850853
494713603
57430962
253871120
419791640
459008135
79514308
374434819
79211320
653538271
392043743
542589354
207399359
663265724
34135520
642487937
305254254
448997469
157646628
440071081
10823387
112351529
598540760
600314642
281430825
972449113
522460884
382360047
481618907
564021783
66271949
704084086
305052824
6495298
228192810
434436069
108056848
61685447
556898598
388231017
857939413
39436020
70625429
116762934
43302352
336915721
581655255
184425252
160332682
80690162
681107143
28507504
472059163
554413943
655722812
390760427
692789844
252140114
641292492
247615519
149331068
478064621
189644632
538790551
248097780
308562075
88735672
354604725
464697366
110847651
956113011
176783889
361939502
322805134
306162695
610295118
521303818
134860131
220580462
233460353
17557776
144025789
269011332
428128585
411419988
1064406895
665056552
41243185
110151006
690195296
256937263
1024335246
89851084
223711112
210335404
233738092
549252048
821598138
181904078
527140814
399588756
578257071
99036023
171935717
209689930
194999125
473381002
542144035
67603517
300313584
223100824
544267906
626155982
243700978
236657175
160697537
883127046
11757650
522278430
394281484
404654491
513979192
392360260
66419265
607949239
93863897
291099993
232238493
198357388
81161599
284044496
158240932
147547804
791615181
343029623
903310764
492746861
342706097
275521276
348731347
162963946
401012120
812784631
720556923
523738520
585791417
137370293
335942782
143797864
508013815
727951710
111839221
118508672
152564623
656166726
428700803
736152280
258395973
831618514
798662271
778225807
124994088
872361659
386358705
126819927
266093087
81978209
679847775
548698246
448035818
6494785
939159671
452973360
242954580
231025627
228071475
200850694
159410628
128696743
212469739
928373437
627960258
359007483
263554543
522902474
324665595
580834704
200790936
351000158
462600382
31770714
136637932
150164042
99738945
465489443
46299283
105712887
227000874
557485110
540045287
373705928
133267455
743489426
838928255
21952576
427293227
264780791
399050204
550228617
248879037
163717687
437150240
489973817
134084921
196087954
267340479
741989086
487610668
801260339
692382912
544501225
287584423
688428261
111474062
556679221
174609493
203054398
250925542
477181057
208988259
801676835
144832234
555967969
634968834
621362943
507814724
62832602
158023223
512336296
54519153
532436665
499477463
412014964
248781242
216624140
946987602
355516393
403049847
250218142
50810249
772206494
663295370
286080275
952952531
252864971
53268432
532924905
714137649
616692125
779074188
540810142
307857499
768725242
712088877
309571202
156107105
253290557
121997370
178752724
545576642
316899484
139180857
284920831
844701431
196245037
13485600
221784953
162619339
442084636
269928127
60395218
623176577
414168934
13412223
307081803
420784300
317481449
352939850
139980595
167368377
373251022
987574424
618009079
383742379
509139561
199894515
430824192
553219052
737264478
649698401
908373295
163275407
164911555
303448370
112309525
397625120
503070044
116454902
294587471
616605154
172812429
107915801
368967809
192440744
209582431
505954536
794832006
491163846
12715184
39172588
558694047
781988521
1060193
61027166
7552673
121952082
552989391
64199106
354550114
729360160
352572207
128378972
103925270
198488116
84865110
129675949
358466521
873739144
36174135
732199827
43538198
163635801
317581293
247537702
688526545
68376297
336617589
347033722
711014357
733624837
191717491
323849817
97645129
539210590
358994533
342358488
15644528
10017160
668792494
406521900
358128417
390452579
165668436
86459312
208850334
576772949
336903040
514589932
424235701
541647705
225385126
419069610
7687046
129901533
176159487
80096325
292090518
383487623
48834154
283278831
333850495
505506829
494574879
82869079
105477183
228893255
121202650
326323568
347459190
197377492
63354442
536562929
214231089
676765045
241970750
404296344
226127373
196108539
596077346
274505589
251308841
624797027
195220195
143848235
532106573
460393145
304785254
275993514
411574263
89191437
400195317
63792146
435382050
390845597
471826977
65980459
293382067
97327537
631390073
108048128
648873173
293322144
566230267
79904897
210915669
474787174
817334508
242363945
499500030
830340774
431227535
223418672
341358329
205973730
103639227
76101776
554162845
450017122
372247576
333449323
589539909
31214608
725143747
694201884
288413909
587372857
724310027
172795246
633725110
165457596
565745106
57135091
396024492
136264393
180534783
77514035
125667847
812886930
99675781
14572072
378614204
132342587
1018042175
153556534
751965309
97933213
415042797
182011639
381972962
654995490
348839355
361214121
281855348
782469614
238244912
280164234
70207390
220856479
764014794
290966809
452979919
903577163
307486281
490977945
638867937
1007765353
368400575
427322923
412717046
648251635
532203395
184864744
1027145816
327813244
193482908
457469781
410259107
951060102
313888829
61097457
417630144
696539656
564741750
26419193
466946666
200275017
344195755
572354650
575276797
175471142
331688302
161932164
486456480
108407711
940117910
16484750
319997479
70081090
220549733
415495149
126005862
847418287
301933425
688555709
381655791
650709225
11311345
542839156
433305889
104976197
390212542
164013865
161034847
71406969
397288284
371962062
63006626
49298820
660843616
475676012
186656708
747734207
377929774
345739326
22558218
239193163
515312309
443216843
179262498
104035559
52757808
479325068
557133198
343700577
370424035
82984207
44592004
180852654
772400893
280746650
346194291
400720145
79095865
377695890
147275373
380248931
62566947
836644446
118372730
353124241
271274732
271369173
482792296
23746924
752983692
642079845
76837320
233626068
850161224
584434301
782016685
58830386
126107963
245542133
618074216
195770339
258771126
110025105
427012729
36478112
807374210
319929527
479742077
453243994
301973604
835905142
198921751
832327198
542156007
479341249
264603939
258520928
905993239
326239302
521683092
408412180
160347472
512075193
481029616
516699083
117968779
315869708
693483669
607237245
387936610
62424638
98364603
158651616
1170800
262401851
344224918
189410997
183972839
127164310
637576916
199139344
216774405
193465644
161100163
131284720
28685029
380892313
356054247
722782465
19036274
537426510
138347223
602614110
466280983
977140134
556860750
59980231
568816386
600382464
242380348
150836569
855864131
340913365
589115028
251616207
702437102
15870230
286095247
51320994
672820652
77034399
127783478
510646802
15881428
139677335
347954371
162926442
22682746
623553096
819885075
360404227
342907174
108557857
474620676
630004595
479035260
20995356
120613274
603957431
2621031
547901732
519829392
366664023
378683974
371317463
59234653
459508342
811178343
29958769
43223121
121460935
256636262
68741701
101672682
256513219
52748827
490938086
789297906
243768165
90942732
26785285
1960375
1024835213
582545983
415741008
641675670
41447529
99326800
75101992
313201264
162993671
587111119
233907151
1004727232
335448684
94231468
242374422
625426575
507344636
163347502
632692285
348121397
158237378
626436159
358639074
14261524
87963321
513240575
996201374
83484662
25450317
369966680
508708225
326051618
31355082
398658403
45121401
372119489
7382973
44381138
631933709
249341979
750965373
932860012
25884153
506571016
303318233
509076562
213249301
107503522
53388576
279457833
852192290
580827398
934409234
707000310
331485548
244063898
220696034
83857037
927469
390746744
964911474
135980986
373585806
345042027
384336909
294778139
22244256
800991136
433998201
291346471
881862841
102334664
722977270
864353098
491246935
116779978
177395223
276203357
229105638
151306070
14071929
66953680
476179569
255985360
134112401
435955991
353084445
412698988
735458669
132174431
465605939
46775163
326635837
847386894
22045199
251438574
112725614
721863093
255299941
152142322
263267905
463860382
377999226
406687259
152612259
444658400
249087300
113710188
153914704
115546397
329729755
651138058
318387249
276146218
472258448
166156729
536570948
542715409
381050920
175273665
645114568
123285935
117023382
196064619
490709175
199378340
420451263
243047050
797150622
99823614
532828913
56036579
292386045
206477015
66719033
884728879
89217546
361143172
891161074
204265995
645714388
317195753
437807313
436715598
234384029
194486214
415320901
208409301
392520555
469419288
258877560
253623391
320801581
758852528
146901518
207119160
37855849
793583234
147391627
368741955
849718344
708372164
223358520
214192287
777620513
668527698
34262772
11027696
99227995
151938702
251259712
661112595
181042364
390862947
336475613
362568393
327936108
569650949
64825851
657891223
389087666
154022962
204232069
9515965
272620973
159882723
778957052
285415932
47150992
161922293
655810219
372213282
195605922
663795405
480249931
260529153
395159662
373381280
402945677
120421967
14786476
167319030
349150126
322400319
565867195
134975987
724391227
52840191
383685635
205001777
262040166
92209082
515213256
82941479
79942742
150301315
115253797
7079436
179464112
559066934
130025429
205288602
42004176
47666286
114006561
324617500
115120037
65347723
454223890
538781996
606874033
289102248
452373972
515983593
356855320
328667548
276401281
122588483
514204868
323461106
1004280445
352885869
109240043
576289789
153894989
568566433
926904865
141430549
475922174
390504135
665802394
480971470
120087522
629040567
405163925
4067657
385429441
705539510
40634902
910314177
80676294
220948406
584934002
1149577
626113020
428562031
221453330
327336567
125319100
437100292
612395838
907144196
599605485
32834943
251887989
219933121
459948220
629257716
565880210
243160443
121536161
35959328
459033509
628517995
141816770
81575266
45503020
896037466
100463357
392665026
1017402338
242312217
574951781
172335053
457020668
422837638
238984209
419116393
161137033
577075033
152874798
38784687
42808267
457166492
82535488
954180666
339563212
439824626
294472845
359696305
180193367
8298085
624389161
338227358
751222280
253413075
77518785
1056678117
665818335
949208625
301862898
132427725
816047280
536231017
102868979
279797475
393009461
431748892
536984755
680345107
32592590
170220282
448087548
431223826
233508777
21916696
154499671
409266512
172092875
185368885
685459522
848660990
39277391
700339751
224089979
417469074
98828114
597461316
176776492
229957341
395290016
669266893
130648886
342852702
828330863
325824819
73171011
331529871
584901568
372814728
615633344
222441085
292523574
27764910
41453150
33135740
213530561
449607269
116748652
9122142
564719947
374337996
139830401
163247602
514790364
428731071
51387862
362819748
177693828
351233566
53622018
411782395
801239857
241923356
249520587
492771591
95475084
63411896
785520145
59510996
385323643
276409214
196156896
96401251
808648751
159926153
102991463
265514716
517159872
199480060
665447984
454430398
95637933
704276652
711564241
459434971
513387169
682964195
58208623
35435965
404222646
829751980
286911338
316081554
340261054
162574569
477238147
588062380
256559672
111676800
413350537
161110342
219365939
553916272
205678571
625456043
612601716
30565674
537769579
156960753
621929947
608227179
251896814
64809070
544505030
876505491
418118886
79403102
344795091
34145877
959913594
60455808
281840946
640210115
159546958
167047747
782312056
632369922
460800559
780693930
263152005
825931550
876861461
435711191
691413335
647558332
248299360
203741967
498865972
423082203
64811744
849425821
551269911
767208777
684570290
94619647
145601732
154989018
35023513
226655253
368379714
500966865
575382037
122101009
6915031
531328984
547714195
220948723
375669848
152838706
385067060
257776592
324601778
181186427
326519913
175969984
85305188
554303869
94426807
8055541
321782926
43115605
98375277
73339059
468304556
474174916
27410354
176379630
357250094
402743172
611206808
104706019
68195455
232569000
357694118
131437332
371646242
35396244
574655673
234470758
742334105
525615023
138662655
847613752
56061672
587091042
492705262
483617910
445976958
562047197
46682330
801077690
350373436
135737746
768646978
863477937
107583685
108556065
310721652
307947329
46963770
661557185
111156065
192243858
6375532
606674210
54095288
445337313
615644896
482439945
831134912
343479743
144812756
290114543
525088515
160720557
850636636
742319928
956506245
244492609
281244643
599950749
279968521
371985118
297652267
11685271
484246535
36191233
28239713
218073712
198346022
447189222
122727474
569330051
39522929
928150450
24840153
209808878
1037091336
740438656
213671199
414142270
473754471
144896259
666193769
25508403
512343300
610697482
341502604
649574823
419125738
115586631
712058770
193757254
78560400
167379254
47751120
708935027
526166127
166243535
593702517
606523331
63773631
974418531
876910075
941847525
13966868
388336733
411629248
287452658
210400807
775189296
97394911
333552303
177951940
162083896
695140084
179743455
577828665
313080753
406580416
242878873
559223929
456530415
795039254
127101057
185987701
90657687
388728277
422973364
171894616
239576548
132124546
353308957
331537812
374085782
692640005
812404147
321777119
761233629
711124864
258779080
129412371
396825828
443253595
449879881
400798486
768745921
7630297
429504832
844065405
571013587
509989201
832850364
116626772
8672601
419989585
839076226
274538695
273247315
600830738
227058014
885252761
663660319
106293495
747332731
768608189
116689468
76273421
157503862
456384160
223460494
698242461
342139358
17647852
63469366
891536191
356850225
451357037
46578058
73462666
16537794
329396200
221661290
441453482
501622999
490894025
78934912
562173623
604562762
846061261
50394297
154479901
548626542
222818195
497578128
660771049
178928656
443400912
466542781
740467369
288790931
665532101
76750436
335962490
493755248
527112561
223505349
697375500
226562505
26233018
621855274
85483644
439547824
247422616
508297498
15026322
279429556
302693167
861182515
102343105
172398150
331670558
194604855
140181648
901918146
64244710
356922540
3511838
94192091
294720712
444847390
438395182
414001024
211217553
705905271
634821370
474382493
74422103
141231304
379798093
591195092
797183519
328729992
260828644
35221024
636800487
377827537
42926939
234412400
553530531
55973513
185490907
538384518
175644338
95382863
274974358
597802566
698186122
674348402
743810245
284304162
736416155
699558293
442635116
582449579
46435308
519292343
74833457
158884515
311150964
317769639
112670333
764639531
17404503
123770043
380422425
281375747
150439071
345631954
112687540
857848098
151944269
659991480
173977666
475440521
726067
446460929
162807598
47602894
12055202
193743503
44855658
788894336
83832727
690547304
615029971
31363878
395202539
488136698
429062016
168704541
445748248
360402348
578030737
4609986
601860845
557750312
748778582
12057917
235473988
608857217
97395733
265715208
631149732
851676260
52208582
276154316
15271092
58019974
533100702
1743711
336838842
134409710
122160147
531208795
514912059
343033040
573388380
621281317
631941554
646136705
491816992
463354552
297984960
350915915
346409547
587920823
293952338
534124092
366849702
684599880
506042455
676185817
616727576
714853906
437419820
125626298
7624225
474435263
966532248
541370512
212355420
224471197
19841723
104581173
706861225
152678786
85207159
55347872
359361456
761893527
448849961
95998106
292900197
327854304
187711974
142518816
263352162
176495487
171684244
193494308
517397181
333262842
279801066
158144130
478973567
626005583
193966613
212260697
338515176
53869029
268468317
1023874206
136872956
590740117
46210945
175233472
347065165
607629226
69838242
787239557
424307162
633489745
10626739
58232057
78982628
238491048
375869192
339433578
402600401
315445994
632491522
22553451
151668487
667064418
649393771
71335861
655101863
568734321
456060474
27941728
502639804
828671095
17921498
58413498
188923620
796509644
500662668
24307661
303530268
465009407
764077929
270027344
301767757
307974494
213120436
148515004
301482346
58446028
351074568
1731052
95751548
190136209
265669297
216200813
379761405
921650774
33658144
174331206
259649984
624485033
159432705
262920319
181224564
132212907
270349492
571827164
132149
386788717
255097496
90865011
499406930
760365518
165468605
604629379
105782096
32738800
353489733
392572226
636443511
41255546
187785149
796600468
36799866
444046255
264849707
171650493
402868757
70647217
752978894
665632896
362342265
954507259
73224362
684346853
437290222
174181154
77447657
418284982
608594092
368078945
149774970
81892612
114253677
636071328
31905360
435990558
697285146
79206855
289381536
530188476
282641314
162907526
710260362
472616417
243857593
454640148
754338340
246913122
96178941
708654650
329805802
402726762
190154779
878845640
712280419
605406005
457547719
347181051
330674422
648250758
413512090
562006944
591361376
748656957
45199648
552421576
6008546
387763347
329487137
268878248
528951071
209793908
719473984
192002012
587795517
276172910
398962355
213079152
11970376
162682404
533254721
967678471
168643673
594277159
302972496
972195790
176446361
150731568
111647274
8412810
24920377
363084020
218944258
128718767
451531673
48561712
187472338
78304053
382981541
127163486
660634405
302588710
425789146
331852976
60291197
80932482
436429840
335758315
282161687
165199671
907732926
553889827
302837044
95985607
343476398
741480961
563898624
483483490
305519370
432186258
281231833
175198892
492531541
98002534
640895262
253414449
670714123
774374684
109538801
794669783
323884545
17157484
219082839
562744444
188301652
166680850
315853942
603318644
326041058
789048058
141479286
328818355
338359437
695975770
354598927
302640871
687999569
160609441
23560244
85668655
1005891118
449334293
323520563
278931903
770155403
837583827
719686462
403353084
765690592
189937252
142139099
262249527
420705078
64474915
199131409
621705220
280775745
43521916
170892523
533755241
791024325
433428225
946478015
390759794
219269845
177668956
41528421
419028323
813792150
469021193
121566103
586399930
433572372
174344601
167869286
12825068
159134486
249214232
94966966
244447717
9233647
356772107
185852654
299518491
422912085
861616860
183892954
167992255
116934894
361386321
185599970
391480699
212175752
98353184
64473859
339512694
159643219
232025543
245535404
497374883
133343131
195252686
528013062
97442440
123514350
440338013
144729761
373998233
162903330
19077703
123249481
415263483
283822065
439398372
84945715
69127554
610924436
272816843
83393065
160337220
836129899
555231871
25981957
559686517
282116265
115058792
351900080
390102297
743527134
268237483
777946308
255619012
133563586
340780033
154876396
331019519
652184187
75450172
715174344
53986966
343744457
17452375
439049301
273824184
47541088
1007362399
14746397
142198174
116535017
518857801
499608681
97411439
198916364
331586916
600762555
530599163
291870429
263387083
6514484
130583988
438214843
689780580
769961976
902587315
26086835
515821190
229746346
33509040
360385452
240967857
279634050
749456145
134625680
869206582
435865097
116070953
70173529
5543434
349751595
70091572
134825607
41498920
916951100
699331186
411894922
151738803
304196812
166778881
937763808
7395751
199040217
354004179
737774074
143092215
619604599
94169246
448304029
156902290
421430629
683948572
5713031
276026323
48145755
472917321
85558395
206737597
120525374
562960600
270925352
267277927
569960844
3719013
113795441
272679296
477237367
347464269
446736961
722977583
531284899
298062345
363763159
308954998
33380947
151279613
194759905
450726265
431717423
772433748
118008511
142102148
993602099
30414543
118566382
364729163
192166970
159275279
327489019
324894124
595066736
294773948
373244623
188222751
334939208
321665945
376198362
808427221
653949526
595201221
486873407
685674194
469966269
22987259
569210569
244174191
525394424
453645533
114177789
34006296
347430320
756515178
615729840
124435157
361977051
185641089
318629459
108930786
364269723
251707123
599689522
82471855
276868520
482456214
376450183
485690506
105805485
14373108
559805930
717874781
259143875
156926367
170445187
95035225
612005090
324645898
468773669
709012510
350316686
727272136
107499632
451008379
799083900
162973652
93633272
151422740
377360480
261408512
92992913
69378939
258116876
264743240
4135310
376662999
64457171
198899272
625414077
435126965
17141758
584310783
444797421
748915675
627231081
121286896
294168526
2008517
49515325
314976992
157568844
622116487
300770202
300792148
403009389
314847504
71058538
506579857
830760497
409370275
90038055
528033652
609667102
214748268
577575146
276651369
101655608
725893026
294290206
54445874
570052626
131220266
72675851
109174121
937440364
321034298
883054516
599976506
227996316
214340807
153373294
293759650
210116681
79097464
968233846
451234242
653637407
133897500
437059775
270251212
407341374
64302914
405721738
632440239
349655654
220689144
347901665
364625714
218772867
85034603
633769187
699430580
457295588
119322596
90822760
427965034
675653702
169652890
574021439
89495557
429059781
691523433
307162699
523453904
243182185
404008843
492249885
287028219
432772530
689725422
258005191
500461945
230836101
730385550
585593091
227531466
261369230
915275738
154618406
706178577
189857485
929752676
207459148
875836174
370283202
254992250
148294405
81057620
301697733
489250817
184444155
8467626
89227847
237019835
7613784
179449498
155891439
665392963
23556878
468387805
319777306
748510245
426214590
8645788
35399842
450675722
215107273
469183762
852336975
601942232
174042386
7194734
193796102
743998533
109828917
59450802
21284625
782784487
32370948
644230766
124471086
403677290
663992198
584600472
750751389
227033221
1358200
349290624
140036352
839869329
558089980
248148383
212435626
106139662
352558377
30724434
295669131
171478392
809256428
56433126
420354645
134421298
205430926
571719607
553048582
135467260
1011379014
394246729
62171259
86233782
435092984
561321198
163545919
47425269
855857739
607835820
155721306
159329237
352685209
351702607
537912325
533376825
337180499
187560884
2566868
411405790
473018129
554961242
290542319
144077739
785589829
244749130
496132426
547349257
384655684
420603117
462920994
582917711
277726412
231391083
966895300
54378600
240560820
804524389
210727836
115670339
301034883
397177291
73897581
278987143
68772974
946989907
272614521
420709662
386478881
357199210
713102147
822883588
372809205
134718827
289886316
526189723
274827439
144850338
259113988
694707572
520904809
264086633
195540321
459904306
529005127
191456508
23647504
164708872
190999043
834035089
666201632
400270231
159147699
97053273
39045795
66897070
683901980
255821211
563146261
904679107
78881941
66332924
248472129
59523315
740353913
730354536
949729719
474550741
21613737
699246056
56776330
202626330
307976507
221025577
282316152
114332249
601698859
601010733
46769468
887326727
212225536
452600647
486532947
607821147
129262552
308814052
602353887
150330205
880149729
780676999
148534691
521157112
198365095
79625687
160356914
710003701
451928427
5647664
185896169
631468585
184414121
238631015
773212125
357371821
600581436
73627791
445105191
762976219
37061542
36485251
518146106
797772193
769452760
117938818
296442455
48006086
446503046
688969262
205314649
328930694
220488536
452296743
367647228
259046515
538517637
337414823
932201183
232748097
311078841
59450171
163691609
278174016
258469040
347240321
704190439
68653115
199095142
535241283
85626016
22479089
621198938
207294584
809001992
448122966
49959304
162018722
196726094
299186676
227005075
104471537
400451172
42837838
865672368
956516125
651746862
626786710
237150241
229423916
428524186
143121436
403594014
210667996
10084205
61352154
567738391
237809030
445916172
34880416
563620213
242735292
45137216
70507209
92691075
229005669
272067796
383443
267140026
138947576
546482339
32339133
228045248
25084308
1050964307
953871373
198963283
337988654
253437175
440993144
682570807
424084372
554112271
244957282
409473608
89229559
90188463
73583927
517783627
332902923
311820463
213460321
189594802
463814562
109337985
337927938
723845475
19745783
358575755
918073032
311058078
725829625
35270844
481975835
514399340
99499542
500739161
457250687
673158516
271246936
537948835
730603514
408942668
791651398
29258785
192265395
169153551
977417772
689559150
573620030
407914680
55958189
243915460
460967995
16225594
598282900
719189955
257701654
605704729
466084028
331377947
87845844
272260476
430579054
242723271
54470355
122052049
25843564
351434285
67278928
46105914
512640688
439510414
145727796
520760567
350686445
224492393
396246280
414131742
901054777
935532927
441910143
30819807
113351672
171597647
737353162
195585105
10562283
547220559
335250958
650823616
508688595
123720395
23344220
417741590
78177145
141240172
150865640
346894655
203383046
93695301
22064295
23534761
581867186
244532746
338593868
68856947
126627578
10609568
37856788
454876502
324243909
737324045
126988959
853631021
249033222
242549115
352756738
819573675
384559204
376211758
114055442
515218851
85254673
249863480
887847125
681719810
295325009
199285065
549787578
94366802
581046372
727924388
379642037
423050494
551865304
309380888
519774901
59322344
226825714
816528341
67034722
120132926
385974007
60511295
561146695
817699197
211626477
226250884
605885917
249945817
727270709
444118318
241547794
109109269
435464786
497157531
751149186
739016862
205638550
186968643
57197622
245058717
621624383
120700957
370885183
487421232
624791712
418582085
713706854
693691820
566891753
533323463
72371227
521520797
464830899
222055950
646624723
687526720
524928695
32033834
193847385
41818669
391722301
711898317
176498216
194937463
906587525
733237064
244788056
731513440
149654433
175462445
665592656
229333814
521689564
345263325
667261375
39009673
333244842
601091543
177506961
33053755
1000449515
809704293
925782506
741599528
54462441
374274486
411214018
305691180
690843649
234041300
174654638
205303929
47341995
344952182
771312595
730260316
176487232
898198643
981804048
131821601
11639902
612173176
689608859
454776967
238184761
375349879
141101366
165684220
193072977
953337484
106189756
338264290
472759446
912971436
294523286
146166475
649538321
235453361
175148190
852058599
346994480
436925789
325900525
338452834
243228490
199374703
193826821
359146513
117298126
841327985
378168313
621604558
315105796
44795974
177673583
40600057
162944635
338717579
27157236
80232941
582033813
378941755
96434573
375498617
356960927
480684400
352508565
193187056
329179970
507623479
129757332
116554866
230162586
132837808
194598245
530486768
818382752
522993890
411985373
467610940
431666034
242457635
509723801
269541047
112536111
29145143
490896010
434834908
174279573
41511954
593256799
515930116
569131643
180926426
130340858
603174014
223598961
627542239
398012568
885554650
221317625
454996847
1013270776
576002292
522008609
700687074
243364643
527795915
519952682
212234327
36223307
66458889
271611546
160455238
78503268
19817476
457283685
347200815
463267220
706934472
750950490
466068421
524132717
268170229
434837489
84928577
423716414
291363879
312104219
726170941
395172705
60460054
827148096
401207493
372451431
267815279
178920818
489618235
240908023
891430367
293198656
645865249
185655141
24204534
3487072
325281420
91198649
185246873
277952402
359448827
693275532
757177832
282008873
146632641
264903434
314499419
497308557
164655323
705413106
322728745
397907182
176448958
16016266
782627356
783
169787066
132352195
738996696
492321036
542589681
758401281
212525247
88304446
462821501
947820963
76364671
249633466
171471066
15850854
148661880
434225281
180005173
332680652
413687399
39637429
230926729
535230324
407359428
76786663
776488715
342459476
105327121
647609589
393866040
663853925
335799598
481462242
740032956
106845612
382296533
415184091
767853775
101573538
361847485
703014826
145389259
164903665
670123391
175559046
53911099
158033212
198438568
440348589
864903776
106406534
114813072
548949958
298766397
535381387
295608039
628672815
106008228
314063679
116765762
166646952
2986612
587198544
156014087
710331646
814717614
210296842
249856007
283061394
299708587
229354435
224165360
121498452
12256388
363712642
48831863
521419780
737813535
273134182
540876453
75734024
87487941
388726007
290766888
487045582
33054342
248760137
881569455
383354515
104028870
586224278
617124768
701011221
784618657
370500411
620305360
415985837
206184325
277877405
20022896
148611460
566226596
478793016
351658777
159587029
117662370
161475938
633518375
255525007
77581426
269216175
178372115
183420055
425174012
894667299
580309844
420707448
250227025
79019508
680866204
6558575
320148151
22162437
63924004
327930057
416534871
86540645
660540903
234455584
450164574
32411164
379205522
198869137
178605572
68832740
851808621
293748670
319020942
318527530
56809400
172585893
314701372
150823879
285952569
4201472
114227414
631857987
125112179
249289598
520408796
617861359
94479361
304493811
24441539
936477590
242184493
386028429
230016839
133679814
435398244
502174566
470089190
168561180
513943941
449906381
2074956
234280334
112214920
391764893
757129492
69269336
129649167
468009900
450114155
92266206
31731820
29106250
685091818
242198423
933111411
789356611
168435509
114216858
670113172
448397295
385412502
309001987
434497306
806418043
588162034
228625729
435259957
397196637
1048790008
60949348
182971992
785114281
87818451
32840051
835443534
224740691
470378802
286291860
829359209
459405183
368941577
144770592
8521707
260786825
38183437
188042728
105544169
417447025
16962409
272248538
515327453
689215591
223017331
436827859
35603731
846331985
466294701
453150715
816536414
181877702
120922293
188298965
357003334
604931495
357270480
398667051
266606148
123622975
247251509
49039195
246318393
335239445
487457673
937421977
19035747
616016655
773765217
264254902
771669916
182795133
833320038
318787492
26460474
317244862
536816950
476588161
154244119
213361684
194074084
86467159
995830317
11802536
398025839
456472260
228728289
73848303
538707340
127454587
215773731
345439947
146641058
786859071
763051477
115499000
228365922
213902681
255767392
479568000
337929326
411835968
13018703
762787820
183485937
344754590
525641762
102819284
172689999
334551219
608370514
223597011
331743235
303284201
74751555
544778911
58569762
459481857
38437797
21238157
529290895
26750561
649006097
438864761
361186283
73582089
144845115
627284273
194636487
743468382
108775050
98157112
369607934
302646303
88607687
587561856
40796268
482713313
112031357
30535356
45255226
77112935
147947005
798007916
608688206
30333596
253792440
13058225
561029167
261622630
531527759
293556993
503002181
14166355
724915754
613468091
248054204
437634953
761586089
490428104
199712099
8878509
558977245
430226633
547123041
127418138
191072620
63344403
20497597
75456934
397593890
368011220
446275642
93869972
234233840
2164125
424368069
174103633
544727529
66112957
704977078
592790021
406026496
565958681
824014993
38400170
183840181
336980185
919169647
705207081
631645226
397752562
663488871
165193334
386371964
298528429
245245785
115070369
206265595
361326487
122944511
605240954
388998772
826863548
468053136
435161240
647463590
511409132
103655770
433689053
77470621
790061031
567531681
569701750
140797191
44865502
552007707
654394841
61393898
272617286
605723931
894514403
209336588
251827271
676583416
139202299
255171804
197567999
269659393
221806798
311390040
180153358
343975250
39716857
359211919
266364402
306307127
128817100
309244979
604440
899969387
59988354
279943963
358659231
238341736
244194746
793993073
429830833
354015247
42373764
384772704
496556723
294800407
917209710
192671579
412302037
150476287
150403444
235096651
348432506
946185742
375388158
37828125
750464315
525767241
312448441
9493336
334192068
66713251
283165639
145052908
171771417
135442181
115441614
192613697
153634358
260691826
353158225
61360288
10420300
146977935
812680806
417048133
134545104
41209881
43448112
345302852
65250014
68572744
492459407
64074007
172989474
130197529
454216518
348614897
173546092
253404980
620347483
108277998
189208543
876609778
90084343
62721063
460383646
328786979
56671294
655471866
429006812
273461653
84700243
515990411
178322183
75526036
366583489
285182227
523662822
210017679
228852934
252211789
71709251
382087063
310406827
513174285
111901284
38056017
291445729
127131092
410327015
354487719
249036490
183975883
643300567
655945487
235732191
6136420
602645081
186021703
814746890
141549603
890813942
53452528
68551133
109391089
666377163
957864163
649718158
348555145
218398504
35466370
139806720
353975471
463095840
3949523
366438106
114023539
491894572
354754472
797848463
442408545
322401994
433469957
927130660
601076814
553222685
35303811
430173511
350037483
940436653
494838822
149515142
474553429
625780196
583809688
3410819
198580995
4942850
381030682
334058507
103144066
312836176
137585672
75372692
293001085
452935249
66664893
303743280
219695805
291589529
377907104
873654559
529219931
430497733
90736620
72452081
81884350
285001580
205487234
178452998
193033288
237580063
95045213
99229096
31619756
760780123
656725937
298434434
451632954
459780053
26765763
291394661
204482413
305284264
341723122
163968936
361650845
27648816
247101462
697534461
80139700
445927972
416718148
177469043
177083676
699528091
437867323
212757056
84965309
593652148
626294168
198924511
26635867
385840883
836666825
213714966
42316916
562600089
586475940
113662684
144253594
135899547
588966095
549843983
796162904
37051226
59275623
1032087792
117897003
691305862
941764012
680356155
319568349
192618068
684918174
719274806
481831065
480251715
625073382
212207454
332467658
480971489
665509976
691300242
173008607
242402268
446623150
535937342
614038928
85968149
349709453
171326702
181149661
589830500
294431089
556586507
26761950
369117008
240533594
662440535
397429667
132327863
61614673
782301990
770068073
174937785
333164050
814221318
115504245
62534815
185276665
641309581
675397854
1000978122
161631076
229520039
77428228
830573218
157818761
829740795
651016511
779771633
40174768
80013826
142135918
575757907
160122807
119142907
59113004
268165499
337787909
115142274
467197872
124133730
223656589
140254113
509869382
800964177
148942216
311582248
521311345
39165104
458837355
192709835
840039959
636049598
231714922
844040708
952417142
442139541
418019082
3630352
636701618
48569126
149723071
69167783
509565368
534650825
533290571
535651186
410432777
1018696882
790466748
594533455
145188833
304499834
646688000
254843728
549396557
81031766
493539811
434417942
213406406
490490658
115611572
96633203
593840076
202778592
228303338
491401385
547867088
484379458
593440557
211154103
615668888
12321867
291171935
89086005
264655749
676501467
536249969
170800656
183076499
65839473
176898095
429132872
33561341
99751244
207965339
550451007
856520189
282017774
633735098
268851197
78241142
70444223
185571345
20797549
190687893
306989760
373636821
531986267
200004972
189883167
320063733
413742192
303738466
716771204
80717293
127473433
121184644
225054567
388579591
769723988
551028029
915879221
130735168
141360283
33316870
436452116
496660730
28622746
119702460
580782190
79549717
416221257
581524413
6110696
229881356
401274437
277824546
96455666
729040308
488512145
424358667
9584998
196888247
157418447
960307866
75404614
988777066
748932007
3338659
114064107
102260090
557970553
156695143
730746032
397153374
34662997
336283787
353751607
79135861
143985136
30293228
131463852
631276018
228287630
268462112
552379792
526935494
923942381
84454357
241985704
269358071
475900237
200774296
495883552
194475708
345821293
66866335
98497095
806452818
429336608
473473185
376545225
42317756
121202343
144895320
582764809
483215034
157024618
293251305
757364654
289203097
260135701
372655011
190509747
30645800
823129127
184815580
59914355
287145755
462942585
436518893
122755735
303421296
392791490
539868760
411612212
573697045
644732252
229590653
146390462
420808019
787611632
239686852
92653079
150669840
188472361
352141476
98737359
12277446
493056305
688370544
361433732
593817645
441693002
524668443
69991299
687164495
787358084
106909403
175204518
480749940
650934563
31313620
429213119
43390128
623107761
459271221
14591974
477123297
134816665
149878304
622263515
450001402
339080804
223602114
574395923
859889611
177063170
202240539
262072763
58180450
182295730
357329564
389980143
761397175
665440136
461081751
514550287
461647601
180292687
339830921
31852642
47614609
437034790
25240905
269482867
229805903
279598060
44954966
164041201
256126767
73939025
140654107
625733585
142532107
29587347
299577167
45983349
475705328
255898912
235669712
706951154
20685407
317096809
113807868
51785792
170484917
716811123
702251705
230101030
871793581
586508834
150503326
635423431
194471372
514516277
358290407
705052375
218676647
63342445
770800180
155196268
123246546
94924413
586256005
239671850
26883645
93427089
915619674
679810643
184943367
314340719
282103748
101254917
714018598
162492579
637724499
112604527
320992961
30628931
511196933
227943484
642428507
565095876
174110219
299432812
109243286
428401701
376928538
564804895
187736257
397932444
19221476
678876148
672309435
160753725
261121557
382698287
650044156
396866377
78395032
61562766
310908903
112466907
458610220
570058706
379120435
284629396
541685092
710506542
336305637
167354116
90274140
200542398
869694857
9961941
527459922
310868326
820232731
467011352
238913083
56077269
147640595
140216115
529678332
397222532
490575168
42091126
634198327
69131533
797689846
346200778
296014901
5717664
665387141
540737848
607593216
312339244
540373174
223499291
103266750
95961492
460827094
258264207
752559363
715478545
444186975
435550716
506434073
935602709
181637876
340735534
196531484
157809315
435906502
125736991
108075144
59824194
48389903
306415591
531580199
187865429
190590646
81326266
552375073
380621156
485559817
316847388
23490655
664830766
222742299
144650052
37775109
162575081
736923355
573369808
177264666
212876036
508660459
43175787
330164777
757084284
476793508
705854493
525496093
930336830
184840367
777425275
12562318
97322944
363762581
168870007
356867866
104917751
400925588
203301036
199406227
308600691
395175407
115663727
298135996
914052342
241991897
158896885
675966634
508959256
53365486
696081789
480243883
471947497
282843394
64703130
702117492
181998614
243072142
48212114
408329798
684974018
171147859
142461533
1454925
497346294
435623094
336885502
79981240
669713876
698514900
195570324
252605746
576101098
415616938
698081446
46235986
670258409
138610807
193404492
57763035
238263976
804061971
453538313
183420635
413170579
195753960
786314536
64264638
171338848
459095348
132424570
289533696
552555838
47811533
255141348
524833246
300764407
955973411
649722346
583625616
301049522
29894031
288059926
76805081
916902448
395418786
649689242
120191959
292013362
849524650
385731201
708814771
1033241313
587418021
649101456
198051212
569289764
157016837
347714218
700464397
498909993
489592365
280020681
409354085
463589022
475137212
232625699
669252587
323064169
20659109
173153992
339844761
490251191
272940525
465454676
484319241
296068167
419172784
931903251
181276746
190138999
304170242
620686501
406665875
962953442
318979742
502933019
230674185
117365267
257997043
653526625
624149981
360401278
493795620
833559617
245656334
48029164
231938249
750137142
20497108
896019888
245661655
765482750
124566458
771772438
14137837
132608886
566607328
541356584
284693687
251240532
104173213
57531110
368035071
457550725
438662906
332145101
845551106
69213666
105226866
392446870
57870054
295873474
423181498
286927821
760548410
444399914
132204718
313913817
130469799
742027451
185938828
179433825
330660899
701539266
492335348
50111247
732018252
276154774
583022399
435436548
573536814
603155747
716831207
336953987
471168379
240740979
1449647
804742654
500547595
746925554
233757215
2983892
504781863
1060151301
531663214
985721978
99715222
891033133
498896687
695982312
607364555
190790714
169812774
17357531
226564096
355312830
383333154
461354335
19390555
243640457
63995707
268135587
21286065
24570471
230103954
275365516
187686645
206484551
283979680
114282318
232052757
437105665
28820003
58945445
198519140
71481846
425517430
740243193
298018612
835838492
102384528
342827520
340855008
535251712
438237845
215563437
402632819
200728482
111747601
632905696
267280285
733651698
721305777
14684027
482123799
102462245
330157628
90611278
220211787
55321293
606231960
140768703
313727507
88963049
203413985
145519359
303045251
85967070
108287649
304130408
145352746
732407064
271405550
142634296
433782003
320447266
199087330
621221765
608486238
143849272
549857514
282206650
559348769
270034253
132371328
399429968
171977910
26303863
123489440
590333180
853269740
765941810
563160551
334256780
152801240
616575030
182880821
102684186
142901833
493791384
304281725
736816329
614776604
210226989
156174761
303440000
729359253
322665308
120503218
64030847
238014335
386928314
726340715
570075762
228820764
664543325
213592406
395262684
145652855
157699299
751197326
563012334
289870657
607206938
440677651
70089670
108119785
783646965
237532748
292607479
619814351
13418734
264365731
728450494
248745826
398821106
36561738
313372530
451173451
540376868
361191579
900562112
413591718
249421008
239668504
313642488
95535346
77158992
118228111
667867680
116062191
26581227
261534452
224489595
549796263
810642400
379543922
215936852
268688412
292103664
487618220
175963721
323867468
513849131
219479100
19706000
485115580
208770631
444122578
330104158
843051799
176680079
20173469
67331367
524189891
162811567
542800300
246638269
653708233
222475571
205387040
290923030
414029748
24960108
253770135
151767038
182286526
179507540
367494516
930218506
708243595
207800511
605691831
310820248
14718186
1553604
102321283
755978973
240007372
151663135
338716675
40542093
872730746
861923472
468001841
155025831
213891300
34199122
525063117
645159391
163902648
300849555
288585357
239389324
407859004
458143240
36301271
403031785
43056513
431479442
151271428
75781407
378450079
215944311
567108865
730360888
54877895
399390875
223592815
212194237
808836364
834831651
787458062
527077011
729821000
277526687
428251425
287400995
596126371
832526287
522674590
379263278
302663568
1048091688
432031084
546745414
595084465
34427022
621061161
13586659
84773441
308275736
108682936
239511292
7998227
208958928
55689533
860210558
583542772
119835623
484254412
788460379
602640994
489368069
230714920
249817651
238415289
113392830
79475174
25807847
365371963
19504076
652918060
838483398
214845811
578041137
785219969
972861510
333258013
259399998
560838888
572181075
746534789
52732339
586389315
482237874
271585745
328254231
740302872
115801336
716482862
347244364
475981640
151443598
877219260
602121003
40699573
381441447
820935758
143131225
232816553
794157007
415579565
795237414
444427589
377163286
108120836
261411650
200753641
115338226
14455344
307136592
89327779
113776091
628132644
71536953
586603046
819823033
102205207
886834890
523908775
299034197
296934615
502273768
967847982
389330015
282123460
85354544
254554244
278960813
107890418
544769504
125397119
290654004
320373550
861907801
312082576
308231104
165400205
352568572
285834187
450196312
308429329
92168635
418929622
336490768
170533154
226781615
417482311
835837762
706743709
223057984
58934398
18976449
430176570
106202173
348233791
14637735
502554050
202643336
285666901
338515331
982758090
531893152
232682365
369122059
41642005
52805907
53875647
960309651
99978636
253700493
975238397
674009795
586964503
279104002
462680560
279091991
180821779
246704833
510820394
70627239
512456877
301853105
541601076
895253880
123455765
380732657
41954771
138526764
350807852
474837012
227442524
11727563
383779808
20289724
383373813
681552476
124378434
218734229
363028204
428607648
17017581
95814850
139950745
799808990
92658224
395371194
655156737
913697006
322615111
370737407
370208907
98776872
373190562
678960823
9365814
138382240
631339558
63778817
348728868
182868719
526166790
82750110
297931601
547445628
567096906
156900058
455448852
889597513
454083495
223780388
436120771
254804455
15013846
203186235
416500212
757837215
78937261
378699689
128990647
267896476
25601246
476488674
225889091
553688148
69170726
493709564
97855105
283953793
631306142
258888178
148067870
288469762
151530380
247212647
178147753
650455562
590524991
869264825
262470119
56523828
148349851
78361276
632478856
548856089
129965886
526181819
284524671
734401906
402568967
631846599
198348646
560198043
651617683
265384542
293923741
656726987
145140835
412209603
26794989
103832653
275118742
378804148
420521875
539261252
350519234
347273028
764759060
391598548
50016790
220384192
959762468
584239226
406919094
9788519
521986571
380798370
5089474
83049677
945171287
81558870
60621717
370350898
315980453
926960522
86570160
453945258
424184297
281655990
14697213
312227030
317681248
188086731
125955821
592414291
193273932
375866755
179572154
171974346
66739041
250297118
459987457
197875695
367388330
556838868
223507192
65438344
173403637
545274446
423703061
3655881
237532876
175954399
130919699
694541221
318774224
267241873
385335869
50231470
292345384
18155160
221991036
446860068
89858995
234867472
155263504
774917596
540835786
583556131
223505286
578826126
418038411
57722002
37979635
332036500
257623045
388982130
141167598
748695934
251338032
652664909
491396167
168719624
219960481
117458618
746788741
118406558
227100539
10984284
102032094
526855038
217662202
360996843
236941246
610952519
522237519
627351290
154459649
394727171
192128561
50216486
78103766
91252613
54532494
371410273
274441009
550461557
258792423
129818447
272524501
430102341
204811888
138678742
435739364
186580970
436795976
479812831
723126842
411187968
14539785
184404641
486687625
195556534
705973755
242756333
59717318
265870736
270480596
488135580
73056764
557375433
110363603
474056095
654862012
136403812
97398921
910327632
498455547
246884778
784947295
342490669
593694327
260030910
236574155
67740903
118631613
103635020
829092211
324385345
250540690
33017094
509051774
520823173
486777388
153711946
89820665
137649981
443708702
875588103
281192679
156782780
276203059
388691655
68260288
23280625
1045334860
430677158
407309226
330521208
654111093
113541806
245449656
85191421
597195762
255716022
411096419
330867491
478198124
13037227
738384599
134231503
83804313
625896710
67932623
329342841
182879108
652636051
836082455
459601894
270584029
545510272
19552450
687083113
2355436
625483829
347524890
429934787
5321554
101058806
197008847
132852216
152546434
588480910
209223443
468023727
254987405
442856700
432285829
334829957
293959518
634796588
212430758
387703272
38425271
91967759
579715876
772874341
152545044
385683361
78070416
733659082
1019504395
728772464
404998071
427075572
301747671
263876116
97660639
871374810
706634402
62692606
609258678
477647990
682006424
768543396
182853337
788429964
59400915
167751518
142934266
557064406
160409337
145977429
416228431
325161742
509768118
487470175
38129571
454179082
188773343
776831337
57708830
258678517
518569728
360005629
212862376
304967308
390698615
483587454
23917656
95415400
148674375
193804590
321069696
354981992
128702155
322585483
134418928
41839934
435933459
297757313
385067085
870505316
428343727
121825238
782474465
164705805
93310447
873517873
87911795
98231941
1015734195
285462347
108261343
433495870
382633515
65693217
111994453
620663171
658860145
393497541
336897060
464812977
761850260
626478408
784896787
432931832
37684531
287209392
687653476
250288661
159084328
67819198
112845617
38706161
535873123
135847436
658609872
521233306
379204919
147603487
656581690
915534850
207349344
899973849
352987064
320513690
497315974
239509708
763146684
493397723
449135262
636234773
849398986
135824904
403603038
240879362
657286722
639140621
806662524
181584917
750426229
115948593
541377983
769358980
428901502
284583706
300888624
418965444
709648575
241042930
310497329
48796138
702915948
500859752
67649263
7608839
11423723
852977662
998048095
139140323
66034438
174154494
189047478
71575181
259553053
181469029
8992604
427197459
137121076
222400603
27562711
42000978
7131939
612132631
24191580
763559280
175653306
589560040
63809262
654645102
369156750
2778697
416362035
42042700
650312771
409093882
269930409
171022986
329678102
250865812
88872611
55200938
507883453
58169316
14678905
332392121
331842778
14335030
756447708
327882049
879613285
179888337
414023848
679231603
525196190
784075044
430338937
445262475
327411661
141752276
424120443
546488058
645376685
402516446
347156529
23246648
455353944
325986017
430081546
220672426
723763057
897343341
267010529
72680036
8179840
130061368
500435483
438247748
192945749
943950609
515833133
698339780
556951648
319944995
755573193
585270200
436389752
409742038
349959959
262853078
420204349
498529496
658706118
554559590
30720574
182082638
612003188
1939322
796493163
230696600
237545381
209609162
341931690
397175758
24389326
723433357
565670484
533834542
476882891
386779160
187694252
787394045
216459308
232130451
610412160
825941585
57011054
624373408
740204782
86028012
163518892
224508741
127434476
218008370
284442961
510369680
422103646
303410471
123182928
424631541
180187971
288808951
101922533
405253826
749589663
84160738
498126437
479318074
824214373
116340603
22695391
501301904
226170675
665117115
505645478
197047627
840020521
817201247
1036979782
152848074
251254120
170871534
121311246
828020074
326377534
382648987
38324282
384418789
229688951
373688245
212630279
556935895
556871031
528786527
31902623
396771150
294149209
597850669
2304376
185026779
732603475
137738733
172710869
137341063
196517353
446825752
769591492
541932426
41019300
207399287
320772552
544970772
911598612
415778353
139789292
31427044
936992529
398680808
81620469
55649843
630947560
264625679
386046642
698282317
434545980
668532615
23658582
261190551
176322000
109419384
70366186
608103856
65794998
468834183
87074015
529885801
36859950
209635729
107352759
796664663
245240436
240871166
7284793
234336801
148536476
117921916
58001082
207176797
698127020
518016464
473724019
280949594
669405714
425574970
75555782
460425067
270883056
328162919
1037337392
959533058
839649099
974894863
781450292
653344242
485581029
266151911
281637742
160760210
464738695
74315353
495265545
433841254
524825541
264484388
236879032
991162674
322731434
325873780
399557377
487063821
206792535
155659949
609074003
203684249
681052999
500786627
36558737
742825528
481710034
104199670
630739385
160451917
436504944
716733734
7061204
631388797
413218085
937939124
97001044
151716991
49262471
329773626
447406114
30344478
166993122
95637140
963339804
109380657
165712059
332002706
2334777
701386593
149791607
658880484
35235930
476291953
313202621
516775885
545319975
292131619
342873924
5923530
749684629
329763504
225671870
190677572
178461047
322740701
458191967
627034298
278338830
657099268
136408429
198785132
220258574
503585665
347830346
118466777
103592625
127793420
67863751
164034914
64070944
463504874
164600371
741602419
334849656
959960631
824881436
162410250
129388471
384100699
315023748
17213218
19467016
581198363
5499209
657191133
114198561
806014359
138742606
773890259
544447493
40872636
501558158
249591100
105542006
54467150
200157141
15267171
196086679
19224950
127701689
679365770
211317648
162427402
234226343
23398322
250460237
493855227
428428893
515309321
805721400
826444642
264034265
209799521
44229240
429959312
194197099
256818126
323444006
256865273
513225214
595957606
174521419
24446490
719520712
798111508
322679125
509801261
305074724
9328694
761359990
140070313
594642499
349435148
360929810
356578801
5672743
9309686
331223080
47206043
247189070
289637864
158572709
21391182
643335731
324968436
186501907
449133170
154175209
630377384
660469736
453381735
18597575
90169913
426182260
170776985
48769004
768193747
23700505
420130763
814084479
81083579
121550502
435184089
540000257
150373010
5147304
687473058
176917705
325522821
13117912
467482256
396473738
413487975
180408644
221726230
114417873
26092791
103645780
223609139
872016368
454657513
27513828
701979262
546065134
342181335
30670002
131896313
89889489
437655444
314803503
702307240
54493388
160925899
112716224
6332911
442363788
445315142
878340923
596292360
149896202
744830723
243867779
29168519
352118619
317944098
81420712
668961790
294004257
206339407
341900719
169131208
297861863
415575627
272883544
64255133
858331771
295939988
92515835
487799491
224776697
191983395
319432556
501358148
767530191
43155589
514129540
256152077
260326896
474582360
396696128
434117999
212186695
504756393
45363447
732205792
196608482
261723925
802115321
769941726
164284344
231512991
77185623
167921209
23555549
57815150
989723823
42270760
197278442
342830325
769308575
307319725
69691163
182507100
37221180
31403733
184121275
140772145
397359898
96243984
616775502
776067275
149400499
503615390
150790082
199858777
20351275
410807734
798824820
320852959
761273422
39987635
426795606
835360301
343289254
219580924
139729670
31214392
711908143
299753989
221982487
133353720
133644707
507348680
130908004
683176385
858025287
242291285
90087868
174384687
117299146
435921105
243586661
43699579
210692899
290787965
98236838
368860698
287756187
121692239
778441760
327229493
151520592
124106193
45077135
9507850
280454660
703912289
126288238
221793258
240257270
116020802
470034758
292841324
60885440
216568726
532166357
207375833
5549833
5777504
489042059
25698691
628887305
291973054
277664027
52367077
51651961
777517596
18701827
226634300
504928396
661089872
616596453
17197618
272189481
331156609
359805222
68809434
25853302
350963163
50726629
704960597
555400241
246675118
234007432
75710096
10750763
320586872
529863649
238066731
529909275
141346041
796051891
666024598
327848199
124405555
70305856
194122023
422095782
612920514
691202515
491309659
233680156
82303583
612797551
593314628
134921290
16935698
97675612
330932470
118535012
292147660
378633653
121183746
796041068
195341666
769782468
817791073
21692071
243548185
417110666
174978952
77524308
141388595
560402636
133209552
201359671
258215390
299914978
149571749
440997202
192872569
732831388
370096806
224749899
600648263
602193878
522472223
444156945
10046700
804833422
155729852
179684254
527748165
582090004
174255492
32377429
71396075
681564350
139940726
95725178
108126372
526211280
226605600
98485364
586322686
344819527
283563376
214935616
554314059
791642549
661718912
959395442
20651816
172207402
208273369
88751841
417018259
83893433
260318552
915305878
540268311
492492960
404034976
781053089
457498228
155623603
201527954
291908498
629469941
457137320
35434465
418770328
6384157
768532678
285747242
971615615
132126545
324225780
280815800
235546936
888224109
503962692
19915071
233010597
231744354
155120063
77670367
441503175
263692005
51211345
434447870
166976838
241634419
261457399
224762974
878737943
203391129
255530664
884089261
245039408
916237991
45292536
329116705
64687596
514994234
278245771
630980822
6019705
180338427
706247453
307085264
507160635
149773627
170250558
79497416
622442549
986858352
101592479
277187192
161342140
200519519
125922632
521234505
602334564
876797141
292576590
494153739
148230713
833701135
79280040
715337085
625370201
176217317
640784344
431214336
303190606
127717988
808597597
404999400
687295115
292800651
368189208
16827536
491103003
62523567
564856588
488613045
679793166
353117485
372395402
461559131
375486081
423630088
943974163
83901847
99316526
139760356
263644878
212007108
95685602
54118877
468661099
58655644
64860459
638137900
122666324
68853912
163960158
444647190
454409710
665486058
37284586
153939617
689201526
97160726
124028593
453775768
79562487
320392039
709931144
348401033
472695591
84992896
149196725
72360148
541699456
15935999
86816239
28638024
871700491
228075043
299808943
264447223
507314178
780855138
342659304
593856051
321827320
230112234
810236898
423515671
397716566
210760815
23795522
287080208
215172759
157537487
687787599
102458480
529227409
628992079
429422506
363809979
355492691
399874336
850927685
496542953
666405215
840889739
299063246
126713881
33310932
36273027
109636794
662383209
466455806
279003323
115359698
493874058
347770524
827487186
104034113
729225544
224344923
876531655
128273292
264751690
57841350
2041187
9183470
444761715
8707951
131779273
544317502
296345966
310649090
112361395
80672761
670909684
488469684
279051771
136544976
161610514
200542311
981374133
332495877
246002597
508221421
427306312
6010410
105494081
544048210
568238157
96327406
17934525
443326074
666135860
250084417
602475277
640756516
526424293
4070231
919031252
656083576
642902568
285037303
120468679
229551111
161601098
456894723
303217266
320762682
251902593
373903027
346348818
179755455
301850467
137264571
152088837
195097187
538726691
818348682
351945350
608743216
441673283
343751290
14660811
424078560
817570360
172001809
28825925
505849835
263411087
717406621
105810821
580764392
10125486
94783477
206444223
77050602
34681618
420389512
324188810
627450347
483136895
51920668
51417591
271460954
121447317
776066898
301217361
515796001
219666393
35835483
619165694
179126728
729342337
144290598
173723188
362587783
819058063
654103396
94323936
170429232
38857767
275257447
250849520
721519364
117395299
530916278
820477440
183132407
11318691
173642160
461787602
289926086
211231109
1034089
26687716
715836962
799932579
682824168
342678964
374259443
243750090
452705499
524371766
709966418
20733226
115378888
1056274290
677413575
147819548
36176684
407572690
136678074
15040544
232281364
994184968
88302540
116352342
337124957
251135913
300198447
439255529
232998377
719172012
748166350
231792446
626866258
344122544
11189376
548492381
472992734
257755712
294444237
169990201
567812140
484258595
18241105
43599049
380545943
429947702
770566602
527026440
1718686
432888853
104941747
55235759
250513443
382107402
191785744
320281429
340456716
241156124
176404624
213450521
20560799
266926013
453172741
52002034
400494054
57576846
351287270
620712984
2409597
402421752
10796406
96899398
483433822
195039147
191956840
350044081
81810557
255400254
250403764
302400366
290178573
11072213
655125858
98560839
101275689
800037500
227161017
494129006
498293727
93078206
10211939
520879135
305982518
741657652
767570765
739984932
231983388
291474888
426975028
1066685439
454109191
425514332
452821912
757524248
849144150
382836494
210726311
712812555
330708533
156197984
249355045
652261068
471787183
135437498
474558828
107841011
477303779
596515529
165516891
291914140
623899553
570565201
914309236
639211749
35018753
633575042
433028187
430243131
594903702
44447802
389761429
190060152
797581820
570842100
249861820
367632221
123154216
602855225
396415820
150618830
428572929
966632094
848717770
103178098
495093905
406490997
49325143
381296579
237146529
397069742
409241058
278964783
18573448
714750495
272990995
122997690
85028260
129951930
86110275
181807816
507566414
524937519
28142165
361347432
398503377
663225696
467509519
68773289
390393579
323151868
287755391
627299718
263201189
332672456
44349330
265172163
97191358
593886722
561136798
751833103
663224319
220333103
117081223
43159385
751795420
760166632
165247578
64924222
316094759
165403050
89660298
237261424
113358322
398115874
417491841
279295282
255209358
76061267
339426541
726990288
173428823
667016294
18303522
52235228
598752603
364356671
649953294
316351791
76576812
128073317
532637528
743486237
223136891
98566028
91593224
420184092
250691601
6623429
1457153
92005858
185491776
208992613
300029238
205186603
112527536
24372768
468417810
421012328
50258463
180325713
195826350
423632304
267292416
212244240
19928544
578471636
317461197
198340578
111083093
307737331
676544451
544338964
898939909
229491162
703190375
29945661
482000560
242295461
284443112
728362946
1015816182
571749670
597979824
57604148
53200913
666484689
559377357
225334188
521368951
114595920
615179952
362061403
1007488646
42802102
569212901
307675777
712709753
868185843
339331312
565911121
446944456
497028599
603701775
553636422
194372214
51073700
215125239
197809890
343812419
36222450
87172448
851660243
376661232
354615738
356698778
64870897
608746244
481457358
503027372
98118949
610358714
186729032
603749184
597747554
375450680
577423775
12176985
450962470
21996199
372025870
12910766
477724642
616209031
297066035
283194399
35037380
203950091
284116900
81724260
56200702
284825986
18718936
294497046
269630463
340011720
267451263
57656037
701793285
337554514
182224679
568008330
626895069
418389622
660255254
47878592
191084078
19355416
364249676
82015904
750891504
330050259
281815149
240552339
138104150
498849052
285549456
533259938
819052036
163523766
344408644
16187824
133566
465860525
357439104
883703820
68388480
39385793
135765331
403881837
338435392
498251218
700166108
829978960
778896057
253717899
273105008
439546854
249036530
800882066
241071748
53074771
593166384
759655700
620708445
255120499
663763225
234641627
422690562
189130462
32835360
730537547
297816508
257814897
622341780
695068442
41993057
150331653
425859545
383276822
726080847
340065886
120277407
1002103669
291066738
72523238
498907601
335505567
67331210
418687648
69835816
503341616
66009294
182520558
210301843
585232841
19636497
949538850
118047204
11323235
745908763
175361047
233134720
374398639
179498948
676839796
127940027
451053413
574891999
13289443
535601305
317789251
717038836
207106134
412368495
15906447
851052970
833089676
830976998
909941172
308783953
328937753
245309228
605890826
45480645
100613751
194014469
524188235
762270078
238973123
286498607
76148362
94040422
134655259
431459855
71366476
40173665
38518012
199569814
71656600
325011610
115460964
2973318
792331714
927925614
230293703
369308298
164651528
778477726
211359698
539754902
15295139
587505718
511373329
483290104
86749523
237121725
452724423
658002714
928942974
461283140
598508602
70989551
148678333
696826896
73822525
905374449
239326861
142631047
41445070
173633362
364487827
72439734
170017015
194147205
146282119
313334366
81774360
386318687
764835225
257526510
449255566
289302879
51655558
146891018
709636304
130228340
148870436
625538258
87745689
572847249
469979990
337590960
259959647
896557896
412879475
880997224
399401582
59670629
36888239
424159679
242425800
652911979
575934025
126406857
22464964
370691313
432462282
91883152
166694829
537781697
3118145
157456242
558985398
263897093
227366641
15756533
885368024
545482554
242115860
101190314
401263888
187245236
287129693
207838228
386671751
665448880
263951603
832215650
69658652
285776094
84756692
136370227
158393190
274425334
403395618
453849648
5756375
8222853
259614196
71797535
561373851
561467564
63283774
294539793
293767728
210072018
199120019
483683419
309954939
316464358
67431759
162962905
56566932
74413926
450087292
426877297
25516075
335989469
816755824
175824357
362921855
225013731
41061769
34087205
607191545
241208243
210948644
86698067
10006303
23763931
148541428
800983454
525694887
492637387
601818591
140436033
447398032
128316405
931820536
262919759
659607546
157608611
415139956
331132678
36259698
427173490
572422966
167365219
448044862
828218704
157312008
132745333
34672143
190302362
555431994
357142569
435160236
125123811
131709944
103799382
80916263
827460276
367510665
222583847
112204842
100222058
133023723
518984617
615989788
165297497
782543439
317643152
446822701
541054303
553714972
673883827
189602073
76284043
217724777
77474479
842530606
449085953
193630109
626013945
127696589
114275918
994222893
584325974
127721747
230454775
86307100
118624124
88669610
765223853
298016448
484609063
63046266
153279496
376487919
124003322
514284848
431118567
135386172
421955659
294969602
322796973
115570018
57700169
858075657
129108918
80377409
322948067
276669313
276990288
350053467
15628874
619989660
353675479
63683096
342726127
10830659
599691737
358477899
336618669
94961011
452358197
843617188
372218992
758879301
419456843
854187158
487635610
486576855
67661547
703602051
807791760
1024769133
157825011
27693578
272178422
587822938
343568882
369656571
66414355
416148580
891943140
139551653
347761039
840754902
55783325
646602624
123729065
756064501
4127662
15509432
310485788
108309268
220751594
739851047
454968111
288642404
61843247
423675124
129357014
109990736
8878725
469076695
682448602
594434401
103311657
223820187
72520601
452205944
864538568
351088650
44069832
402475606
484731600
112848778
333292491
323275007
50532577
736718625
50299097
137475009
475845881
222704384
299556032
179814803
522067581
266958577
678715251
3230023
291191101
428338169
11427755
352624412
443821319
659909696
421565142
80585979
287274185
115522926
713188370
521767770
59523773
76966567
279714801
191682129
705197234
446050450
390391330
502428151
502411873
413720982
64612577
256705825
612094132
7012609
371464970
677119918
574906148
180149491
286064749
489684618
322265097
64843141
556092728
598600746
1010080457
191241970
19083356
145787787
496310318
224544349
707827920
737486487
318682366
130835194
442932996
748631520
505574759
518672191
111120830
288558481
77182173
205563740
111887823
380596574
78637255
436789296
636775178
542088480
31284082
419920101
68650279
12731369
189780411
346745183
69147992
24718158
138407314
412536287
44200091
612060571
13314938
129833466
580492095
615721447
233475624
561451315
805839791
364565430
243423348
600706691
493875803
571741093
182286287
857730149
128043835
788967880
78173643
19166270
45946562
209314443
147586607
143257687
52797564
159746835
599342910
239201300
610557257
323354640
308662964
62156222
109501580
3199026
1032451390
329800688
326596807
379422284
366331001
277589330
252910241
480300682
79476843
2477244
362550196
431252082
629525139
170387784
147714942
468074597
273360053
997326854
177464250
240389171
165441415
607079585
305786320
254299773
307001783
216821119
392652912
639007926
134718414
744008805
41890417
454381319
868852829
149532512
772229136
816622475
437576662
645888236
633994391
468508600
492392067
271730816
746556253
665315235
164793531
393841112
505031184
98456372
902201705
275608100
42918969
101483944
173735706
506303988
577514477
726836205
618432460
243037670
237870538
153361264
946343809
920086987
268766026
925952659
646564436
677512696
150793880
64257773
563165676
49977351
133944703
457682928
558857844
210545158
531530272
188215291
935170574
188638579
528674858
454710830
194103358
671359490
677258939
57841520
12137963
684672001
432627478
53347981
844571996
34052588
851618135
79840596
34876601
203564207
358804473
30629220
349279315
436247694
300466648
685692603
138906418
730939855
241683792
454818363
680730089
868015661
221955909
807548571
217347871
965211942
419628446
161484385
665196511
48389648
551236201
219075354
76110686
773291257
407826641
421652658
130241532
383394755
104461907
220459094
256097299
160944998
1010304906
452033105
24332210
831911082
52351937
476156966
500909051
921345209
212735146
530930448
101743869
24813604
164511093
678305911
517122088
281134154
317955048
102759376
336178502
347834375
529965059
29007479
405954803
125143198
472393824
254409442
367759353
60776431
307454414
719353413
118760979
213289768
522951622
611332456
722440435
412669442
333906214
364124099
223094878
548043932
307166142
597517841
680028015
197935790
90576513
15540170
723175258
18411485
811570586
552685760
631989175
500802290
410391669
258195733
602289751
428623484
796895071
309451301
595917078
549370178
222405036
331076592
87808243
20442454
53598878
58745673
584098210
616776244
910191014
763422102
334580281
184381037
457389981
590951972
191119395
487926602
102730475
114667429
484169945
488235698
67993603
155286572
110232018
399315599
660424922
584790977
629030078
610564048
162180418
840819740
538162833
61267045
745143803
351245082
394339114
166187108
714798156
465610652
121806709
10663138
307250532
409051947
728722046
391523075
298894934
162403809
314596760
10997791
12953402
557322931
616793241
345848906
216760947
11511536
202084223
97934226
271275457
568987514
451308195
611017803
691146150
192530689
82585474
3917639
45583630
278023581
246017738
422203978
1029773973
914157481
793002352
213452501
586221121
958428149
672844862
72916178
639150791
45103604
588803756
200885926
229069520
628626389
8637784
222205409
395899399
654520718
173489999
239913404
201213054
335937179
161168089
748312983
561284063
175294703
626698042
249452146
76787396
585860082
400249394
813618977
345271484
499788043
479628012
511499468
28124395
174060903
602337294
907418817
311336953
737122303
581522453
417395394
91370479
875278181
24321119
857113043
654634825
227012293
281801133
338790
877083
476368348
477870244
861410862
76183694
210908025
345123190
646894490
259344777
783150578
277456505
69441587
355590203
104447331
405610879
556152798
476636338
988321806
440691450
267854853
6900864
440355883
509762506
795380565
68978817
293024818
214696307
114886779
534821250
106498624
77280823
402802051
70176913
666880411
580353941
95051604
232387266
308644462
606821726
522487080
80319608
871254736
851792461
458731715
571092513
103923943
236753304
939841816
174503644
663822396
203706769
318449676
306473152
204094878
50762169
631336943
355402662
417326307
68630985
171704830
32841234
489852004
244283766
791257474
25856425
671752285
529268235
911076634
400454440
236896786
214219275
525638579
93237084
140321366
398925338
889563065
917894527
77457067
206225245
33025988
237539296
110479604
295074756
740914276
574487584
596336158
905950425
504859415
179715413
45085171
285871865
202551173
351960871
541832115
317685371
3901664
821803673
183368209
96094099
38149829
69918816
37200329
797713322
551197311
285381070
157927805
503293821
286990344
328030407
457629064
184312628
559069460
87667134
298011011
701199842
401962922
552195040
223431674
428775388
639766018
248592994
479285565
357477202
186346187
213896086
242619437
869399036
330529481
543443586
17972312
741584667
595512176
493421184
42245715
87632043
170566266
253360005
623180144
422701731
731391970
383230400
587176839
323700121
4143754
737896369
84619283
14176154
165855209
103551229
131553539
731028723
434799501
521046732
60531531
69666660
387564084
756754268
462697844
614739139
559583869
683797620
13130653
753727676
281788074
280706665
546111001
367930553
953835159
234841291
282456893
348773817
521254799
531565049
86589934
323765897
27438595
99980947
210984751
769816171
212101347
10838569
392629905
354429454
841345566
13277393
32084345
544276183
303469101
248227012
130831302
129125860
448775703
146117431
346093869
498774430
46630577
535796308
51714958
113478464
618410849
117789330
96135994
301684335
528992698
195720352
712328407
761068036
257942653
514519066
76756934
161718080
674023655
59056239
80393559
278423134
564103268
59389164
299083253
459409105
427111711
249303588
300483240
228045955
377931076
260735884
20587289
12513957
225631393
408895430
106166857
558879148
20437050
320025227
261603898
264412289
328644398
359128916
268363078
427338925
337324937
338596795
608972613
109087157
507657271
88214446
3235069
5129423
111524072
91706236
147831655
205899536
754422902
358505508
333171174
625657547
17040476
382961158
229506276
593082086
179416497
288916999
663182882
370688275
60055648
862323303
555445499
356783114
656401364
543561535
178597666
407886399
242516304
584781680
522010275
537155192
538913322
154286891
193142179
861637327
151790427
694505507
708236311
143977437
102161786
108706734
404547318
304006189
100185713
205385468
279073458
593035653
318912207
11442105
776230612
576939554
314604628
61526618
467429272
370559192
133195354
187444682
280541300
214429639
235063782
365980003
647167433
263026380
58036297
246296649
66886949
667101063
596350696
41220668
93446549
245841445
7021810
286404129
30813568
995573085
111058179
31728074
239818335
168525636
305469685
169531394
431530403
472995869
235964393
2495653
81420658
91937026
915077899
759790201
283052429
813490027
253147640
146972215
670398897
375669162
341658816
183208959
375402382
6578941
963982131
25493510
262298637
130253757
95861941
362955259
347589929
503832900
764789819
466530373
249328561
146145341
148893585
349352278
137532152
603272575
199261090
381629511
832155697
7777312
8829604
693721790
85119801
409225725
135930035
120114917
349658391
119585902
17888507
165437126
39432194
24603634
286078878
188263926
493338701
390161611
68106834
670875147
885150731
998439097
186715959
130995757
422867576
898210298
33987862
29827939
839034000
396305106
535091244
920039650
302339055
741003569
216415634
871003367
730065470
653500245
11425650
119174592
375157009
306444275
51491697
366103046
66447899
523034152
836399833
377774229
374408593
551783159
734145354
298287103
45001485
52070053
321044956
378673548
334726719
95997919
819368400
677859236
251158402
839735483
930892087
661669045
492476653
53849861
593530177
204893916
305979936
31100201
148236606
470152530
913564657
112310046
500045252
679347098
718295795
95883130
144272515
750551274
589888841
326381208
521040469
398191289
652406840
222127246
825860387
577791287
363089228
848119301
820359637
844064451
181097239
859400712
205638446
73196098
212774859
456196174
686261538
612752995
361197190
736876425
680008282
169698638
33117184
368195532
846778396
452065950
103263123
139320189
902730090
353123667
72961729
284732976
565503090
590935939
389941842
716137513
143731188
559113388
486282211
230837445
628203900
450919689
622131665
828390562
218194674
337263516
206263723
351854678
341916715
396158557
194969176
16902103
399255631
376351019
337725113
149515952
424084585
211979963
275445086
481620249
255619619
19584959
540219425
608675868
303046396
554178112
133898193
51930496
84536971
88207192
267834421
512242119
1909927
520301269
214660954
447433196
344418340
444360873
408924688
587987061
272809667
595720163
759583461
554281097
259623190
166541339
237490568
716960869
1060275285
334623886
520299628
477867556
90056697
44902731
64005521
178195350
523274093
439753216
42847501
763996776
300194789
415233567
365808227
215078221
272357638
2680342
103587511
134275305
270356824
62094090
659790436
757074255
696708538
136514505
536841582
147547450
256157518
210691878
815981087
367657728
718769213
649470659
167704437
183275447
133042747
162090624
335815493
71483991
170756017
724717090
190415891
445354770
189593059
8652333
252327766
16642293
198639959
21654398
259340492
125642511
536806706
780318650
806082093
267772718
19047748
766197134
22521411
661135202
397078722
434457290
188119779
255507829
586262310
25145827
641705749
324277687
326085840
25008563
204943660
308556182
11488882
152279120
41558849
852840244
978661867
727214813
667174743
795829080
229233848
166693711
95011517
581191135
348494165
340830281
854831720
1023107524
274873666
507138872
68251456
37502398
73784765
79353439
481671839
256418415
62285
180267751
46603913
129675190
620796024
464749646
312707033
275620760
862161887
124983680
666020338
458839653
331772278
659130278
554703763
62727041
329070830
336250612
247292034
186370018
54683694
981538406
716062536
380997045
52056690
93887000
498524773
682737108
116836362
160980643
513883862
294814524
572908948
367015170
359504552
480043530
317715289
685789979
110555121
774539089
194988804
547536898
167738955
283936026
300393029
227377408
251224793
758836116
201386778
291149272
99081272
80855901
251422526
224763828
423476369
253322466
41233270
87781187
264747567
430045426
187182362
677036156
29197415
205780188
177432988
560040078
893312267
6072052
152320343
389308557
330666839
124875491
773368282
1027061049
434873147
243117895
153732223
59508016
644320386
472071650
644734694
258527993
403889518
227315757
31310469
78908983
263255603
327644954
304957771
87614376
403445535
369841790
326327415
310973188
394447423
458998010
737040596
121077830
800955709
90500631
862902589
68228471
39204017
807443685
505371249
386509901
586678074
451168420
47232778
24798141
821400817
376566651
592704292
140182926
165791795
18830970
677821144
200612863
240002589
424285657
34577647
557822419
155546218
366544439
623947487
332261154
964994997
36854193
716112259
76045852
77966768
163267393
300569696
54686662
465215862
439504704
633465846
307307043
34125756
455205687
475992689
489899855
418857096
51539301
134465799
857887788
72306966
397088268
807718459
631554517
370962471
380523665
575091509
849863473
146107992
166189584
475893911
14195288
324939872
62351292
529370031
390653970
436331415
70394667
35336174
231744496
160910259
270807874
411089880
796628449
318937035
149879034
596404281
151202428
222252625
58398301
624881900
772114867
480223369
225085950
109170102
907127547
726388009
48838555
119126288
730731459
466778347
376865964
710434878
639768741
635202317
147904100
119384336
287008719
195223524
229451902
257514095
215220263
603733145
362559069
272353803
250943279
430937655
342249024
602576239
775042674
296974359
416172518
545540919
158630712
65595298
918217875
27131333
164585001
653685178
329372101
15190399
207243539
432135588
468754120
151941958
83363533
644536852
179894894
365691333
162666747
537975092
328060342
417098761
321673239
261891098
111897690
463934325
29922809
1023310957
34498246
183596064
627611965
667297749
268359244
493568176
61137819
751294173
157258066
359421169
226341743
670515379
555811577
264695978
172255580
879990574
642711844
276305485
32655148
207575221
158962885
30347325
252169051
56523922
244462144
519820278
270498762
13525817
189647914
486753223
637845111
322328251
101778500
1002349734
203900684
145637965
174681736
605580820
197901091
49726008
291513159
455148416
561838369
226962257
780888351
136799566
373729799
215935751
164331808
498325905
88172135
763214417
128906546
109454678
283795277
327711338
373100002
40817589
439689993
419252124
849312123
293879979
194674758
509969633
147325715
124344390
201379230
264566641
277060182
80165270
784704284
158050315
747096516
33312109
675213013
260129518
221035743
539539877
699121854
216008562
647007310
91859482
44102128
200615625
598923159
821417965
532675544
212571591
88338132
55552150
99068918
308274203
93345165
681152946
249985398
830763747
90591242
89495706
435431973
339135755
332512584
287234177
91516295
446328803
735743764
111769039
289175782
939505499
431637097
276681655
228840129
458202657
396122722
392301795
89426807
28649653
146024959
294182168
102169623
853905294
88606349
286295009
766913801
153284493
265045781
870499708
317992434
705529983
228343113
479668590
415840565
132067283
415309149
329383834
45769710
374923221
949554086
837214176
146283169
360197447
498443822
577887052
335340446
971326249
36411024
360929182
687477741
342533245
617348636
445097313
154466238
312533800
375138266
65316740
182806643
366433054
626134887
348588187
134924134
624549815
720679340
639988343
130376276
15253152
905500438
165858428
773074112
385193864
306996032
222609462
806597836
223233228
369814960
129190691
419578147
35123300
147771068
30058285
882483007
248257461
902041172
209768994
79364905
47905592
545687014
181244294
37963999
437623259
218148463
868411402
18839550
151668236
275139035
500924210
463525880
352058591
710187379
837765691
97758107
508274632
297883561
585050952
786529487
375503947
604875818
160487882
356502977
32851001
335495576
323838338
353576846
705867285
466167058
97818993
611357271
371358336
231404948
728179296
38526498
872730412
795722873
21773642
29035024
611469074
808815366
183894447
450572089
106624916
117172678
548816082
310561143
391088855
414704839
31662121
198636823
1197391
747284508
250545287
30559037
426933527
270578684
104918140
24709624
370112640
615548297
178404970
985844787
225392459
602401585
50017521
672697365
20062581
245066240
451772493
158618987
510916509
309216750
366921667
650897317
128856433
396489975
549531899
383643945
12269212
465711133
218774476
333731896
958038223
19110846
184052851
567050921
17156107
283827265
517547919
25837648
505655107
122603050
645715596
474102623
551305418
36615454
172283638
569034515
336759319
651827791
143470333
457992431
471636206
584927854
107102245
323258139
533626064
269910693
73830446
246238953
794628941
867827819
291240634
782789023
119159110
551760363
359410072
345954466
79797596
278343529
720447191
140025761
58681830
705129418
180338795
147819968
36815669
239737639
115422080
275814545
431760520
297208890
514998219
57909693
296402482
474371470
745973263
478478231
617988555
4384581
962108589
365787346
697782210
183365474
198984581
113380363
554373265
36174215
1029235081
124470124
682508276
303102539
276874179
130217019
611799297
517208304
169420166
230509092
502985041
156092157
717901391
158688560
112973905
265743042
331371152
10149755
280822448
104450325
172680287
285900575
101102228
345779015
447788041
560325292
325493541
253273716
210036846
95441892
48685109
134686706
535534942
410711128
444597227
815602057
821147726
409240790
343923942
464885205
276070012
228667128
25183865
224540356
130734693
249579874
159088750
142595349
354202689
68222551
44473575
537063058
202061274
239758080
730631603
621319165
490691532
679696265
828416834
24061066
568650520
587222381
204987848
205084549
92703305
186500546
207634352
215058097
343688583
253193636
106337070
320589896
888938499
89661184
114269069
574252058
363742023
244578235
317900375
320760640
157727467
697306159
393236404
621826023
539008944
17255148
136526273
209527996
451661585
27581504
925447958
23020830
547601388
131555876
556465529
454089283
343789489
297552328
89214906
398361745
563303193
451617035
190088340
349746160
236667241
562050216
639265177
687580624
256019546
94493534
108014959
285591268
32353594
511979494
289103539
80133364
614240794
194381256
107085965
351274696
251430895
182872073
414756407
129420009
12318067
24228895
906696337
529394382
124667066
347959850
576153077
22468764
57539299
150633089
16594453
608568743
33396786
490203623
133930456
214282832
345099821
255811585
234835642
184702127
98238625
59177947
114700452
307278357
139814945
335458187
437389480
97699103
66953918
422629341
64029759
496535741
134145118
773257619
709267804
447297231
145567038
450961769
57213776
174319819
729130913
461538170
300129293
978436700
40391417
171163753
711795882
520027442
61952672
743148970
140317870
39866334
24548471
420678127
105844391
730837752
464018649
457171409
375304101
72256302
476667700
297588478
245668945
190232905
99459167
967861
339270420
244490498
240567321
12966556
857112584
112322380
83856755
245110786
581101325
382943228
418800269
164193034
67915051
622233682
1767034
598490981
14544588
433909670
337362582
278929195
515403999
49443744
191591976
153992880
441198936
653908284
407046530
448960182
478421355
430569775
42004684
302765689
316982799
151900896
738589672
124212387
226312584
432171333
635460101
101149758
546475682
148011070
188158720
8057784
50416079
218195856
622105099
544605517
367227461
463221845
2428858
73107111
486267277
746989092
26899100
605512524
110209293
794041883
609088633
337942166
302440791
1519938
435996866
189852135
495455843
635740076
339640469
724579023
237743611
258087068
313315241
522724016
577638903
160127835
393864292
598844422
479144260
50892391
185884961
206354892
78973831
19656971
161715905
538563689
439455747
621743652
25447655
121253016
334693275
199405107
469293498
361398790
586493572
84773008
252519727
364206405
506362182
499354828
388355779
804027331
644514643
532414908
592656724
360702877
444408420
185219140
392022818
513894506
511336379
569938983
587930934
303962058
412194454
562963468
287822114
388003653
106643231
523236766
420760348
47266052
200345290
110964619
852828720
835281273
318529413
442585508
370545778
300890853
519378161
6824129
9047305
56779065
118198746
646558930
324765401
674859161
439735949
335232820
932453273
421346081
293439847
557161841
613753104
1024718291
607083848
923892209
629778519
541931724
107862444
519866831
339119682
571974403
275207347
668586106
333060374
110678730
207029715
320601981
550727570
1045352073
708615893
270724537
273051058
51736699
214413228
18243365
276318916
243988082
94432093
870079920
281097292
361130225
102754593
696451002
260034180
812822059
356838988
457449866
513922247
6106598
153513600
481569904
380408958
212402550
200478895
342132284
530327586
377974893
199327071
206638511
92296846
99149534
409642034
133101623
64729128
689950063
721003707
737080376
379151025
73275871
443695401
33345993
453698047
899869653
282266955
51342050
842437311
84322768
7613247
830259794
168232786
455788150
246584346
904997759
588351083
250002962
65333279
202439134
278716611
60792611
228171194
421495587
159208949
5532472
419476189
558190467
326339206
554705467
507773907
954156369
101310537
347204048
635286263
573538656
491169480
709538701
50489931
342137627
401495557
772892206
233424861
222838843
135831657
233801670
263723148
211614758
520215909
123369266
626530579
221299546
391075869
468866289
179245380
205991236
502138555
309873276
10510524
53224378
50708340
56928880
557205568
293730754
489692933
104827997
556947713
446934864
235838175
400878377
323611052
799954268
307454790
35558810
83779480
240390038
17903893
465294082
130973146
616273687
325477005
27442686
716686024
243296170
434696056
121372779
132181361
843953890
28294312
12747689
56689636
326001130
323430612
199068491
775926491
38132708
54766019
50006972
88938519
458023939
41170654
513580521
382465720
197414575
69845697
32859246
312294736
28058009
139194332
130362702
402224813
197147645
743582650
49666385
239105305
988726276
427500507
174203415
539344601
125356303
662757757
180197626
265723572
164637166
40841341
47610726
63373398
348570049
489360903
326106557
230048503
1004285756
63953264
618700289
113235539
301951591
49637259
480285765
549729930
192363197
190847354
157596795
32479222
217793815
67742904
101931774
894751411
302637630
185334417
155001204
610997317
120193140
231519903
711843966
62597103
260607778
216540809
706765867
136659872
565313192
418036627
206569582
210777247
382757788
54901350
653500064
229400764
17517272
932569565
303190068
840437861
402783259
72736510
605277643
590649872
625665693
588439204
330123100
17618545
320814013
362809861
630631054
736413149
187318978
197133984
320093667
53446473
979673763
128590165
190968976
276956299
88407347
130937702
32418298
374698778
1057879784
220610706
71827941
149704726
172784770
468116245
246768635
131192531
149495699
402616593
409800841
11584066
244606286
123877550
339358989
379982456
374449200
60037625
150368988
865041708
8337834
279663837
69832784
931081751
165089157
812421025
466298762
238243797
360516254
309378707
319202040
197760817
115486743
115113003
248976058
451504323
393245859
908381614
490354356
5430904
452361437
435618928
148412785
71236526
582188949
251528842
78134436
494546721
217224073
431421481
5373268
140762541
653044582
211476070
359283180
144308089
331550873
657080354
8131505
13919519
71244791
112354551
500894623
427801227
42814210
63127880
179524484
181916830
355465934
914675335
427870657
141318178
371945992
297897532
580988980
349574974
601900264
244190311
978930169
190469922
40730242
303322328
703412170
531480638
121717100
205252411
528747307
886483323
824412269
144902028
48572016
388945110
767804419
249474478
189589871
326983884
638228116
605053738
208996495
695075618
267466891
278294597
101613627
638532548
428874606
40692297
413155498
873432259
161890425
707789955
389247749
555755055
8727109
173195838
780260118
335547225
524712175
92110086
325588419
511779059
892747226
613887237
350772272
319971056
418506603
199686699
416680829
325485416
250642665
122964156
14227156
361139988
294700862
266003911
474234343
170736917
3781798
164994402
20288843
360818882
350260384
518073678
37450591
281356469
241882563
369147374
58355785
88907608
30878622
658915882
121220424
613357469
771130945
727463462
798922416
954322263
585508141
327382603
121642170
301311578
351588735
42507152
379424339
101070070
302495670
632971022
182703455
42760081
199923744
75973778
404619234
163230030
426152267
258497625
450246175
260163394
795971773
231685017
517466579
527415450
48382983
797049548
322541106
319431218
169123991
36723706
273965840
438044836
776167285
363413104
227814295
439727482
386163099
839991022
293608016
366091760
90897496
58469482
929944486
714071776
665646067
209705275
619042782
463817020
96134475
338558442
396008846
127514504
398744062
556819188
517408977
434458530
366869096
92876855
333121518
46188396
333242494
131567508
160749873
927792339
475451083
163105540
205049684
311309347
290994672
390663602
156492805
528291383
449951314
414321437
186327696
494045198
411317964
522392935
497418742
492244029
268838350
196429371
157007818
915660644
342840629
133271286
476594498
101362811
569252598
371151087
528585042
516050404
169685092
196844256
602566032
658387184
680354163
127459838
339009812
347161979
88544877
69921814
650502884
596382735
34762145
101398446
543412648
515703439
170485697
112297747
251867056
30712038
263127276
231008793
243106736
783036830
248633993
624415162
166860594
844571647
303303897
263574380
26959942
19543377
96679592
90241249
272852472
131729891
51924327
204623361
696817266
630415754
191608494
256759880
32529444
192720813
40055748
348424874
185752936
197161229
152038384
350519094
513299902
768334301
602398019
123416236
117583253
185560009
33434260
237260323
344327410
22471190
89925265
194465814
56100154
194346179
978670444
167274676
214897017
4872943
247165017
108463806
117189264
502755095
453489620
277934944
64814200
76730730
366986737
824459885
463793887
87170625
189333617
598563479
437903906
242210499
467783246
639205653
28069355
196273373
306687267
471496328
217486938
56206921
158554648
506053809
268698086
901667737
229186426
430876846
5702120
412057295
372455847
254743594
191221803
408275292
47578026
87385127
104517370
111037525
389544099
552293800
279782611
524825726
55847054
330982223
178293787
362743798
143442071
406648596
277208180
181745728
567485179
402720035
753732551
1035098114
622436683
722085172
543488948
367997705
790038411
499612875
601465201
315020041
350209785
139772677
116064187
111403873
311307671
454895320
762357182
228768730
472573868
166403487
505275103
388967480
420813986
320573068
28808611
486424352
235349406
374323057
319954735
41153174
307443126
568457072
325271618
203457933
561579082
466049755
153115592
240823673
433131215
492515733
571186184
617610522
351719543
476223139
580302673
433981263
326848118
674330915
2826787
115795729
266925123
57715684
185987892
110721221
380848130
46239473
349448215
626310176
611685909
354800818
848552823
754330746
110986725
394665658
707290253
38855896
131727740
588688529
307232697
88716467
172993895
770878693
659293063
10107812
321230985
595323511
531924565
707199193
56934836
680917868
36588069
85591507
404443983
69319900
19144480
554542907
295834892
106558191
462129783
15831855
231707856
252504897
501735454
48515296
542550992
732306156
136139362
566449041
263921254
96009204
412192085
855654333
537050074
1028336181
17551712
172990828
523168174
630763489
65844425
843953602
40706161
688812575
724774199
288595152
614319429
342134976
483502617
23945527
209498640
21316170
652344373
227213985
746085882
937632883
12147008
983766301
