302445557
98939042
379067103
364339813
169312494
24832299
857703129
506595176
466554796
318829552
329754988
658058204
910207083
27628393
460873434
453955199
154569186
318381266
459307174
142964210
448423186
331519108
450141508
182077876
340300959
336943840
782180430
597095763
361161624
804314793
45652571
62303878
128169513
46424371
78954808
478987343
138892724
547870520
735519777
585611309
345437842
347277377
930773681
159010085
470265257
464032754
23723118
30010376
810211319
245688120
203063040
229131498
60753995
377244768
578374703
182278868
395391246
208743077
25544155
19575941
806169648
295046159
870758887
648445518
109735475
859852233
428765414
744658401
489807587
406139771
478334959
431790302
891520903
209287524
82336191
1991918
190245985
428985130
491001877
34927056
3485070
87850852
134029240
188302145
25956664
313637319
273943805
44591108
395057130
605525746
257103957
347387158
365665807
748703307
180672939
644672
507748812
396160166
245522815
476401117
708814794
428924270
101696977
165333674
583902244
146232491
615927991
104878569
147907275
507691551
12964570
75015988
444341407
303587742
11658591
206774540
235848163
730947212
360485476
418635645
45067259
79268724
710366117
378155959
134014082
257296576
138625888
387821535
404472447
89989161
508898624
144183929
202139042
871820232
245370213
439496025
533241776
128235209
123432829
346696755
650283993
316497673
339424537
420700140
92919398
39812512
404618603
465521288
278092545
443130442
387695968
128306917
72755795
142870093
62683925
200345023
606592107
197738232
468031762
142926767
26438871
433010282
286446090
461662536
33130698
181057023
480431357
624233902
497065375
137854530
319392725
278289350
182704811
368066317
539198973
731321703
13261528
175048856
500189803
130421722
575242788
271921125
329990897
249318060
500249014
180421456
251497899
319372291
36194562
459202946
395965763
266528310
360889952
349028583
367101499
572350782
125892420
155142508
750623815
87998041
869202876
594283196
354898969
785012502
804486946
974118449
74837260
287088863
137500770
422603006
270251506
806845304
118156984
24036971
509565290
261444918
546138940
52171120
754988850
8497788
379102078
1753708
84788796
73182631
409518513
553013149
10065653
213474319
318987532
218334936
848519960
98304568
568292870
587821590
579432007
453436654
187227712
739843313
976952875
5168988
365459785
390475473
176231157
89258603
408957888
374908288
377255730
192443898
622790463
261110527
150549061
583943565
884734372
358908102
262565559
130011442
318156316
292416918
648335939
74542221
170584801
274310617
154259378
92964146
325027878
373993896
385911848
740857215
99539366
651348284
700542448
211631400
683653343
407362366
511262273
391914521
273470046
841624050
36473964
219446103
401155395
219036598
17883927
408724561
782328630
196201471
481560324
699574677
295018634
134810765
261662215
773309042
571866794
486641107
434694132
431945522
166726048
93883500
1015383063
283660091
358507806
588988302
177029022
219608180
165860626
12223845
708875389
664766207
218137624
867150131
440871162
21206517
893273306
353633094
200873623
13622193
330551795
241489547
56994348
127545493
532872207
212705482
284338943
169845565
634704682
109510001
238392507
78375550
411066810
186172879
19461978
206133710
199531010
208069418
159621689
36363770
727243247
152183710
520064986
236644957
671883960
247313152
837229740
387771125
419512685
307989155
315580653
840336093
148861232
828278662
566550841
697280538
606478319
662160849
369314108
42845996
32769894
163803509
387747136
146996248
202961755
125979939
155684554
40702115
50065240
491882005
540224911
494263095
66952702
537049063
520297652
436698691
313723598
469825892
342044619
518899988
182486706
525913774
371307307
499880571
444852761
161085371
271504341
1036248732
54772808
713121880
779741228
422695491
60533590
446509546
511717896
503285256
602714718
113655235
11235550
15404268
52534767
363767785
510748062
377811255
667364374
397593048
34674342
602468397
628641953
499907984
954085221
33188876
374628817
572722174
776841319
756570795
346298482
106514176
240434666
680213149
393041331
38441885
827972988
122234462
258138233
254072974
385161609
80367494
632950016
467029854
1038680018
207991379
53261925
322901974
570421296
731963938
22062870
237388170
431410206
505270855
603899100
481199673
29978495
772532451
247785996
399066719
419268916
161890805
397050273
545784944
269256047
279286914
1033911566
15591144
516822412
33122790
451736726
227064727
445827915
720112345
397067850
887775143
360980072
428629112
652059723
296973556
394909586
109467435
63718299
834215477
766975953
587060186
14314805
831490904
33295885
484363369
168424992
288261378
543227124
141759245
831207712
408795335
133764598
523823848
782728413
754219104
39566626
495496408
5543929
161410772
652663628
309144294
674638199
110628900
304051448
839800378
9245318
742501552
474513907
362586517
359443650
655232187
564329698
450264072
73216458
392047991
430331929
360987501
445372702
139598281
34700866
861396254
623787846
244759778
342589482
201079628
848116049
550688336
115733437
543581
635576085
254260896
667638731
206879982
169474809
633139048
173750864
609548542
12212132
483555912
95358164
151497194
517296472
634051373
622067177
472738631
105816300
889269046
428998062
924616322
248130470
789655250
228933900
318866152
359229588
799651357
213152794
717577082
152837750
451969101
291383825
323117009
484101792
492663480
216675090
416845582
165437205
37909769
639039504
758884648
376136302
97146656
108439260
116714141
117590408
257088590
697016073
290021609
288289
919674271
92269314
141987030
177160686
263714287
407395116
600669711
93560118
695028484
632298193
6790395
114121299
525348100
27236315
126541732
125156473
876387903
338930368
710535656
334383157
871071845
218557230
459240438
556545002
473707528
249514414
50706630
747031183
453215645
112626075
722053714
614900076
69513873
333082717
20519187
285827896
156223345
908398852
173842516
179938195
167257
308896985
572443419
475511621
59870111
195390094
671549068
761563953
159086815
575693862
29470684
52039156
445654540
525866613
91771469
840214132
561891704
284567745
661659397
163861941
589236975
109429718
209030751
869142703
315696548
959794904
679609327
464222889
53918734
214421697
538304058
687372398
298836538
22717190
470163530
976790492
150243166
170315322
435089881
340477822
372167152
30042478
390851202
151927424
306420305
698079890
355865213
185279742
396782065
223837243
264417883
283739112
372075432
739785422
254391662
782628953
321907525
79319248
677553095
597247165
59953943
446789891
138643512
442561018
213351265
510691098
270813437
568026873
891734653
282707982
165430998
124203853
226929275
412614412
426043314
183561051
156603088
55042578
55073224
217072396
251879626
360658422
52437961
250402651
317586224
337764168
78015889
542302664
467203339
169958546
190040724
209794409
104135627
158504383
377658578
283452331
514486161
759611475
668419742
189500735
337370790
237715022
922497155
205215885
491056253
175273306
29171480
30286555
90955823
510651929
344431446
85577016
88410700
259349910
653490168
14118236
132727317
363197780
296665117
41057208
490735847
567975322
468693836
120648980
314869052
340557031
141884732
256036738
257692654
222942582
196183607
208284247
4340110
260927757
419232835
742470698
61387918
186410349
303532810
14636990
681796313
832803249
2194993
914113444
657591343
22485965
343989580
367969662
476067250
975934437
152270421
221595799
506007230
580793601
79446579
945587539
7300041
848958017
212134969
911408751
273212404
204804403
125484605
295131021
167032484
619968982
171962779
106034427
856064737
281155743
36724080
330572737
530834530
949431
236673732
114252053
127752596
204835166
566251470
374729094
94576134
180642795
14187452
65072954
439413010
798283795
823187157
106876752
829032732
136706483
59160882
470241251
867765146
236838426
542853221
26782646
772969661
557858013
179716822
78576992
357856055
25478035
268971692
240616813
291293365
376650520
157426755
470840043
132647450
297927599
737686771
321377949
615562843
261006235
152942042
281915997
439206053
843467353
896442713
543373538
637484215
28210324
125226703
426674115
140086926
452627134
401539040
344260513
84612672
224086139
763801376
502299526
366327151
118058674
330770766
332287587
788864742
494470603
73927774
3353739
582364632
486859725
15700047
310830328
373681389
626873081
257176947
123615562
98686785
39363700
560665986
308098689
671862522
418174029
407257593
370130059
435006409
304328391
746386341
466780441
73143492
199948008
538953003
242286709
396576758
74940512
700499535
9072153
659793361
798586824
333740419
255134187
172022332
681762884
848169684
137693666
341522339
722774229
606978092
546159300
884919193
491469251
387904002
394320197
373828698
821892163
560227737
224110362
118750168
727024126
697628050
125675386
146563683
49872629
193230916
68759975
855141682
100326014
139951064
177210683
546411287
177732234
287125235
309889309
40915115
77871251
130170808
21785424
157782480
294409696
105094540
131148866
123797842
416163831
378741003
13832997
281222405
16805753
97252913
373177105
812571838
196784310
357982531
27196679
82584733
20000979
275968259
196857777
974207691
318079697
194854700
201845971
10201406
333654000
241115175
159900691
604027702
95080848
25901594
91167097
422639715
746329609
692518347
109858162
164917396
302576610
242242805
155721567
863559764
277925319
294585109
63407878
88884681
403564062
156910756
610538348
1043003087
495562093
237030040
303364045
856266001
177039808
235460898
126243823
181390876
249775948
234652919
358486228
844232689
140026546
186332291
817688178
262660466
343831950
478104144
149997321
599964147
501729600
239305557
542025893
442247362
779726909
447438164
104933801
646150032
218002274
102664754
821395740
78136547
762692433
223463947
233796447
366921169
280639218
599595278
1035178
552805485
15592483
539028985
29377360
448003908
699774551
157210005
147603992
257652639
337093033
161123736
60084150
542780281
244191545
803116697
3475347
348714927
477359723
578245760
893951979
554130934
680382294
192846389
211380133
236042371
227509444
324425947
259271188
285373300
9991501
116521952
57044486
491909010
335250098
135069018
36332442
90848254
424270623
250465178
298844093
85972994
411406411
182309122
64483301
458942530
97762186
665033044
413284713
594737984
278103962
925147101
626220413
268347122
403341474
141050991
162440893
332854465
551516258
815472657
43374483
67151581
62593550
715074566
691464166
192390569
254407349
661629277
569312223
362165656
431422584
102592409
158693212
89578932
851601373
322559936
224605801
216768408
273130679
419976297
5965043
76257472
556672194
260850302
406020285
499054828
830983045
482712936
563079826
136085234
142141811
725605375
157305036
451930654
146113250
1013505176
120628129
446316299
162883364
38606209
213602370
847760
197488654
142619771
609895118
98756179
463352455
843796528
49565764
137513742
666959718
118440105
583598226
992438159
202357986
18874532
721504038
19317200
120925009
443884606
219646735
59054141
408015004
119565847
266894682
342541796
385743655
476373006
201181655
598213873
34789795
964246970
426630397
735405242
693129936
205100753
288938182
117784313
104903706
373086423
121371515
98001601
86452849
132883933
461737961
24485948
408130026
617528939
505602109
47553104
216168285
96708450
226518202
537737323
524119757
180071760
699331620
492115553
40828665
248608206
50281565
724167700
468695286
505904411
870607472
365293064
49812901
398570486
566066945
432150365
215990646
30397298
301155777
1067041718
305514723
537236267
405223522
36875110
74477432
104951614
782547314
84336939
85883107
201838615
35153945
370217934
447808350
277203594
237565071
595368121
628173254
370633959
63250309
140638288
349109854
529426496
410815313
584610462
589148738
63306385
172413382
640464754
477943992
166873085
211980855
667593734
105899911
644549762
142140224
112199663
470829602
157085456
174729009
843832384
219472025
12972559
813269513
126908914
137055891
201404911
432860644
693359714
425567316
488125240
823740103
44378488
474844132
554855955
270919048
573667788
443200252
804595630
65174987
817386285
675384577
137230788
606235339
344130752
726386591
266751339
80785921
211758974
246336617
253313036
184437294
513836269
60401896
759011873
159486082
744077328
361891422
480020
992020905
673870203
355666601
422957660
67616696
108724988
530617132
328019420
164592697
474524876
589915978
623487753
182481008
786179585
230980856
358863091
336913050
746357373
371838768
361120795
496540969
585660256
371989659
92839408
774150565
330272854
207169603
251531740
51986291
49164227
121213202
743502111
237440962
367031675
671181356
712503169
516450764
223558138
561044583
522388641
658185326
223486411
437421965
729711815
867322474
19691332
38613677
249456902
180606686
126898308
488671064
816835707
355851800
97316765
48062117
175901272
408721161
329822604
607982376
444127027
647879445
51691531
431980517
123775041
9700422
461549892
526198490
58515400
215199486
539494035
647887778
154393331
500341978
375122388
110977737
567500077
343129526
3337979
372293223
940712455
614311049
112751528
673860339
213837505
784371281
99021661
220213405
685684333
98595235
88117682
249872843
231103250
461870214
79734562
7349736
443095691
266378350
372321124
462420315
506048926
617433477
562016395
134143371
10461075
47925311
246166378
458236842
613351482
292706442
250723173
757311848
218871487
90001756
236143633
2249547
317955278
217938711
81640459
386399712
421818552
783735975
191642815
428153221
225664321
98973011
475913382
1022630848
364059596
57648584
181322768
158126736
977310710
387145631
86967263
14414143
754441553
283624800
90833810
157711626
417277588
63857645
182112970
961675416
1013546382
45876875
103111445
342712278
890175911
590175483
588627942
959680328
602761042
362508956
93895900
491234971
689702105
561278819
856091436
43264262
27851940
865932713
103378151
248828922
375920136
409019938
970538419
172773173
34693967
66732529
892570772
475049154
102191158
176995876
450461316
67022666
235084614
210642707
542111171
303217157
24603365
234573483
275543599
793840343
285210411
166437143
385333592
109422155
19336375
469572097
399350749
672630214
261665673
181592330
608421003
26862696
44496871
635988185
20408128
99912011
569668718
227039418
154877990
449043368
309730447
24819740
699727384
884389106
858318448
876729354
250711628
92099152
135012545
304756944
366171669
775937438
176132703
62730716
636002315
99816224
395829470
707242993
9511082
352239698
723025677
132365303
304382482
144384839
355335320
89496135
147130532
11859808
24230035
42463315
155680088
43138091
262968191
356186502
427190431
598372075
758288271
91673489
315170393
11556748
260576663
440999628
884950514
101756492
781149958
264525371
534687587
20490810
518232871
243048126
6303712
60072035
216057773
5666811
758516655
24969591
365374671
122948299
282442671
242162149
274207754
82759715
181750995
487339013
88460581
152579019
342876695
724571457
545350905
651935516
463740906
12748975
293676045
228836591
88142411
310463970
46499400
235658242
159976627
315079613
258932847
963710490
283385061
689337210
83529692
213653286
221304545
235813678
212025742
452432131
380842456
417707328
820963853
225091942
229794211
301100654
133472252
37205582
154133805
801259743
398047355
523876806
275947322
143736554
253732777
59746101
196921405
509304706
36729474
16463231
484754844
491310620
861757735
60901619
376842141
203983254
333109331
85819138
72299136
188896437
219217978
635648203
643522036
240956046
467729188
474481935
291855719
77134303
1021987841
699415153
144744197
736352034
79092795
160395427
337910880
65809170
315517597
288666814
661305934
393960394
108802006
783172985
478791742
308902946
163276860
119603960
524435011
749638107
316633388
221615551
316669870
501323179
451384863
349638742
22905172
656296159
158042620
359765465
37338566
6461302
695904851
16930200
627070142
437225241
631786209
544061019
21387589
1034355757
643683389
28397245
253493454
207491878
12464896
19200311
115855965
313132588
242853062
22904815
163578789
507249719
341739638
440782150
271453564
301351398
289790488
154415600
442104232
320875878
39701956
591012491
427091208
402454173
845681955
53755810
784737885
367814985
22115711
394513923
83309968
510530604
582050333
287538875
122780014
406766517
52627466
30086545
767584281
532269892
383601493
818435182
701273687
122617942
550222733
513659221
398746481
29581095
111209890
312526242
347719411
119509463
441468317
243254201
103553066
515417443
66402627
388855780
104521230
638819887
476096150
265091663
103073917
434448476
98538519
781180645
43004601
769738727
311366693
403658412
802528905
336304229
836508425
322752499
230448395
664715442
510063296
236040203
9549838
408487971
348916625
340075918
378148298
428255668
297798087
409995399
88800799
55351105
19090443
843220594
455485263
241432954
361609924
55281790
99210858
13349022
480920439
14345297
169317762
336386041
235343233
592589847
296417643
683941101
69368314
279437968
978380640
773710859
187200398
151663886
638291580
520311620
501354975
21789147
659677072
261416433
513464152
55154299
359488900
459054258
201068335
402597401
632187493
22662110
153050865
106931302
368362989
785118159
45147481
531476855
27939784
392651563
342892623
123517029
298291852
681565326
259816381
585441645
146722672
423530092
19959600
376126189
953240457
315458329
265407103
159636465
150456605
78720222
314763688
213941455
875561654
223977776
87604259
543923180
66759772
611435852
42706631
796173040
358936799
262191434
566601175
830678616
64192383
380292709
198715482
888695674
511913767
814810933
835956628
696449877
421918887
268896747
56789193
23974454
931817376
59965064
65289731
496928034
498656660
457936521
366750880
99461459
30681194
332140680
996853914
644396362
321088542
294779940
160358345
108061741
544860140
79323809
559407585
304727144
177628454
97878555
222366256
394146901
195389676
632731364
28752145
829091445
309447478
526237841
500763705
167394144
55245852
205586506
510206607
555579098
298636613
233252399
47390272
886031143
443383815
333877313
300454723
172850954
70621601
380141289
569611898
12803121
214478583
111405529
641601003
97079078
14798830
45122696
170161547
541536346
383773665
495141594
169732485
492510883
333312947
87914361
502853684
307955034
754739710
47884509
456673992
141524777
391254235
174142927
133200075
396375849
205999874
222958737
492974416
110033323
526703743
676741202
374472492
297050446
486089459
57508973
618039123
783596896
741032389
576656402
393306263
197906030
301351437
473465495
604602251
179592825
500097976
339959524
303909379
366903557
421864504
319918348
927538558
169329763
664762130
358056045
243334972
378843588
236538214
402760534
94758139
440276414
43591239
93934103
175027043
178021009
499205687
446141906
475211465
47875645
459720015
432407648
479930239
74192526
210769903
820505961
98355460
659171469
272099589
9946478
57685462
252142735
683858470
197294988
723967359
202836600
753127652
151679400
166324687
260843770
557253480
482311652
92690061
1019835951
168489378
364674397
344620959
178738993
148149528
339454505
142953706
58181508
403742390
245239776
895338179
762266710
156358975
503427619
267489445
292349322
288037526
544156857
881687235
403669089
29624157
257250279
396705992
150963534
776584566
20813330
839404914
392869824
196381137
263008215
774803191
370850701
31625493
304451899
166313211
392715644
56696286
414872246
263658283
76533886
128246051
84303266
246851782
283104845
367866744
729724846
222064445
271363421
559288022
322714458
307063920
80938580
550679920
462543606
101394102
258603493
577507002
730351672
670159245
327789358
120566166
23776661
53782232
650677142
134416292
99234332
361575886
184100938
362531335
369463953
271634361
164464645
821182540
350247254
564417487
327147600
231258885
183015646
697040139
236632510
176941298
334250016
40804506
338686429
397580948
589837354
620423995
262735018
921741582
423711377
67519883
635788982
768356296
312430588
332148543
344504460
382700962
413571430
494977463
166219716
385422133
1002051083
70019251
573549639
244172644
562551317
92817195
237127795
255651069
88272078
418131838
56330146
45893228
491662969
661290296
445724019
245511145
54415487
67239555
568717690
881582031
418321592
390879699
118927666
143476107
862314852
755565555
122976166
171504188
52470840
199340881
150163461
666371113
69423883
174769531
1060367
525504139
915398185
683287020
120132326
373866800
114081873
53097461
718148615
240326780
70692102
130113125
121309492
727070898
357787917
555684711
30605085
186973517
232849327
46859670
267961203
30664619
343849712
3808983
75591861
689397061
21292636
283984434
579771219
654268206
709420104
228824924
213220162
63041442
78108005
458366706
733744625
138433851
790320701
197834584
214336747
359463347
396987102
459459458
418330324
236774123
84270637
658615229
628970581
383431251
922857171
542105854
93387514
143027441
514011616
152310408
755216898
306899569
888372404
587773395
460787745
288515562
145034630
194255481
678012612
247957330
99761453
182381825
641794632
392801807
180904964
684728975
212329591
414441358
653101427
8439787
497217522
25387362
43605225
540826031
60927891
9426942
163565623
776965543
679250124
259061050
11471759
142974383
385061906
697761784
170887571
777058678
448307658
680118223
163458175
56357719
30408473
615857885
317643955
675375651
33749174
414936605
220949990
250883975
114308440
72035651
16677206
872848916
729078247
248832751
20885565
356282352
548112399
615391239
566261315
71557044
235751464
362845070
502704297
730622444
531416656
289457385
171836839
149961932
240082682
143427093
69485193
384752210
153738576
1001153319
994627039
65213783
330252058
17100270
53024551
568334901
226995594
54006864
580201431
276408831
247267660
98578987
335633245
363984725
8444507
401319774
154559422
87417826
891758046
139265713
116140980
49632965
450052447
111575121
435745213
661002018
591497722
163595430
64779030
719980379
153294802
293557555
261078545
272931491
562541894
31502318
497353972
374819469
605119430
799255492
106628959
139542074
665237885
67363958
544614431
801921161
635215809
602755208
205265763
512174187
397396928
113628809
130519143
327967625
286537950
516343708
153868465
23041446
166802850
96824567
80139665
66348140
611101939
204062769
931840552
576636385
561640319
562439190
207149334
327164425
328415074
29142766
197979476
669908963
892348484
114982631
412447623
173945006
735910305
111419319
523270286
411498910
783210136
207334292
187237010
281039839
232404997
385546479
44075254
299611661
30654330
792901432
715950404
164096191
289359965
650666282
34129070
263766243
647362290
141659194
260207851
139304249
6847208
413653469
260077901
691740599
519957886
52904549
634186730
18650249
456090805
758824357
113139819
425689315
197987036
274267737
741241389
391059535
49279531
91421056
694503885
315609382
672792933
199289461
757185659
555306585
398058659
839439684
341927018
556573387
22519759
52063028
666192589
278578447
923479983
668385912
648748982
690748521
800206256
312222590
942420007
272790629
107922212
163685764
1025336732
998107411
995190766
594769082
496554881
240722265
538875620
378723613
47050380
64946550
81079058
989534028
180189807
828166874
216205259
279079181
661762010
1044535913
476356726
158086657
305176902
737877784
127689622
396724390
159693856
128369336
752925374
294416612
660698492
859989828
638701646
1030915789
350283231
180478908
402404322
599281591
282903931
701286447
474983644
377013350
534287131
82688486
271313996
701838092
22661933
698010363
135168307
614865048
52401256
623174212
148243945
299110508
115572094
582231359
609099575
375682913
437191953
57514194
363410197
184164498
83438669
47969303
187910322
157220848
541210653
433289835
561258322
108907996
689911568
292077659
79473682
234634951
124938589
218652000
600506796
223387104
279841364
304230004
387434697
101406004
610198704
625570504
193425152
18489429
576265203
623064204
75335238
464543910
647826225
507342509
116381965
304331243
525616611
729893379
215456914
306317227
240059877
14877011
75752994
717992756
378419614
344385402
221038389
384548682
257763565
246413647
75469741
723305679
889136679
51214123
389953032
67971421
602017911
491265289
566813528
623955329
114353809
518790629
799869221
333584087
696548345
108389932
77179343
612702802
237353200
328120903
830497014
210062845
219272781
438928119
263230771
67775911
36502088
129294905
285398884
889853204
178674395
376886388
359066200
90299756
747559363
218194913
188999357
631706251
166952913
140487020
23946246
794438123
293252941
199326520
57794223
620605272
342743061
676454359
536340905
94722918
543127643
572242118
122573951
359312520
643512928
390182516
331033127
504057025
156466471
592201360
491961196
560241325
246431150
114215317
470663655
339945632
389209341
1061974270
288961820
79075463
349117463
748086978
2326660
312327903
848553315
269750567
231244399
698984801
204217424
145105290
35482954
29821089
287660523
597019557
163844483
3719331
112489642
840175916
807703457
304636451
376832529
224112191
347080752
389718506
38044548
6901801
3898165
119564911
507427800
103183823
29190038
491107624
62190673
661510480
492244873
763568993
418132873
449138462
750856129
76043357
210711750
146569473
375974490
840700530
475988420
46562045
584939440
809935930
216084544
447346959
436562425
119899418
249729702
96909802
119177479
263520238
107000170
757677023
233114442
350673231
29661386
41949102
316168769
61152759
96097149
228461625
189640848
124253650
652653678
321849433
662569913
238223452
252923545
575722500
717432538
849017672
797194387
129621458
201095757
58556849
373303516
86219978
170105699
161435769
133513860
681774606
113345238
742063611
223588728
701055545
662283504
611149733
244226365
329007775
28981960
2519445
264885093
130313900
171548883
151905680
327541590
323318325
253968804
388483363
311364952
889261644
136306286
311062354
342494564
120429767
433145785
303123923
347987258
127814514
372996975
112448255
259042753
146692476
788263536
120100475
298210366
798250815
260970136
531377164
174643232
111246871
43248836
110621382
547777498
400597849
293296442
231204166
987313002
650120683
436802432
18757169
307158165
40577237
64331111
452138383
197621969
523521521
258775424
6757738
428282590
334964365
96507730
276401645
99304949
133833063
246057749
356757228
88265825
297598936
730525928
451632911
314308731
206058654
211808947
274856233
411896997
289609948
44032865
361178467
324472159
293671454
81111805
413859226
165507839
575511683
53047489
130729240
343582265
219301900
156979841
117909026
218075065
337551192
27528633
74611187
156253638
88743489
237677118
184509261
398706661
225372264
500491648
643336458
527978710
88425658
298851576
367577491
392312783
466810739
315394502
559937933
3572613
343901975
306159042
107711036
196950782
92285421
660207211
729611581
273234431
17731580
134210394
200670181
449937060
488830856
21271964
149334817
796579898
298046741
436466980
781670641
518049024
413082095
950340658
9794262
405296379
374359766
218954844
829237872
396368487
582660815
541454046
622640878
250599576
345083096
625440124
930893448
228017216
284510387
204113653
254699596
310522715
137363277
205505338
520464976
929212769
554623352
272325183
117949385
472932282
44966624
442950018
127735336
89552408
464898419
334962000
463815213
386538737
322337387
258918259
541938108
616197839
511138769
623442236
14087942
403571052
89145811
468106451
367352669
101309778
57148341
339109702
217106962
39805603
174602805
814228082
634080497
224071279
136525297
50095338
89436189
939397954
770095773
275133489
122500612
178645210
550962638
396840915
804806625
735488190
5478909
233457311
4316985
358800823
316307065
426134452
292744495
315346042
926647015
152748535
65411116
154085472
579095620
253278078
479515981
873178753
392161318
450980828
647973557
26990527
293441
37454242
200893956
122732009
1027229780
774077238
560289330
38432552
30971491
579093083
530053778
50947422
73158744
268221290
803074822
106280443
507750063
371841528
157601078
132502852
886014786
21789307
826953410
120991811
553119839
83721828
270853884
347281239
856602677
26660713
151240251
366501283
412468380
140237728
447361319
408130563
320335303
3707516
479581921
92665609
484744179
341219017
361680438
258550883
357908478
411746109
49740251
397880844
253536766
734871945
282005522
151112859
236327639
85559344
629767610
278364650
90563005
234467817
175227712
520533211
29161503
166034921
305239148
369509873
129730826
80741133
763818334
617618030
656778255
125500232
296205124
168032955
670243763
658420744
338232374
14041439
287048454
82174476
262804481
110548636
114674722
552205448
370938884
471373022
10658589
307364542
230140236
75668615
532306819
891297525
474319426
811095618
291898770
29435399
877639224
361363243
242974563
215687760
751627077
114240475
270638035
514268549
17601535
577881093
117273533
36684540
442127923
184147390
235280181
669202582
705105506
541144538
623002518
647588893
415064289
200897566
161731323
269245056
271876455
306430165
279942326
86462183
60745847
802075758
760478213
872712025
47845890
238028273
390059891
255294193
868289693
348144816
309152219
711381744
563968766
585564289
440187727
529045861
51396005
21923774
37893779
315320527
511759981
481257414
691015834
182174208
35942831
705443796
439878243
365370260
567152249
12045835
349968994
979275660
577569765
536868964
160931730
292307638
789650668
128308952
556861280
80751920
410919151
292703143
132222849
513213200
818521345
776520649
15104380
69570242
50173804
598123546
552568202
233798066
454716937
119341918
476457980
125398939
71645069
66894252
986971008
29438200
799215272
144456091
791669301
813031102
812250278
804279403
467607364
85234692
270876292
157755597
387168449
342004484
243510275
528999156
558666083
328544929
272037954
168488973
70949270
238894963
179335875
591508830
139514032
92859589
742255574
148649332
172526105
747331927
440106072
217531439
51460891
729176594
80814959
155280285
176083977
66703233
416594687
224228466
249855210
234007094
312280989
363675890
136128298
999347629
232299741
592478235
369421483
290922678
668790910
172432939
1050933773
51632379
382130225
485421375
990636980
544681755
112106610
297571807
544747634
615219893
466891264
570044168
313381947
57179050
143043047
160718284
587521039
446322644
267102941
493632218
675409805
597194676
650132489
32974999
56541306
716750728
732589789
212474912
310425215
309974036
387899180
217234264
355466900
95503688
710330321
95361692
710975651
115370049
109369778
133104065
719811854
398254659
370826510
120866982
269712871
664905575
343159311
288264572
20811887
882396372
480403986
173437675
237703433
724968897
152138359
307770510
31233211
617427239
247874534
527520270
160490126
93709134
61351620
41957993
213870380
7029078
388769385
416993915
570016553
286723557
662794407
81774667
371777156
172453830
1470156
938242299
84374768
495887376
694285001
518637634
432077652
888130692
46882549
634962278
403869763
153012263
758783707
222015856
416857183
32397100
349143025
190847658
98184113
922615575
297253921
347559532
175371289
796757031
72223104
412613326
236203416
759457917
124215984
560119489
400371584
160092079
487669418
310729418
617593621
260649341
527275797
4740338
173046513
252668560
718754706
541808022
313007483
206149231
680128938
212624681
247077905
85652597
292518079
221720547
338415875
102892030
797097336
128949242
427380640
7811850
552064083
817311451
834061816
412484046
722260148
17673714
415994974
758929558
84072619
272799399
291009946
207116372
109671352
397507420
14254108
541293244
391296433
455167199
719212285
613821343
727564604
256978864
554319816
177698439
208820882
484553935
996375602
170627282
516832104
207061525
620227270
52607285
346716397
237431985
342358674
467067862
283871107
348795348
212666071
905987537
595338735
137785345
102380771
98978841
469900400
643616826
184393825
90114315
731916640
166818615
70769807
135494910
91525605
307336880
612436902
522139241
207731393
221636991
350178512
152474055
1011475324
69189242
22238708
253222870
660789879
262876893
95865451
299955670
863224856
84262067
346281528
853807126
492056424
151739753
45633597
480920287
792026638
68211629
279587358
153693662
909563724
354838408
193660233
633416699
490627726
263648586
354506661
295881607
45409561
706942150
372620628
15354125
259827614
151894893
343385506
1034897706
305711184
600876899
439569853
321185014
769709010
193713888
204071866
49313463
431729899
220345171
273788748
448014049
118810489
197567913
152488808
180280945
599910106
291975358
179651350
229266545
254414388
130739826
976236486
539946167
516001240
231821365
74291808
353348799
401312332
580884376
363664784
177666408
430451652
649455264
474106232
134048839
72277601
889764662
499151782
307034115
283049618
202278138
344243294
459436452
45374522
161335099
351921002
87388966
267748005
260416674
5052418
487036622
102566364
625973211
18208035
421330111
172512386
46537518
254331779
263437010
171457270
273318833
223511725
284891596
412212567
162663098
136064502
902424082
46630681
285995480
953670125
662234598
271062767
108606048
468639452
34622347
619709742
365482766
288563215
366793570
366699369
885032514
418951172
362132890
51017848
934335866
365226130
194348081
486128244
75584326
769387149
23951757
118710104
62464652
703042805
180446779
410022646
442839550
717191413
393403523
50972157
506685538
165391930
23826038
35280557
422129736
323679798
182559021
536439722
853983960
482956553
13131417
623887876
648554790
646625811
813465530
327041817
137620016
46169183
6313123
102396363
73625348
11408008
434789492
693235906
62239740
333952545
623482900
818034500
435698216
220595593
222394960
405308184
57667114
676857437
100484773
1277354
388883599
633756893
39304002
302727157
944487122
724167442
257111099
423342848
141435708
47789145
172578548
461608314
37381083
476963435
169276141
303443948
38102200
646241425
858250170
9341026
298379920
497859086
111520135
117397767
223211125
387160979
485295027
693344325
203790768
602870621
231186672
343207265
181876109
662665799
559036723
413935888
633603470
390802109
205303736
397969351
342554816
244630009
820807446
147045066
137114102
383101125
450102135
50698732
634160821
190120250
801718646
573265621
511567206
189336173
249073907
29337946
697362675
321795502
320283578
90903621
264799423
449345530
782314449
736748532
609554342
492745178
107486969
180608241
102434895
462124564
448302641
76742774
507142812
278004917
316617385
262254019
29947643
58724295
912134349
211203661
706322705
72782933
693669051
620100778
376071714
345300388
181632622
317060541
80181021
574280966
507857856
559983566
122805727
169850272
497746542
417673467
84998481
52809080
566225856
207053144
591404378
79057383
863986346
361766981
436261018
53370089
541325605
216315167
373008984
68410642
556106459
273755159
623623997
227381885
47825548
362454775
132088097
572130645
826332175
266404396
252052702
103537553
412501028
415164047
227172795
99406666
438596607
388725694
116603063
222665882
56381193
752544674
192504265
25940870
387316564
993887943
439500931
10451815
881364819
644469857
493111635
92804468
163667389
368104303
235552835
65901503
858717780
224425748
30361807
666538335
839971895
837048436
341641672
935710663
66029108
417937145
580879579
388434463
526318696
445107135
457310564
882046304
549256458
130899062
235235156
539648461
59272122
578448042
277785301
39425057
24784016
827981987
60018376
211127010
40840204
489760333
279106601
25921582
70101509
235128949
492456029
91758160
200966709
9066816
295779633
238878843
103727066
577458088
466139799
52194825
184587720
246790689
43055968
844398825
443216278
581405326
362033279
164620119
352721090
170238891
484777259
49492892
189131385
452567962
334564228
361758774
859692200
319723691
225779798
637247715
27149701
627514770
638283835
64563800
146266504
231396444
379533010
500396800
218621984
384011718
402356729
73247389
374250126
320779892
135485819
962699984
289976000
453851826
670427178
318011352
400665117
280867771
25883550
310673251
315162827
75713954
575905106
474030822
262060002
560828688
262498683
303432488
279314185
34925398
349434763
5120950
614152522
273375878
417332256
151645147
73904644
298451121
124916930
32392667
616315004
191787374
492821151
542299455
308992949
511603663
376847575
735788110
142298591
445415913
865176382
302983532
61262233
343764626
602628740
1013626783
468441562
340240803
307634558
272128650
360080848
474016587
335511259
446177241
249629958
329337706
559902134
80761137
868071717
99431452
779861462
147018194
373748329
51291525
313586106
114391619
19664506
322021290
770421
504101519
459107641
479566947
79822921
693251731
31763139
19491848
246355453
242906184
51358596
956684200
217782101
158305228
745385515
731490489
477104556
595118555
65228615
226122325
376332540
921615413
41427797
84686175
713801538
525821925
745274800
875650923
45470814
168211197
462672020
451019453
571720533
178228074
1547805
96514544
414025624
491629431
218364014
22417274
343768708
189533813
880122017
286827520
401603272
73702852
164835614
334154807
298972251
29712443
519865918
562717713
230233197
438116477
47577220
48465085
326213962
6527951
374471187
82233003
123234693
58264104
310149524
463443420
230693111
721777637
77025378
135547753
825905717
414301075
65021680
61993455
325070937
31786476
205061788
65420003
322256413
255429809
561334732
601262004
237355711
500366375
831176753
352957845
307331451
127679757
613918197
145356390
136171942
259763793
558556980
152751560
245166610
167013759
227014203
195415637
51545609
73595586
49879650
319774895
31785205
831745275
728593347
271241379
11227524
321179125
227982042
129211805
439043814
521155563
448948082
171880229
489656727
283278249
674812527
530224378
768738323
320948691
559657699
76801859
231480258
694286937
150797335
488733560
207576995
472696286
711368986
118637504
299818621
288485135
583292268
213758712
158104483
5548779
77875148
175975661
628208237
651963477
92634138
866272688
178248523
469838266
122756643
560256909
530013447
577241751
488568454
170298627
162493849
394319835
235131106
237545503
425164335
811398104
654553418
319614393
30365249
431017073
54243163
436067455
171367618
94519243
827189623
38798527
115521162
24592283
428641624
34913438
607570644
654721617
373981278
386963028
192578493
260249904
286320148
220353728
6214438
3848678
67349069
90724022
569586345
519699563
702396557
56392866
585789526
642379725
387261362
647824118
186485349
514561475
26846996
81924689
322922975
576312129
271908731
105184415
198005740
473737814
150149259
449289721
611545060
528726021
236747666
305204660
263193735
421934106
205338586
783733786
97124494
132319894
93674562
30624908
337307323
149908157
157962078
348512992
869464344
239977075
370286535
527139918
218044720
217082154
387926745
794297976
42712072
197195088
106077117
17104457
24450051
209108662
357231092
286615350
377463682
420270587
189078254
562932391
112390882
45030368
336978841
185944471
269986626
49577193
231061852
336524429
90168368
750844281
764004546
181074942
218588954
392570396
41506237
65705164
580202260
795841640
211524673
240191229
1826493
594241782
444724350
7996498
485090716
245948003
485007698
570858910
540307814
161315850
145334126
845279221
162974047
30845641
693556120
416152300
922505344
833438717
257888787
497264317
119922776
156584655
697714493
285129349
481693816
130261012
620551508
123364807
387302376
199932478
263662523
576953189
80561958
205520309
252791276
301307666
200906938
558817702
83724100
114225157
666302701
69413032
148839172
77031534
75293750
400047269
182307771
95468228
779520399
164494597
499603543
16480978
919677715
733101747
614987114
473187531
538774390
438899091
112559794
159943480
83599029
400734968
420269222
171139791
693424390
397847492
415752012
252334831
889819041
602866003
228361695
145700197
424869156
417347207
28285154
567138959
149687268
551675648
592999210
746027647
714051543
137217724
386215397
312720984
588744066
155729256
285747473
727785822
373119544
290938471
608806868
190834808
475553573
525392647
567683737
982130881
92182299
320083335
202984540
109435442
22457768
147954636
566886744
149479962
709329281
174654627
60129538
184037706
51668548
483087167
165387225
217561699
231137267
601098054
285723501
74210884
269022138
373778023
434325523
87862829
236269441
32339865
236851585
556993431
736514872
20242593
23294233
172163148
321735552
928251711
400132174
152244582
39994332
533415987
614451313
31426044
60737003
58506238
758572806
288619903
12588074
754345050
354416958
993962269
307713130
838501000
46396164
96358351
420772536
473690027
46531294
319163805
252315021
646445961
218054830
354326210
427892948
196120770
311886530
225539983
415820864
88002892
704011918
456262549
692687599
63676725
195777794
562325712
253624555
397712009
301539460
611134353
154302971
196586461
116420468
547728314
121203928
155408929
268739462
53886435
775368136
531005587
106455526
450338610
36734551
209258393
495860433
186741919
260118378
539663333
264658763
236507799
548009338
215969430
90042618
467449792
35351705
944449710
317334112
73110533
3436877
201178500
222940029
670664423
159679013
645613589
245545822
28993805
417325442
953384195
193976470
433691115
350574565
75187087
773693367
371336841
698149617
338722047
72203587
150241052
180946412
598834836
477323593
148044418
605985882
490964455
390642372
371353369
17930101
66156466
54728284
38941695
36286458
693643589
382922663
695280168
348643329
547815976
228705243
115506158
159968386
16986848
350696128
63288797
481518633
153900472
409983200
218604876
25102809
592905735
806039260
284614404
356891957
359093632
919538424
76739214
198143086
636339196
239912705
298767649
60878991
547576228
163161989
40516008
326366891
950442658
287473779
120292656
192201395
113123523
89746548
357590219
274186619
223103899
411703835
264889595
390967070
12273099
719372552
16893367
262010525
205512159
237832223
455956591
705154561
376856707
446410599
265669975
357998233
385365878
151362244
706754978
136321205
587107218
406582047
505720875
384797014
506212310
270450269
751841346
524767623
494779821
33071156
432098523
776868551
350883595
584451962
516816135
291625794
69883273
245772753
59685616
8890876
576263294
114023826
651473133
747370052
593545040
223729712
107106517
341059913
120890255
708435963
159731386
19067935
78299581
44597863
13197206
526514835
679519648
759095745
310651112
353317542
409195456
958221611
644499250
499646493
81217134
44919481
212261465
264529367
19401271
506491997
102434016
690452212
451949459
803193541
586225162
126801238
226639459
995325634
394130770
508268983
333102923
285398097
230833223
50614122
628037548
480321575
635992761
35911299
182082624
322977800
46732565
483081677
529951334
103612640
311591717
884279449
9450589
118505287
268478872
581851113
524010415
576211626
608899839
740648162
680572859
651833518
403721480
322852826
136151447
306287590
215124008
918034481
11741637
271713990
636209776
37748079
240585219
167415406
904532180
531210260
96338634
389615746
415568303
588066102
102739236
265998195
502118883
463958692
101586380
641058380
967498209
874117044
285330406
505531749
397864050
54084494
222077540
358268641
390764037
128808549
589463346
88115335
102144177
521598163
283344534
520141359
280392442
21260872
499476666
256962144
214675912
891387794
92951163
365295441
797113322
417744447
477061018
553175382
511391577
53514845
95023474
95506916
876119111
67743154
905851519
121218473
108563186
386126636
20677070
463875995
165344741
733205768
495505648
48143112
103086474
116688508
545884027
65885457
266669161
627082867
111962029
280481155
443736639
179648394
866698036
339475782
198654748
101636184
327253621
208476197
486430380
789115043
131190196
287071355
153708333
66711749
36412843
666505279
478966761
287090420
165291758
340089747
164784977
214684594
18246966
435416554
85327659
580788884
452799987
349641182
477979441
130537060
214427269
78482030
635946133
373318523
78544149
144428449
552907644
495266415
499738455
366605564
64333379
434937838
767544894
22528365
12055362
220898084
391191511
84704573
252713296
701648153
26795593
513749667
136415554
12233819
600928790
787925532
454400977
514562906
646947271
437026938
543003639
208652129
339325738
50082826
929163543
238514604
800232176
29777860
702906146
38392960
19813262
442591876
917650363
35301977
305209303
902883117
32863666
255371639
863156331
195131376
660932773
288455296
168890638
294677052
515597557
149331316
442081395
232334695
385212875
968890100
414748700
311458558
152472032
93427865
130429808
744479261
551049361
718339281
711672495
124279252
163843615
263948895
692328206
234019384
107777310
213991522
343471460
429318497
218858713
267843776
234657478
851656142
35628509
408559638
40050619
409117635
666668801
450007162
15803751
91577893
240938543
139548505
394382934
693532404
762575821
299560808
212280396
517333201
176266122
376608701
165978221
69608270
685321062
329032997
359721068
195668301
441990191
305385373
134340112
148088274
215434404
138495739
36022424
754368775
342868130
282076792
211798182
176410106
657319211
322179621
386604634
46553869
976378655
471028199
93949336
99891983
353974411
534519137
808609059
630224147
288641675
288493845
147157939
505099397
860335029
711825561
215042240
790288974
322079227
261693509
697591888
57807158
938698874
619200029
339361997
210520469
134907214
1051832106
504810129
59908997
257308725
659782127
39081371
199046542
125601927
29396815
235113890
333369022
234924928
246435764
891155933
264549597
788817941
323113623
845607288
259699422
679220062
125231090
41096701
96459466
566857618
448964850
17359175
1015628930
641843317
442499879
153305717
406281608
34884977
73882400
32597703
854798886
548856413
859899667
275610124
408203412
98642118
184043077
81779830
379612531
947678757
593775135
122917378
7804695
118468394
694595266
830374989
292535781
878911027
771110185
234109327
357362848
562349742
501495853
289894353
415124170
470421254
398388859
235681027
619172990
365010960
531104904
19977807
301864405
187848308
703555884
38419959
24705085
40269573
747144234
30981519
214465211
66792901
151793216
76416589
807502785
34793098
725181853
347919987
953043578
567751353
193592356
198744481
766163026
52764914
25707872
140590580
263687990
489021315
510657680
726028150
448277323
372213598
736804563
397218101
644954633
613991647
499214077
255197517
1022627424
134831534
534229645
315830684
659203071
153451050
494896998
127457356
454003533
573017438
163898746
9446055
288526628
55685282
288012658
283031031
285558935
475094741
43388683
12195365
58971603
700006831
419037613
202829240
534212471
584425477
92591653
42194241
686933095
353996868
231299406
33168527
254222870
93471302
956043738
251419069
118908849
53911532
163687987
708268501
130691910
94508573
80032167
179343241
955646261
517713937
423615700
219710673
129690512
663127419
53046002
390092359
165361592
733942362
336083301
152596711
701640868
376353834
127511449
302716716
12988703
36749031
429394385
18838336
95905951
354519845
897975840
180891058
125565866
126241704
514359527
138672299
674276500
56144203
817201830
13234603
585783392
366483558
794888474
718399904
396376605
774477001
520075062
319829697
311315460
210914080
254029337
170233123
569801799
220752353
331587759
343963910
354669572
214564075
794804931
1016891117
522556153
600449027
238451469
872696057
341906184
639336065
840225917
320311926
27405384
154276400
365261207
93824486
148675795
767557418
378463557
118453569
679093852
48340049
376303822
889074709
419107950
565012054
674151814
510041295
178173938
196953940
403743539
113866168
255396009
344980185
93670908
891597812
247415396
173416404
533655600
163126848
414613532
605123300
399497059
258705247
332903907
117715871
143333151
555983539
7345742
84201105
71696809
414725602
272265164
229797786
661874042
269707806
342851271
240562466
512374703
386291016
12831177
11159889
243554021
371204262
58467556
352262251
925744643
627368043
314628914
313495042
418917062
2738150
115947203
5437592
395395261
495967372
446900694
469345780
301692905
499711807
139212798
224582659
106669223
626942607
427594240
332238077
342521140
22723472
287427266
753644064
78874179
119645522
101678740
570533421
171402462
184847110
771401487
131754936
74078913
618933500
164179279
642857307
46658043
314442526
401496828
82797185
226806355
472132755
264462199
692124352
991622071
447326418
85031623
775888161
320626407
61136099
203018268
50679878
22386223
287023782
230526263
641560591
321886
291974441
62967104
240464484
240046770
757066685
413717444
69305995
476784370
463454192
860917322
493735079
387537200
142055061
319294109
318985668
604008159
491643581
166362077
604846361
777458878
531424425
84417625
88060870
10483647
602370141
335551236
217911711
221743173
146179949
361731329
426973039
28190471
430561519
78891426
68813441
832761090
424946232
236990565
270300325
294670528
711028289
106921089
113050560
304635471
527092911
581895348
345330008
656063083
399147500
75095287
123670737
747112867
214692673
690796333
499146533
184382264
720955568
208153611
363168685
579148619
532017941
497087838
169265631
120544870
81350929
177397812
282953811
703221006
672376472
113466309
135730938
48686990
6649061
403278544
854440699
471212511
666695710
446710810
583407724
610810458
550999138
339925808
199511121
615602986
806842925
228022987
37535925
402967777
142323190
145096912
651274452
272987157
389582956
202062525
329690868
558177340
75232461
721536656
1941710
474162125
233574868
64955244
482780275
192424213
52140958
485113759
435417353
119173114
358008623
635006498
572752114
285895776
27806174
123864986
330930676
251162431
449113548
706674049
371940808
404881806
873883818
325798008
244424881
255643881
25793029
42373984
386122653
809481131
677912056
206249123
209033063
225539207
218550448
32005222
89540423
327890
173079410
462969030
342324756
405996787
745218666
379255703
621903672
415241406
146526867
656668852
26022221
24109772
339457478
318005837
125108166
181161847
462522479
101494617
712402367
52906359
186898883
852858466
68715829
13004436
196259243
99993349
32120614
440758070
323541064
105728237
1009392005
828712322
812973306
386239511
18763827
805038714
85668678
80404948
937263989
217370673
967955024
384822699
857903582
666026975
18264875
634681485
383882649
369111466
103668373
342861970
239185375
409802892
381094387
208706272
227837964
141311778
762533161
418034987
289315087
61441381
65255755
533190150
350154760
9893777
634958498
460551551
536445452
253571778
552444709
457427562
166213164
154292248
402523906
732605727
786587398
293673091
152849963
46195305
670149803
573344001
121291378
313028713
220643743
297325137
698561033
401512928
180879051
780572896
90327877
28006176
301604416
422114757
668433984
591083699
601201490
541494738
544784241
41373670
606058001
31940973
335270819
261532778
855840376
583880798
261394323
470020700
747906644
140953257
936979615
242796635
258684116
74258168
161861094
859231178
75122047
140568519
502151119
504308298
839400263
45373209
536688757
358703164
446773536
39420623
517026183
217373946
527466672
528118115
265268629
627960497
353781441
105994554
448265207
135597653
144940461
147202269
398340310
279948653
295290191
721856581
968574417
104102823
923909125
417245115
154413306
83764346
740239919
259594553
104269878
633729653
1262944
10022487
250844514
113360067
648414627
242403525
383116162
2733547
332738882
679447277
643943886
32767281
72778672
678992733
161319440
402199693
889866794
376909646
98935107
406399663
93667515
186273960
125630770
807868301
263784158
421529173
152335237
504409288
527116
942762953
769582792
501884762
203132720
275224655
188645882
116376504
65265886
561931593
483378547
326450304
399453570
57189599
242054621
492785861
420630737
273874149
383864746
395735796
250295129
113903786
8186531
614851313
351459648
56515364
130144819
319117687
262516678
199879246
467158723
218468748
9717772
402377600
813359587
515690641
311530442
45397026
940218351
143799880
602691758
383985307
295238470
315402066
248596041
408013105
113964794
453299133
584465301
473606800
766413203
123697059
174121910
693115823
458837634
454800376
183211205
533834466
586190024
728052812
28292713
505798634
514802266
237439476
332902909
228799524
96007158
757693730
354120609
560926137
70492373
81714235
424208357
268149512
47833619
9966140
128320046
146491306
721898803
233528572
462513921
174138028
332890814
671968347
734970647
27468580
848765278
317260135
248581784
91018626
150471123
172801322
107975344
525663073
356353979
483142445
4232453
78590538
220908188
625755698
152050008
121412600
178684217
154642967
673538310
276532090
402251945
663498572
267314331
375553658
176859633
168289788
285393402
304988386
70476125
295107298
126915935
100510898
15442522
300115484
123217732
193861992
505660236
534338114
772992246
337001794
140740513
166644370
263317341
442448902
447564636
337162655
86697943
304986781
134575184
236473879
302822987
386191462
621327964
34147061
356739955
19060423
691750291
388609387
390477673
261403328
192293168
574392083
87664464
321228
330958131
659561226
478534943
74153910
132647452
227230343
661342099
911006324
691594257
26619144
690382496
25010247
173025834
805526330
152317047
244889044
604445076
533403935
179881615
817732538
36738816
325628720
610120785
1200550
410381721
354822048
327285064
925556187
1002831803
340666259
320114299
351998440
1258192
288485230
613148976
247725741
296014938
107898164
225549017
237234970
37420576
244083435
510976786
279443285
934622450
334332371
309938245
157050219
227712977
84986421
319709706
142206698
379423744
749494861
403502695
31152487
392505189
203798284
246510254
67593845
310869067
706165566
136441271
33041678
658952206
63705038
341868439
84896022
310777491
68727669
153851091
134673750
4176357
926067152
473989587
90227605
430446028
517230903
400354445
623295741
444915057
388676565
599597620
66452326
209305473
89640748
504303665
268362044
593727621
397895144
386731424
768774754
142372973
874486067
123703824
737401156
399238187
205867597
271867942
132653909
677805943
671435258
48474285
222855538
433068878
71076393
220139876
592620866
762648510
129145880
602584169
31434899
864467002
12024805
142605399
302335573
463223179
319658085
465050562
101809914
236391585
27211641
83791609
196338240
729424056
23460250
462282400
883825884
183241213
50589301
258921686
233665975
767707982
504127762
175499049
49636313
248927539
360259934
28776627
999264576
386844690
314868272
610107598
566141818
415307346
33708323
314425752
353898801
92250925
763504376
196725560
426685874
109278686
351840364
683651250
20347470
245712370
106743034
156167532
491710210
832196717
460388638
342980649
542351149
263986531
230816706
663654271
437351575
63051567
215350020
526886735
683286784
698202635
212798009
862708151
146387242
881189428
207337498
748632256
426351985
227673511
324946538
518193994
62269673
203049640
120249320
753626759
627681376
264806586
345842983
114598769
323389841
358537923
260318998
392708482
449642871
314485121
72974960
357049594
254325413
349968967
660925440
97480463
24939928
193898735
430976817
554537538
73681259
7324311
483146291
54325735
189999821
272296654
603571820
379304555
817526587
476756919
238832463
486083970
687076991
661052954
911901608
609360246
944506178
632778538
420426863
530155990
165390788
219010728
53410974
159031270
409575135
245776064
137827652
641487186
614667106
495834193
120495595
532149709
474705033
443200273
563869754
520554972
31274565
258729581
530073542
890967305
640371342
156474397
745781880
565383969
590998210
283077166
444054504
438195692
459431608
50052965
623317737
974782882
200969779
842724587
55534658
303228391
104924998
401143806
686551975
346068443
66303251
657044188
445254296
181464622
140943556
202145954
201461070
634983555
283648953
493662131
809072837
532481248
116150676
545543992
424846983
223767686
527336417
141433545
54371039
311546422
98483420
53159620
307833006
130672546
276961597
719240471
397573328
157611385
389032457
482003462
391571543
220062013
102170981
827250941
11755428
680853444
398030772
149045890
272666339
313315428
205794712
154719804
185455566
702576386
117243218
73867993
81135066
152701950
556825409
458451047
306616371
8057643
197647497
754053203
544046291
83332619
123258803
43688339
284401062
767331170
438304349
636510277
17709370
650847558
521722371
261681964
275191598
368842071
300650266
457215618
111899007
445332111
342365537
13680825
408737365
250521149
584120082
229541444
222117733
435306990
201807669
365616757
47997135
25156715
753543392
1014246064
315611665
227336757
92904997
325029050
582097552
128825756
403185165
294093182
587173120
3032693
640396156
89568233
61039942
272858188
37060609
137447054
37704910
237941781
127168521
67024648
25638100
269630654
924283782
144372061
130229504
108643429
69787283
875336629
320103221
149637321
555631704
321413077
8639846
448102532
31692014
157791827
54660940
424422824
500666102
535075175
428827043
35007192
331941197
330171179
436788055
313117078
805093523
79897813
599080687
803088716
249665895
615986721
529191387
270368780
250108756
265553573
199957743
702360902
270112243
272435610
296253814
73877641
446216735
305117105
589695358
498440340
43712041
732206059
942679648
350135718
149250557
125722276
14480848
479862977
582257639
349439960
94730095
44481785
168922315
364776640
346156355
190552173
364683635
668222953
691427190
702735434
380430191
185247679
914936223
76181890
127675110
103145942
51680342
264771513
424631344
628645305
394250233
123239279
34804366
370814173
921770292
382602278
12293424
210393087
354605865
62108459
925174176
69898846
136735569
296220568
12563012
343368126
785327469
629925613
144780225
312901692
84072834
503744096
188942527
24683450
411475356
726427625
274087277
378347889
226462293
296645836
17826732
109230665
242285781
579485030
71205714
369238994
509861343
342337272
268604915
747714529
620682100
654443579
165419701
920152432
60408891
561109697
441377655
177555636
415442375
363458834
640553017
572876182
134613300
810747760
18833880
126851645
433812819
947749233
65542825
96647849
724142228
303547137
22881373
524606933
169969747
151427218
314405608
379418184
629904011
43082832
250559513
473373593
151302916
240177718
389459410
144003277
109890042
690191245
341579701
33693772
229594177
245416105
352025868
134925670
128976950
344731983
528668161
223959348
240593049
492486410
47369899
133156357
133893314
279370403
621489821
968329203
192503367
126890625
345141898
38137357
654143597
27889155
29443138
383758037
476707400
166371743
528345203
773217723
317257005
21302316
969313783
185461507
138104676
167550278
97217436
838562623
216591925
80218574
547306191
947356679
883828315
46822897
613081422
428384668
90076670
209848612
963812024
153045017
105312079
600355703
196513040
303360906
56136191
12982207
346330668
59251719
558531988
421763899
136374839
78996121
356232951
163287518
915248738
344180874
503386792
695052833
799735310
344154299
385748202
177037522
295012903
384977594
125671955
147940233
220733702
96828243
260080667
34096891
435954900
21445052
512626939
560071333
503698966
1038983138
810699479
520709858
160953557
242040957
236298765
236174154
653812474
410776991
787279057
645898458
36246694
13951890
474146447
524731646
296452828
394076031
97832359
187362330
708430622
10566925
330624090
21687775
20992153
811782873
160007102
744649904
240144165
652451324
236896999
636068686
170150118
156012751
742683512
571632903
282472102
146996559
374116291
574961106
594131823
667947213
56494709
501571796
162717445
181341266
122173446
198553698
23626796
303378612
238124414
658782316
724588859
133829600
244487605
932899777
716516444
469922055
173659257
61147579
463785258
834401712
312167189
310856343
326299849
446520788
463671538
72796233
339400794
373107488
55346794
205850910
156103418
379678783
591372638
545939864
15610704
65798902
388231179
417366913
871507562
9512989
305548279
543491606
829065512
391690843
185759139
180734789
390720112
412210887
222058220
318221941
459749588
526749035
470148852
587234156
631703174
212971730
96382571
25023702
329892268
478756067
329713925
289694607
1045195866
871035407
709917828
229487449
560817767
696971207
382303611
515099026
246583101
143824921
231397493
135084247
211853363
869184465
299189386
410795375
405441122
974518389
242517860
111189862
588315829
323049307
585156377
280555370
149619185
519019549
574636372
83837138
453780744
234983146
107028033
427070236
306748364
144050988
262043939
239612685
243513750
316597568
469395249
396489852
282562901
133036253
148718667
312499514
203572483
282605109
866932042
407179820
61162936
512714808
133169450
860408921
105152762
4000729
216896856
188493275
207681839
34408886
148540053
594190036
194976782
312990415
241444358
153518109
208943292
426788837
262844710
453928995
42124312
49250066
126666087
416801465
973944821
237477444
138396475
8131522
178580447
124630357
99863944
213694495
718834660
92612592
358697782
388149887
60907420
129266611
392829228
168456541
182036774
223170014
155711918
129415355
211232043
50231037
257012089
765851800
559738866
382365069
13183223
53087578
248388343
868393884
672892335
130911438
288378793
404656293
383612603
93432257
297399697
13606385
324175062
673882242
39884489
326401489
523762185
228913640
579857688
307817753
172074384
486256020
67762597
684094709
380370897
654882571
31081771
190149437
222276940
227634281
624006
129965694
154938465
596675875
566997004
283046124
181023114
276545529
206846479
702749435
298317666
136217810
75032611
139574633
520262428
740097247
172724008
644789827
358349630
270001213
150666053
267452393
25284425
457741545
103736816
43521761
819960050
126188953
184380499
345851856
234587974
230575556
418491830
559271548
122804844
98157869
253800022
542114863
170868008
162117267
134786369
270643740
431567019
25139699
81033382
321880949
60492696
238216205
294590160
211133610
286748321
611988914
14749791
59483655
260039553
155165594
208351525
61733036
751224259
736649684
490468824
14364329
497228642
795708712
266753037
174806732
203938941
61508708
277293233
683317816
655891798
32220982
902578775
351079850
760569870
825551933
147171745
402876798
558547182
12602481
69214835
548296269
294989425
208812673
645929158
217496676
522605248
127609115
124750470
681411556
313442350
424624264
219658930
138289831
212301895
698352036
132105679
161626858
134325492
633002839
143718398
303111528
435838658
529398714
600882131
489457744
161485991
2713314
595415590
738920765
283329566
516306790
672628340
611407690
182528354
34100114
142011491
83890410
54213515
25337515
170496122
537527345
242183981
9720648
110863953
98778675
29830581
420738154
231577489
47431647
134219628
838043387
575488832
182305020
194756141
353148009
389178031
395543149
345160064
232163469
371832803
288071508
459375758
303923490
237225003
275814039
468376285
281275524
715205145
69889968
465602113
43267160
201702998
132049936
489265374
894103616
675030411
355087142
206816229
259745675
73688901
233732681
451355564
368288794
644382910
706399212
76839918
439989794
266848887
391356234
541609049
922860807
38232116
208855359
715894002
442569789
173776420
765702570
311138789
746565043
362497214
798398827
878493498
195068289
157677260
829828521
1823518
326227248
328444165
149745467
709151696
595248344
474556441
521586338
531088245
199186296
191941532
109208762
389825744
63455856
1021102605
59078297
210786959
522412117
7112696
623493679
497203875
647695235
544891277
406056254
166712718
290843896
885316227
347650142
432273455
16019862
2296301
692028953
107281509
243378280
199316056
108794524
1019102857
753415032
394881844
610618533
205551249
88199868
433524108
204903488
242835809
27229279
223996203
9680604
395722829
36240696
35292550
29760707
54323392
306545566
99365847
229201378
453064397
230927490
350218002
149018437
322430178
339007201
279734622
71002952
136015992
924445137
1095587
471084669
629423755
295002084
199649924
224840637
99075623
780738771
682701069
85116350
453261061
4686954
170064431
503721111
448762599
42816013
340374094
80420948
557645713
929795839
317947723
140670097
599415035
176211935
187211269
167899469
141218526
613880927
196263213
95573376
177906133
692673212
655116017
597144499
510857422
401515598
183615825
605285840
429068666
159961790
36155356
366521180
749159249
625765155
364853304
66945631
211109234
486816707
574466205
199918211
306444394
426545485
38736167
105536029
178511138
40094307
657023487
858153371
291726625
414900656
166370252
935433304
486657826
418273858
569778113
803768743
860954019
638709916
214542443
349407129
33163784
337700439
148779885
558819906
259011334
647751690
496776194
72727890
282159821
25019222
635871381
589425269
62170010
175081874
292557527
139304603
377473449
511245685
724104080
353898873
778747012
174661324
149344039
504374743
107896328
136999697
211124585
100405423
284888565
133683038
313279949
274333892
3833392
92714415
695186924
281919408
945739510
725944075
399202872
831068803
419438798
191616508
306110207
849780941
916382185
703088633
443719181
121649748
429806582
244392293
46261714
536896471
749672951
453576065
254662390
217881687
962883957
202546998
367568298
168992715
743685492
304507320
566814949
742496823
37350786
192960777
88388161
268714016
194045959
322792431
827216392
550953219
128590404
80376455
82007791
150270328
76421199
543887063
218354626
52929813
861438326
8319942
68534939
553970716
696533669
324750390
393440164
712539866
353278587
114425500
309339412
677736641
360871496
522162064
578125258
730310698
219524701
859828827
285353234
847766024
174991744
200521550
507031448
122421166
529804105
2929301
505246402
333809507
175090629
529123431
184222283
58933514
461760095
6778740
581222620
794730908
587368923
432352835
224205430
518153187
408009427
44228330
478805617
431851505
160525659
471683304
72514124
81248776
271676286
353516646
663644499
175421772
761200574
508650823
656016894
779876736
77103970
224037857
854631472
104736550
745976140
261123363
646012638
119651333
186904173
765081929
60014652
70705105
435375161
46488691
191912492
649881010
575374773
81375434
257179182
52214432
217981535
571123557
901737986
511083625
392339779
195258006
539149373
361633492
201890127
506523281
127246695
567698970
985612350
169209240
1018982879
542333563
346552556
117423318
53734375
450236175
878537381
399843344
417724853
438770155
318221834
201898665
447031873
503399591
355679675
631573004
792466387
374479315
622274413
85128560
3389920
197339938
846934925
159768133
450666906
227748150
633809903
735130554
339290213
501061854
633383828
48612086
403367952
161076719
730004387
374291247
237305833
166902899
84986187
199663122
467591024
550790776
570305314
16839758
46851714
255772350
195725341
118326650
628829494
127753720
553146574
111332140
335996901
374188446
475667412
800203914
440179600
345071960
449515197
4269531
587618931
267020292
125121218
11949673
93074841
164005344
564144611
918028020
201241968
205039270
215863415
75902465
28828466
656791553
767490104
979874078
547432117
361599518
379334383
409938327
55227112
86543073
453727145
311386868
802734430
98618296
155349110
290287315
338294774
325032302
24024726
362260500
810427391
78174003
339843395
331330326
612563762
102095105
583124672
393365889
57303291
57126382
623101132
586258063
45691699
562727389
64112708
25256866
538979635
445766214
27168313
382832357
479620548
180051596
638182465
155281797
818271
1008715033
482464847
602375058
78277202
451094732
364863591
12084739
352236600
424382640
197238570
457437566
488584074
612029927
756187004
580560600
135257886
257354415
236473133
808067761
92784403
317732840
171158129
634229860
605687125
576191648
301295271
374914007
17635735
646550978
461185046
355371326
388909994
14675381
630553697
291982668
138735171
132157084
309990767
410360856
85842518
410664694
257506415
296816205
183837892
558429733
443142120
450609607
174697322
457155252
382224462
315356870
466837599
268662509
782085945
120679332
769409529
839664107
107708041
706510782
81005153
265034580
191419781
124198650
128137134
3227038
294324831
88054203
746467877
468137520
490864168
307355426
131070318
267887628
934311978
24438859
424404904
173141699
882552578
765853304
101025903
754908009
928849012
707040491
366317993
504741763
96870166
502669845
389755531
790125855
194845479
218877862
747875037
136700793
858725441
141852817
469289056
48539585
924928091
49203370
959008857
328004165
130347305
257071199
353088020
1002074920
200735719
679768958
23716989
516632968
429538708
429699174
645214368
883094214
104777075
715806591
720343977
127809723
10957566
335487399
424964545
386918045
366143799
392454560
522636075
267143407
55820964
403363465
82085352
10698384
750122712
709342132
247209892
648279576
345120778
369744866
92089460
376541624
179453544
774827600
415663588
32464137
615522840
265512016
61637704
637627769
32839625
244994582
526365309
209787539
175547808
151856683
137559638
418698136
273687794
525735511
240382896
133411377
399602531
61659111
95124960
274685897
628746130
918477197
73586968
417909588
261694922
252342234
338515460
458720935
762165598
727402507
110637554
55441125
540235078
314807076
373910203
586425267
180231298
524319037
479933213
67112081
446973737
424004031
284996385
297022560
199396523
286876148
45426387
135789310
530143583
202950302
497486153
448762931
866912998
567762661
129414265
277935474
721676545
208857809
750253750
552009824
371303670
805496008
270325330
182174509
811295968
203110462
321965177
107953195
268557123
661478843
587623311
653920511
708492229
69229718
241687393
587675557
428767824
45293268
287715371
794307633
345913871
66583899
9438967
257663804
607514274
300582395
716191934
582172938
555430232
393414542
28847108
297990505
455478604
509413143
316236814
749539168
235900414
744472427
129299329
228248111
371052612
843585877
564844094
277310272
92236776
247108634
103427914
329763612
217341751
265782012
88794941
622223626
252721685
128171209
283848763
106808942
570691012
263214575
494558600
6218521
457318930
635202419
369746636
229255994
169482823
299522158
113020304
610834335
159740464
670179066
397471315
464206083
189060396
560328404
79629544
783645089
466319116
347383827
308379061
44695837
35394675
645417643
137324272
512695157
857014390
731834632
130535162
424474918
123518461
218673746
127497525
364948968
42293731
392031179
782523413
244188141
386078182
235011428
659374388
709776116
338791489
17653469
2320025
244931790
299531546
185233912
27208820
729543971
26027104
333351570
159507964
821924560
25850937
932560154
6464007
775296961
673537653
172762161
72117250
421382331
352533544
220982730
83160742
415619636
762055952
327394420
161862935
235452308
855739211
389057295
15313883
449245471
598671488
314385936
644286698
3319111
445468098
924393515
381543467
579196976
91149026
185887106
324547127
194668415
580134406
290873372
432296450
48517685
175281589
654625085
1050536779
317152201
467175691
141651844
298933717
509908852
483238406
839647558
186829993
187003585
503902919
133820339
75351156
296393057
719333807
985956828
244321332
262386515
77260579
533176110
124947205
326921059
61071688
624338350
603338154
41150725
718011926
485880050
293726023
526558972
580772810
96682884
103386922
39656332
806443028
264963650
35992343
49980754
727834591
212573373
230587679
875219681
322878434
113817788
383661576
157962579
154723210
285337540
390565348
54778876
556725797
326537552
85476920
142369817
158647955
277076840
257117101
277064987
588015444
236836227
57252613
519848839
194899993
73432554
146218197
145069999
144282543
190564320
744068345
193066593
340729121
716737138
379119775
70511606
537398567
94738432
317972349
119440486
180443114
507335549
364377276
530406941
180731575
549564311
114454273
398047917
316079599
739564771
718689113
437155535
870727722
155154580
336638498
103056457
109754145
486321247
660267836
292134631
641745432
79068730
142968755
281365672
194711020
31801786
148444473
222484128
762971833
763572643
608256527
152909164
26182277
926452290
46036629
4716533
881845671
14398076
136847535
267497475
260634051
124377804
148039069
470120557
10658932
668228760
315624604
212491287
332818516
290704585
86678179
27113763
171564389
230604777
20335929
377594092
68867157
657003305
894225838
274909386
567226767
191710557
125060547
422083594
292206063
101085180
28736601
387377803
517016390
295925703
140829654
239867591
538306706
54586630
131281245
247299148
92301362
58395549
277244007
153767326
68264211
232284947
193764773
734299296
389680029
701974443
651926599
543241059
40575686
10076972
390349882
10243147
448674723
119152449
108857427
376328615
284793467
156827661
888932625
240673996
253723714
659186343
157053061
98053844
668750069
839148195
538209010
528090980
67712186
161809577
32957486
243247430
486825425
227011952
433821340
233513723
249952082
549388956
668047408
346771344
256126242
928992555
287438848
51206487
286415442
41196700
152709
205047273
367418764
225906792
710247283
122599236
747992849
489040300
631353910
734901598
284082947
236749548
131845635
598797578
341931268
144024991
58108242
389591283
217681805
354560717
360334463
579388086
260688495
493887055
858244482
303490895
962594301
942467958
668340066
579541282
619762479
473257439
329523154
103141664
613060348
122082633
447907556
730885365
207381722
322309970
904847008
384099457
587879861
322171797
28377906
399002922
920572002
16153208
90296100
777792685
44407261
163002236
12345360
326867704
365111210
19880351
320180001
101301296
785608984
434362901
668923024
5358633
517828452
248350807
217144849
327483470
692978533
314385535
604239054
719437513
239348605
271846341
609899806
447064984
930469403
947053911
64981437
136774821
491883438
656651218
300899128
85464314
365353184
128733085
463759270
568838479
480163688
172110894
235821610
337883428
741326431
542904361
187833760
578150466
497866087
583976065
788490823
55992438
442194238
311522813
811824700
72790905
929395385
179538078
429461507
41194000
350307130
886485150
259123464
593390528
289257176
560960943
291418486
204535774
538644565
423615949
748779183
438742468
275041486
827075105
561037616
91480873
6408865
76437268
806747636
125822447
471062487
25288395
232944095
410423394
808035338
710253247
576345770
8352486
26300019
528862094
65666097
693662189
378915810
316073358
342507801
570060021
954532234
127629245
405944103
106609332
525814059
629237073
203688970
947319460
247171128
207861750
265669608
749894378
668330023
312387121
636577359
254895249
276081615
30510839
10240035
321700483
592011331
333329492
58623993
827040622
196431473
834345875
176652871
619830775
185477149
87203674
792798727
713349534
670701697
46555324
34216209
955891672
100368936
691507599
483568630
261346460
428032010
559378568
364390882
13196513
305416540
428490025
91884531
604576006
242869775
350145546
59273151
217404920
682396194
162036563
590145754
70334372
844534464
328871171
553973203
25045445
878821958
170269392
528660067
318553947
575466187
315727789
454353311
745925265
23083363
770172047
517626508
426859528
745680097
620786386
513550582
634582045
645858051
336044482
108002271
551281555
133337564
287644653
11820812
747856691
355453178
835012915
543363103
151965662
632200608
55167209
356796501
169803202
134672808
562372142
650860825
490476755
258262663
78129636
312952675
425957851
116096825
554258195
104357980
138655550
740006424
738799138
967396285
285396662
216878223
545933255
734241667
479122496
190621903
458641684
22902688
157495533
244931126
134839450
890544713
734014423
432465058
96518106
540016747
426937777
23323611
198952281
895403324
521046811
7717396
96635095
161299370
659366528
321390481
376385212
657226327
155538702
54458923
164292803
126215894
59081679
653889336
5755140
68333713
407811263
221642418
315216235
288820996
37979265
451044504
29120420
960758640
527996696
117674933
759725089
93000846
516699500
212539476
645143211
887060263
697806769
323869479
60999428
466424175
554646885
253401173
804719769
497053009
699008165
393550642
242263202
276155038
643041424
154794548
484163847
513143795
159367455
9258901
118903667
409984677
46660346
427483547
438750806
279230983
149817208
573214603
922393129
839766528
306665274
232103760
665117629
269414732
231743947
8151560
166673286
501970701
443833178
408082365
197192719
520953917
213684816
421986630
52633567
10898609
25682753
673555393
303208
149818424
382230058
199921540
426462061
94893902
315146069
221835446
220400319
610966115
342039502
55499551
71659686
9128084
537989703
379181738
8181198
35210955
263997226
177007588
488623073
251053603
37338343
133762021
358284490
30945523
346859797
500561118
44631427
355313060
46695361
512565279
198299616
549281856
339362660
95686417
280171712
431086808
550682974
420490220
772526651
270194481
213195465
333370054
783660813
46630669
648463032
6328593
447395943
47184068
133503325
236696411
768519547
661189562
736186371
450104321
674810167
302653615
426981745
38999732
671193313
648655772
130277906
216701030
481720565
117881104
20978736
559746303
296502520
559186346
303714949
256903898
265487896
71305421
425322279
230741892
170746611
365487322
208592534
517216432
115888580
4917609
134151394
275792654
533764404
81831459
742489701
394018768
130762953
287906116
863928301
61869029
446782935
1017749224
558110237
43161591
395688322
596547918
815448529
79621867
159314721
364013882
494068629
818296607
263210558
138657380
720014886
413303361
19249513
811919184
815970951
143036719
505746750
212128391
461767887
34138465
738274672
91940242
203526431
611665913
437128810
779539228
142440418
784403701
202966588
133675533
827157136
446189752
362183812
280760650
16778263
167762247
576914313
655333747
448143820
84628543
285720070
443041464
225024025
414714102
225846918
151808357
605544100
171811708
170249021
470929995
136312300
553139390
524540653
831342761
257948095
306284825
83456772
297344069
739294173
29991656
102909752
23483310
36929557
112102475
928104711
649799166
340069749
381683236
491663032
48185951
140025354
756374673
611259363
51152681
308934692
161463226
455322564
212758898
611073447
358268506
76378733
376558661
47603172
620538151
673138297
40291857
74699810
270798702
435298202
555777037
42487278
268605944
717901341
227558071
732320441
33890574
283993946
787263205
567534294
382828397
253515345
417872255
96546282
200987074
1006790963
602186014
205528729
6946942
773051919
588294068
311318904
136972020
382859034
361163970
964727502
80321894
597140871
35848856
185472010
1012313669
400373089
161468721
278360523
363956977
254351210
520076896
690925324
387935158
192562387
291206585
409956611
195899316
212201955
463145067
247137086
300240751
483504326
282653471
188833728
552529499
73120000
704149155
126714321
209365979
431417395
313617582
243140811
677229273
243000842
303229020
618909892
472846948
382541781
385960929
848419105
237110793
767299737
655787117
363955923
334570910
392398015
200577541
676302337
598106321
593936408
12360260
144753955
740111465
19961477
220615701
442397102
223065268
886697117
146579485
211052510
260884443
6735566
190047394
790971656
372877570
115687333
90639937
99965950
132407191
246858333
690549746
105206886
19880383
609891418
481748833
649753904
466727218
14678220
279552065
159333115
19439950
46814857
134587910
519815451
725220568
559034139
11773936
568391664
673004015
455319068
319705136
252070536
380324585
196055307
559051554
65435590
318894897
281854057
338395470
721976173
346522197
625035209
773592961
83991856
457643202
33337092
1045744529
270382763
60454834
479060370
590226133
51416188
757096613
242686608
103714230
64564394
87593071
507922743
96944444
874243056
36639490
902306407
53371436
834240359
370205143
227646053
356010648
686147040
8504312
216865879
699415064
689302659
165936475
214906516
326636854
35457467
276107564
339523589
447721804
214989123
7658456
446158361
31021485
420918375
9004583
260303254
19860005
618643939
461663582
501959093
382594818
135714376
197502299
58739772
277232441
589362626
764563956
112889386
272453260
452397606
507998636
30561956
312213734
366251918
184225313
199104799
200180232
391667591
496181870
945130900
13915440
6125514
266557212
153389168
532203883
145804113
653058855
912038066
529837847
13106278
208662572
165751645
527017483
739248433
63741640
859428558
517745710
192264720
347747968
122471071
718299710
27287926
222083787
605286363
650641344
44467272
707089351
199760774
518077407
11486513
424833882
836315358
477597435
161674691
145577541
316028418
74560337
724455495
121457755
356376258
70443244
133734312
634543515
346953011
328350923
320025250
328239112
371523687
829567090
213497965
291588077
111516452
568124356
39641791
51465718
285570476
226288446
971113444
69173970
110762499
164389850
30787127
306428359
232678837
27543215
625619578
507284519
533520053
642939099
594336316
200823732
890547069
248916102
207981257
379371583
296538010
274609285
86555605
534743777
176918087
604611932
563622020
155366864
642825725
304198077
183295610
227803814
364125435
308192431
109462576
460882849
179965843
716631987
627013
515417535
6594481
435101537
216097827
241585818
295710718
30081989
647649706
670864783
28636894
346555489
162960754
136971354
261706214
183217448
511146850
825773233
81062930
576511278
423318341
784091748
340116263
155833770
221931069
493715978
160665106
206359911
1012500423
736231701
294476018
236261280
89125651
237425045
423635989
209099352
551704835
402979925
645380999
17639707
293491320
118907316
42671945
79928552
343468081
746682523
228343929
875450560
318739
360795689
159312993
81984634
539321640
123439473
335339032
805206727
280107856
362558808
47343645
914228301
108132453
969004912
882825859
554117074
99992799
106260211
724804885
630740511
515616631
211566373
576068092
676016975
295780649
723677999
143752024
247549335
828407641
248656360
357353196
422998120
637636737
122852537
456436907
699075746
815396174
67748581
183282186
229806313
186080691
466258569
552355977
222620793
687359768
377523947
691115425
697947882
827031569
343185452
230065148
402434547
50022929
963929592
214930873
181335953
591291415
151773659
217671903
45933068
290732056
543145691
162611254
147848865
408917657
525347744
551037932
920407657
384223150
104446713
94956381
84010650
184818543
57402041
785058599
484126250
265973583
347853812
298419605
837214354
46206658
108819877
276475176
74067602
478973642
208762657
581059129
662803404
266853098
311493024
53389411
155673470
246104198
646995950
221806938
285474606
58180432
911159340
134781868
83369687
430332136
17353349
382542298
2961975
403447227
680835499
412735085
367794689
232427844
438542459
476340317
535820600
265213685
73742665
433231532
152957721
388383143
181885668
380723526
620959244
10112017
230393312
176996545
650735281
289153602
486637960
765748841
67890794
387265576
842934864
308370918
188662354
171930902
566039333
245139875
848954693
61648136
590235713
16125520
129930051
268074912
223390079
116956709
53534265
412128745
292210289
75404588
12075914
710803625
440326837
177530043
478054948
233256823
652797882
186621484
175718614
159037988
325657709
561264710
110590559
179983141
265852546
42870897
278263733
346856680
187513775
688895031
509522573
146495248
413983073
292794951
232081475
568230621
25130017
507399049
206419359
291558588
80231441
16577246
678028478
833271279
342400033
428786435
685333106
195607314
70314388
767063822
372389720
397410041
425264098
894518891
405542475
443116996
244623095
480560569
473275058
395782954
183740279
53233873
50307515
435635539
603693529
20117785
214295264
472852336
557718053
221111738
28043977
323079300
683265600
349673308
212265281
209090515
239217370
69560012
522356652
130801107
804233939
556064188
23483660
150876341
287597956
678236074
680462388
30986079
12645643
891152368
536738081
208029549
101431506
457628082
250928720
122414639
385853879
3634397
492284975
184933575
808101863
136417236
103530228
116052294
904792958
221044553
315262924
507200914
474520941
629738437
98206082
32293275
667128510
189229705
90374916
53884284
111996888
248620964
187148706
497115808
611861233
165464161
458461392
132635420
706898894
493050632
36924507
706703566
261939291
446378251
12341116
277237859
287177046
22319719
407089210
179000192
571847619
513452353
410349516
10236193
57865631
94378164
812912219
111972412
291391783
28937486
215147562
914754770
309031103
36186626
259970979
739248186
327672631
630750469
43105183
502182320
307831336
512630722
188848880
278917329
266906959
701535969
117008712
87895501
15311233
288991515
328112603
743480645
128752459
254525678
804245093
250075545
674089521
433821559
80525435
646363872
245356218
116889898
335114822
275320142
103440283
161128906
43927156
171481814
271374200
670500370
10724257
50880002
152632441
152038660
914283472
904903516
488259721
75166192
69311375
448481394
172532196
223902231
21042382
215279740
422668929
405956147
96742161
461348611
911981540
100013600
127394585
190244774
69459999
310667118
827299815
173391815
334135377
424848124
22791973
175021796
156238430
46645544
216362409
328930472
530589242
624196164
720252602
166783901
36076361
448457396
209227016
68180510
389261712
530009106
813684905
30368456
664590515
530564318
340615063
3112341
926758555
655252352
804206199
314890332
182519910
92633767
246928233
728117377
401730742
51602861
362886207
580620943
729990676
68847126
520670136
399360972
979139661
363564819
27927366
198871139
553559588
679072996
517861860
555055156
534838868
174723291
197186482
212815441
345705870
403625436
256963453
119485394
193830986
189625513
310324028
4575090
52702778
361738166
77377198
804192115
444097621
489639216
281303349
101115028
527726081
523286219
242574604
471721312
608301891
226300701
626519274
202549190
740335524
136899539
124522687
157135683
234635310
174131987
87229809
488780647
276789449
28515885
405177920
366954363
532594720
687593290
282948662
63266113
413579674
195972030
250969939
798503328
285953111
423009407
260884106
363757815
961579687
416896366
22567379
678183382
123913043
602791403
68591216
3953859
328173079
297584022
145644012
276729651
156163611
7755764
190931585
28973328
239759594
155374658
452112411
465295635
306907841
306450548
1013980096
712799126
25973758
97645228
687194301
159475443
351807218
280529858
210712516
120409069
664498753
448685300
320890516
192654312
854872166
703056961
854633872
215402331
509835463
341138453
269526522
88821668
410209709
723864869
250914572
250566287
96818690
25629784
43207718
941019303
66485583
32755653
818740942
127091382
95257179
621714304
243420088
506661252
26936315
549904493
701256741
224825061
321700694
193058249
452307780
50528918
574540534
66210136
846894053
687787693
402017163
259128349
348733689
136930238
15422359
477141791
60984499
483221868
454621518
440078370
465365363
69200480
333520130
458917802
86262626
639531065
192849640
49920544
83443281
118693445
452473846
623739832
96900750
190682820
214372380
55358136
799625939
227512696
30554498
574532332
401086838
326128716
690786277
18137425
148545816
133924708
168295065
9066397
337233240
148033555
235824027
33072612
47095270
375255312
441252023
625462941
337964294
927085392
220423407
10664093
602925560
736971997
191063220
55405027
551861936
425366789
108397971
25111964
184203486
464246948
59725771
368887355
942984879
221279292
599285881
83749469
115409612
572888066
230142163
177582072
334781540
21974594
184183487
25065083
296703105
609283125
406139607
279870317
580817962
325120424
457359906
296840544
366624475
246925226
514042907
38169119
431590306
180498791
702902036
19595437
301947318
969093912
608510209
400422168
527905563
220764327
586363428
447144061
107297908
235547813
625550018
541394143
399091253
761489984
319456225
584554152
9741411
239134569
953774145
131464870
714194254
744734993
241371291
116547842
751415461
43531195
106221497
159736506
415241410
275777925
136159886
72657341
444139977
698060696
416552732
3633692
435158000
509691858
66729304
116866525
107879453
253063452
579794519
480013031
68682934
375577797
505158308
255541339
188061919
460109377
958157483
462221300
12070696
451415826
517438018
27539158
680266273
138136823
309506848
66757859
505499268
266295620
879951740
347549626
131374021
99870808
370901235
177322338
399222159
361815380
338370594
245267216
381736829
500837249
315506284
495359638
238186672
177055508
132180488
512513469
882388880
143932912
655929488
42787321
39088833
797733379
747649738
228518934
686240487
168214338
105882199
197107275
214456679
426037292
266310192
86372325
161155461
532841258
390080051
69003730
431234560
147466427
156305632
387222415
581120583
827223827
563563304
343433823
149346188
44970440
137206352
3269728
221027920
305434576
694981762
36789128
674339611
1022914948
735565414
197370696
87633184
210588560
444238558
17517723
419401798
6300867
50590990
39837976
442690351
3620928
199116263
258539341
575764017
179678674
757532514
71983328
539591053
324771863
862306330
383327850
233613590
120052758
111311968
173487175
204294891
579425983
64676113
16734944
234194101
550681633
191879148
285756439
775988146
217475876
449816315
370408117
269219089
451195415
4977225
480423468
394672611
76930976
82827558
339536234
51583808
170507088
22896726
765478894
520078417
625374080
593685884
291300283
86081730
331088675
72162983
601133164
392635576
222184221
16466063
851970517
612632267
156266734
375942775
747308494
88329569
517452596
854212111
572537838
131309559
216854298
57520492
182830661
296843193
767538878
50914841
5315070
421530266
98280952
328476040
688672701
811190063
698346545
533945079
42121559
177592903
468149093
359834594
107509240
818117762
637471539
171966774
297685204
594121441
501117907
642436424
542849000
487689236
299148625
728030162
295851964
313563222
67521741
180729733
792408166
113422688
44009594
176315438
812926579
417483352
307084125
502546170
564630123
346570816
281783566
702349691
133930279
25772787
233644956
388570783
587063669
620091116
90076872
240124066
43203173
949843211
32101245
921346853
314310887
1001460620
662672245
76285685
63475791
219781737
350788468
215167866
158655378
689132045
65577032
223718496
115702454
687896722
113846586
867788814
336410746
227455662
243736319
47519843
539199342
40520401
114903805
559129286
431651828
268310074
467252496
684153133
216221556
378500174
40000467
591058098
486018954
150106722
630507290
674371933
377210492
332337260
165259225
540765734
437243434
350927034
58263220
42902428
812840569
83954519
47835774
288237434
734912746
582494563
825570755
31666611
572602060
17708339
322142392
114443828
159814369
499988919
499589157
934084261
543123993
70693612
107338496
28879883
115433525
64698898
225701125
200081122
189537222
337940656
254135850
20383789
79038927
3825219
689766778
818706046
263185993
692331364
734801212
101407638
12217860
85259548
111705879
240216407
514369585
807877606
61927619
672710334
296446810
12740790
739260880
647156756
449681619
700130580
822716416
207489280
494788455
336851389
17613382
201889531
667009955
77120079
348372965
327176145
351854961
500061174
567027671
295260208
30323030
339840511
185640601
420736548
253012325
787750954
691735696
533376058
3996032
101226973
21952553
367817529
239592287
66075639
534492739
922613512
404702012
850211812
43857045
65826434
25991204
364787395
940282475
551324129
709773453
730949907
300007800
316862014
213239326
269776809
470122190
44203221
232711164
414937918
779330113
840206695
475138799
460669881
227476494
115444617
31440684
395256645
814847580
141525629
98350937
185761372
668327704
62522008
836137039
105130658
858154239
68918060
69313431
55087524
137028601
76902555
42779566
47988529
100023824
39615315
31477799
350874693
266602006
55354676
783190288
337278231
84643184
37646200
203265180
252771080
758851978
712703668
195484235
358982825
614659606
122028719
410055346
457337365
808480456
91969001
211148755
511140780
87589076
518483118
135933701
473699831
297801835
266919183
368646622
950539399
166364158
48004022
398165621
120499098
758122337
617330048
600092774
78294686
280926373
245497047
178358191
2865567
119583787
500404271
35035409
271874759
766230477
91451701
431065902
157226993
126449729
631003508
197357748
310540538
30951285
950287281
746166033
185187692
167708966
588351486
202177141
92288006
428983339
173717678
504422528
270172871
78195096
923951051
133647690
100662617
98421825
407886340
385523724
913626595
5041185
858801098
101011126
255182249
48247957
128551534
166339981
138817287
470023272
49730848
375599037
279225138
582782598
876704976
495343214
367660006
996858667
28416122
537788802
620205786
456773553
390020067
184772469
128012819
154899902
135808345
174130553
166638796
260419352
533600947
293764295
733369842
335406924
326325196
504690049
400807610
711789689
291843088
171059124
887593680
543669449
473644003
589930228
691345800
57293029
421291070
77874499
583680160
30204473
37265561
247505187
107224731
230409114
625439453
209364934
545105185
317185450
339879352
354456605
298832564
802672629
219288406
353174347
288882312
1000342376
543393071
59035069
90375817
707094786
655828752
5328771
531259488
154521030
755340884
600116905
594447656
143372083
918662227
663201155
370934437
659478505
155159762
406816253
676199840
249261167
58259155
757648775
76012926
755425880
827907013
722946571
705805570
207139943
734222292
490380895
320963729
250775583
142632525
357498217
867522472
33113611
375871150
670296229
420992497
274410491
307346208
732414110
515340896
160299388
332767902
736022174
422670573
437499454
325653189
275779669
875149875
415582668
372359273
308355286
295407658
655904933
126463973
28401902
506407804
324357671
62523497
468462958
659191402
168672167
253816373
315049758
763764870
163466011
11789876
172908069
334824766
572022045
169918455
96355680
760758930
709246039
758818241
105534318
602228964
280446382
750187324
699660119
280527707
307195325
592428619
15612008
230514575
332307560
403390498
34154381
27029119
299561896
272920604
796029966
303226988
42324845
221347
845179822
53229749
138468407
450003355
497152480
19382750
426749410
188357585
663798655
680057824
86556778
82871427
374831099
45324768
395703703
480400643
220104765
452424968
731715201
77372951
171832341
210173495
280235709
127682400
479274710
157135511
466189672
22620993
514387566
709092430
113875556
694140755
76821547
396759712
451304952
115836106
641940426
190147220
294823689
150460397
17691876
387535597
258947695
898688241
193722843
156738496
55694373
630522611
635076217
65398623
572287815
49533848
5173906
146663573
914848946
1036431689
184023144
339910361
342100069
171879644
447499582
233704985
987537149
121268328
139187516
228983726
182081381
812105725
104288938
602184947
544420822
177467722
186273678
744216277
869725147
332100153
136752521
344410821
625962354
272327717
449766894
268488728
358816937
448353328
714943186
130728753
168432892
171408027
88717475
358378535
508515113
350173837
617716441
83271053
359466605
448229505
1130395
47546112
316263892
24568988
229401930
712507515
191253145
83353172
412398253
574300401
496577604
368591394
65162990
152189951
228757151
699528257
116941755
185256896
224064016
104590244
364945831
20594667
800246975
61560402
764966719
570869121
368340215
323567030
583670621
429486581
432309061
121889826
186904466
267756798
618558896
300511269
679855620
494992940
92705731
122631871
500236112
379244793
569870609
100324405
108203690
42231650
136418370
272722943
135837544
591045359
652605506
1681091
930277851
4758689
582741064
408049671
209317804
45415777
98305410
728838467
350855888
274258417
244155904
134303701
542512507
773587360
419451103
20613906
114530481
524080224
182870848
45052238
315064849
294273715
526757662
63355800
281831025
214203466
271519547
244125032
627599888
253484160
489568393
362371108
349146944
46991653
278263102
829133961
469294991
214805336
956522391
397679376
81645358
797612211
70903319
84561636
321554420
362933302
203274058
190371523
54413321
490926673
514639055
111415256
184276173
89977141
16075069
434487161
1331698
508243887
427731217
41950505
362034403
491379087
84812346
38104445
339243053
70189195
829277617
106866493
600196280
540615065
380947510
313731119
172866026
74924449
578847056
134507740
217415270
138734303
284648180
573552425
56585529
725586212
809965214
65947277
367653238
798098764
164491041
308465658
561983054
596352308
887919135
597513959
164044781
874332609
402835421
761688222
447167612
426865032
14830771
392792961
24923971
289530744
37305595
143554982
248391054
793008104
243193883
414871989
320393838
185670371
95010454
107451866
36574285
728728078
197345707
138583687
97223268
328171092
367466397
158932739
388781895
465375064
238411794
57622830
560716636
207616733
93791706
124480972
189142424
239809960
441394107
507611871
689552341
837325212
107711723
549026716
530566123
50879248
599974053
119539199
325289843
206040095
399540270
329210887
565299462
242564366
970485899
597009641
625318501
704128844
366438774
227300177
53994045
285615690
297570471
290000709
263772892
263404853
112164577
793920180
792457549
142981538
31905872
103665316
287611690
199818889
224464740
272389288
204569148
284011533
185101671
949498241
792348704
412878737
440348294
301537000
849902402
65387858
605474128
22351531
167653560
306592006
727196757
103136983
291014698
326751325
264189332
811020025
223337143
36129331
384241981
93996004
728030588
3068269
105011635
252953829
666846741
58395652
573846612
89282974
316600393
557194388
116145464
835676753
335881240
109937300
414288164
145079528
714004687
1033486630
754408571
434866051
237490384
396530876
75916693
596567446
394466698
465662302
416132889
482754564
47827425
149068820
374659157
576097478
59728568
596755536
67260594
57470496
842437742
156543111
253543300
19555860
245488086
49855478
57987404
226192217
371506970
107054964
9441303
350165886
658557924
906042815
357155478
202833577
301170949
908859508
770679065
333526729
216497678
236495992
134542142
120164229
485666318
343359586
562080312
719744532
73039826
336204806
67224522
365062812
63950453
92204124
560287638
761650654
244457183
161994123
11551934
179868168
307279695
126450668
532884342
88863307
453014976
905146764
352468771
42262745
505336852
34445088
669696068
313526290
74524480
283324969
575231337
511097789
694677391
674700370
136085304
874841030
437756161
356319061
708181343
343401984
648739787
502519061
241680154
255886314
346546387
244248322
584354100
303036469
222815080
395529768
47456637
125722568
281464582
244407211
249804218
25949309
648125491
388851030
17389697
694853781
74690827
218049517
361042792
187872117
147998488
146045434
601042181
540034485
230134041
426697936
58002472
5458475
252763534
367758205
586781843
525715751
551752473
142136807
18430698
