778873816
45916776
673685484
26467786
107402543
216360901
112461903
247812391
588441630
888743313
664845805
140918424
542035111
215816032
308124262
225634861
97650564
129591713
193286054
138849392
281123215
605303439
48280167
1465511
151836029
454981364
898383782
38554869
986656930
282729128
10828626
606928592
712382517
774941034
642517884
128414792
353404222
528237354
73498562
218556587
457017365
114279772
314592440
832439638
399761829
96181275
488322358
157975709
255925921
369848556
849263435
101067619
96625739
403395065
137235536
145361124
592535103
43611577
148111336
936779058
93107315
26952746
397919774
117761129
551157206
138375068
100841637
431433509
341945469
41508405
227084068
369013526
159513422
510503968
228114375
21021470
706837106
746488028
739412466
133130928
573471686
359537087
535031481
460542586
287074240
217369542
13804054
84518074
118386921
134124172
679065864
921870033
80716962
630933824
888034968
794211231
555193772
172348037
413906252
720086164
227081802
788698214
220498771
506586278
10784722
268099329
225425262
1011428077
768921171
405535947
151615142
260928380
139812354
503524510
239605466
314032486
649482622
157149511
164955451
90945621
87601191
43362935
611529814
384772823
305169643
464008851
41424449
107649550
301886982
253207683
612678671
250738025
135322490
379753561
357845474
145467964
463304724
32209028
261527721
714571601
723278436
431613892
226928004
482207430
334324430
211708939
176385022
843340477
346369241
434798313
264266366
207694793
163266389
250212968
435698080
163230763
157148147
638062180
511817613
434935024
860619051
521320930
209544300
80359522
158758032
668342255
959643956
90041033
102728392
588270670
26786536
163925948
204172087
353452521
169113604
258041935
516579191
130255564
128717226
718082258
86010566
90189964
122987576
67857607
634154907
402217760
949747326
289169664
72142699
868203044
218287723
225077886
601081160
3807171
203126318
514736285
414761288
184902974
870149934
181263493
853276408
225280114
169238417
89248326
257875124
418484818
351301879
29935957
375676266
17083592
241417410
300745351
352242085
389513285
231319986
429224108
410186899
348010241
38955665
601172299
123351325
88732037
7627962
215130402
244691978
595988457
474101134
356478777
109927261
172614015
197846592
137241364
668222247
54236378
329738429
263698726
40845211
468183916
582076659
50950700
16847242
434273122
274432747
120800558
256896503
349843909
199416213
311389103
802371049
430613102
621492765
780415265
51146840
673334951
803054022
915518221
18401798
191106235
303240897
755549786
239084331
78761055
69024500
28543850
425603798
38103017
935662573
189990457
740077256
534426357
760950476
722935058
734956558
36455059
11826423
669114912
377426289
13209263
10236169
102619335
292911974
310363940
42042749
144329611
179260517
652189215
181534380
692357791
567196893
244007383
221255378
934714831
553355043
49247443
60315918
211335236
71251512
734642063
632666201
205700968
641004131
94690213
239291811
187889158
165950051
538982880
26242733
338581985
547772679
672819362
392700396
250521907
65135715
173348669
217509419
501406381
34722440
137857151
161569047
566278202
57212309
664886815
247405264
176593817
19481079
550562953
206957567
205547575
421842151
166171054
287516721
474489281
81168725
551204676
529535597
173810762
426365505
43200848
122829002
580866273
51206164
770787538
10374126
482674827
257846144
129336082
199619065
68086412
736489341
81296993
100871473
261808127
465751753
20220663
104315893
558165639
36637760
291270006
369654505
434228431
383651515
355280116
1041297497
121720640
773179271
141762232
137785086
533355840
579972484
246557528
69681894
79635416
592315940
432865309
98647013
29411100
206468558
270797626
520385149
152445016
556773414
222037063
200614244
536205518
405559526
500951800
328526074
235713743
181423686
211431313
156125524
61754506
77156032
805861085
110180922
449811048
858695967
463399801
238379173
82819580
249586039
675265172
244844658
204256589
886868339
377167552
51809820
77220521
318808723
394545223
170909030
857201111
562295816
228145509
412153788
628794233
700772044
128728078
271801139
393000271
627837487
503118435
459322335
103839281
304779449
336767984
307768852
928961279
425073366
47279803
7768039
345489291
556469590
451371330
208787897
800698356
452228401
146710910
683180098
349910679
175689763
118400900
571781750
441087157
192702354
125407782
47193262
153674031
353578969
224864655
789810524
77762502
131369000
228556816
15909049
371831878
564763755
149936758
201965798
292871615
33453120
707011937
805111962
405657065
298255078
490431218
555369662
11980921
392648925
311603153
547625142
695165369
793337104
999238970
179283350
140627814
193429596
353216515
612722723
504607639
253858154
42226212
400572439
85458485
255187469
259313047
325224712
231635173
608666202
712216031
178152635
323069615
603698264
560448250
199382119
251752347
577484460
41931646
36908369
796395676
255006774
318643527
401833042
821038197
697579433
764221569
555531224
254833952
498795382
16961859
733085432
515177494
91415476
747342036
914512965
935427129
605224757
859512061
798496142
916517589
737707834
847761
4393636
875768080
30574396
773424749
306453069
637061536
33953015
332939774
458170579
358362563
170449748
364763784
345837580
679724302
183816515
690192414
317253290
218784206
122487257
377825222
538332282
390751461
284634626
325400346
506250701
493493417
480584583
801003651
239087847
172533428
112526643
766887415
916495669
151032658
434326908
589985905
221078696
135836879
1039836452
816083048
18002748
27934145
65609744
370492685
646228361
357290995
803982069
393895848
789964952
140036307
232872082
418460602
564127695
98980345
563596493
353194525
270645005
30083644
240921119
268638462
583036003
31117988
319802327
59426435
433309027
469621189
666881138
168343639
149795571
918005326
539082558
262558968
870371105
714212089
25932890
436011710
646418284
788523707
741612123
279950215
119190672
64885577
532960721
73929583
694854501
486097855
60849162
519125256
309289657
302584708
188490142
462918078
797806251
730237500
895491110
142114327
165496767
261549284
473740411
150993138
104353162
311549475
480649032
31727783
215614376
930207144
300843323
305513847
573317399
18401097
658901730
263950828
48410765
823019586
208713036
127037692
419280338
461756716
567725730
568707325
54592027
82730405
97293848
273544215
179189786
16746791
458364653
216294562
366354766
372959631
282811227
344037191
155922214
106123505
64125569
136102744
461240812
292780682
875286199
30408749
279469493
143889253
517748
592181295
132923059
206421583
149885563
39168153
36998691
32332282
361807609
77417898
258070772
363696045
263560604
146174766
250335300
846098512
262841067
57713744
521367898
137865464
239320301
15298014
311464072
370712957
835827513
164270201
168959469
529556261
137974318
637902166
116042741
94022932
96861311
265090614
70775271
702941302
294442720
965497964
52908683
63689151
667800376
86333188
208901887
162186285
21820066
454519556
158786463
236491618
192472829
638550955
173330020
515639943
303896229
644114931
202212694
162751646
349295670
64475460
213770335
821786159
429132620
329636878
493700368
130714971
8107479
832241947
198016155
420826903
251998904
85217949
511497653
142012821
122283745
470239148
131515334
288628261
229076939
137352325
641908270
393131607
809486709
233686789
251593504
423717863
840571117
656665474
181000768
79236644
663320841
139879395
105969208
2269083
391357606
126561054
976908665
327710623
259687344
849684997
186955151
214079563
193784900
644364325
261073178
592595456
111998950
725023140
823821837
208014482
417335781
656813394
250247020
266589583
671470207
506527591
205839788
66663893
55490717
352299285
864877308
110320314
525177488
298250382
143172699
395848961
516665756
552250145
97640389
460962747
518651364
748261668
388440079
198329387
47571262
181334417
30603137
329147246
133231203
210870866
128727564
382482114
658956150
402986285
585343595
194513225
88880556
552827085
172863424
634554331
105628393
505081729
51081250
117218347
496145652
978138094
800394183
20850496
428508106
301300656
801796640
130510153
49606603
80467747
77175355
580582732
802963487
832551192
143729738
359286474
3391352
149110909
516417464
725170180
587229700
409239259
186198664
770211483
236493043
507132918
573099748
75998852
264275502
783432329
894413164
163566303
523596170
675371057
156081400
282648533
266680617
660830958
551724566
649166130
464625705
376255285
65276943
276919584
441306448
977210488
556654007
667774489
226443083
517516218
1013244481
441280625
373325235
441794762
556204934
43602126
595616448
589682031
51746083
83526482
208478104
833569169
72773915
245276788
12153879
431633875
791181241
481230084
322655549
927555252
70265992
84977713
347722172
458303606
136514021
330988923
581089253
602659036
32348961
807017903
324611887
928900007
192124416
586109504
438488134
919251892
97438155
722694524
318862068
233742835
620875676
367421876
59431046
365222288
77401503
436283834
294833089
933569963
21153946
956426198
664857667
448130285
494344702
172971788
361640429
13679741
310045283
427669251
245111396
501013597
396769675
169096613
454549786
390782762
555518186
398890666
248105350
855760939
158779325
258631900
863410290
583017384
185540791
197567690
159925618
598867597
303041926
600758657
266748254
45827620
515041248
561049318
139631511
70831029
391076627
342490707
574880790
597344836
11463015
411631294
661015425
964290096
496391985
106259602
31926727
65584381
469098505
545454552
601066812
405737794
103001697
26939699
797778427
750511274
235913035
72139580
58568812
471389985
214949497
271651165
74944856
149023733
564911287
524601775
690570326
560806071
135366345
530439553
564985504
162212563
381393393
123622525
349243267
1018534091
894740111
475143949
545333635
604894818
269212610
307415701
421168573
161310802
253341743
779803370
191888005
558660506
299889761
201396163
16511541
75734069
228303165
490349927
810488719
779463741
79253521
657874091
220906474
116770604
500772137
63979676
1012109470
164950208
320454252
66930688
543131135
347538935
354147012
790752284
599420635
411026909
64670578
630101997
69187852
317760553
648962665
183551780
215699623
713844579
174770267
177640606
332133045
579436907
576190674
716031278
48143305
288899974
222308736
116709132
576354072
533988175
228663492
248334001
192185282
836741258
606232670
610601839
824665817
177047752
339042787
254716595
523010793
3137891
41086021
97636180
105970805
208932411
120836321
452615703
606119091
173792495
381562319
217143001
299227625
434854737
325463293
337494731
592031484
85906288
127978264
487832106
10237657
456007465
35267786
964193514
135109811
195613729
275275188
90771476
417871119
301830163
61167334
401455856
501290404
25332926
108705229
622681673
589499570
481872727
522431073
23003463
45703121
740723930
576096965
388963252
962603507
202271943
283026048
582705827
155151033
225377671
150362509
240999455
255764434
381705422
758468081
860870061
916065566
323488054
472945206
192249578
510369308
32280402
244556297
737739205
517920273
70677841
135525695
412035614
70379563
237196672
556129073
348952753
22921274
17854175
143960023
918405655
620412941
629394794
532571538
303122257
133519098
108640150
151546519
109552577
853731749
705088101
774268109
654748309
174474000
313459300
885531972
321857830
70346950
329075242
295516660
67413314
632748041
184900163
32986665
232053217
686608902
576705945
421219934
3553621
134608075
352720706
912935026
649222811
76163635
841895638
410729821
359270432
895684749
127000310
437529503
786239101
376231272
168410168
14939314
849777414
2429693
249851865
32913474
244850663
246411778
68377253
273187648
390464613
454259070
629797177
390133125
164327550
881828768
179796935
1002225255
263877111
52880566
662178920
413590351
790136923
653215122
762109561
286224439
752337151
622274092
395268607
306327992
222078072
82962892
762054327
691525691
462052675
252739483
530616104
24817044
159756825
522782471
15944396
35596703
169528847
197283692
134946623
276859006
218271886
47013743
95092838
189924700
271967289
67736074
162233611
89613130
384118961
253857686
546920246
555056834
18582498
335478373
303219295
1734874
69264165
693874372
646765265
262806676
532660660
296028715
597402360
430414117
412563394
465107427
105393279
35342092
88393929
577143272
337682524
278559828
555634085
19805937
113952111
785713745
323045722
189036469
89717947
101372592
69621177
37163668
489351733
180454989
538392913
38787361
277373005
311991890
542016045
567039247
113776814
180229267
833313143
481982240
428683021
719217985
89500945
104729017
257404156
620101999
282751225
650216028
646627599
454504084
102142096
708017149
114207013
770130677
394775257
698530546
660859451
61203466
139400736
48732598
487538165
527395798
409646301
39973366
746042199
895150340
379869968
194332839
217019177
193925286
82964245
419069790
107031732
57798967
651020887
655173895
144463955
11899613
87354374
10004722
421636449
120252358
196172938
633101701
154471975
420585346
58996752
26200293
41900662
377769360
427871736
346098348
93922493
504248883
441541011
284279318
37520711
236180855
418781176
553574833
873317041
429791925
963483172
798152049
123319862
391081156
158148732
792235454
818607848
121857357
204938541
513723928
522663868
531467019
914570345
245553958
490554842
30515959
223903091
150886897
483860221
91011152
16519848
531472306
19734749
99608240
45259350
469073827
69923684
346328076
248870370
602857057
20648866
97354749
44914875
396293472
819864889
426915338
896723086
841907115
204050773
426140937
397657601
129016536
443007578
162645181
49556802
873320740
243582742
391109231
961733865
257414895
461877254
594733110
234725535
152002608
10057661
120486110
169210134
39043539
99991749
44159820
691607766
810560212
49745271
371951181
456974698
76012134
235255944
987339075
198090658
147547812
381198239
92505540
99086728
239123240
82824208
71835349
513660323
28545872
70451099
3025452
147125519
240059315
207135276
52848
196952946
27028943
235012179
64623623
759474011
457663196
230583811
85110265
634847678
49468912
439044561
156337627
367617897
965350287
823186914
70835736
17843020
136197611
331436700
286600248
571067227
485750347
274599231
475528217
802073912
630251032
215441554
761784471
454975227
776528395
356909022
161165905
17830425
66435352
98667184
613044722
456358875
86415731
450671412
616639139
247448216
290939870
132921499
542993578
456566625
599238171
538831111
380218920
354102400
197027316
561839186
701592107
780778276
717608368
113781588
436911028
241193259
260873737
188584216
424849203
342704219
291115894
745703145
46823688
99516564
182588625
250513025
701271676
90767142
395697066
542416261
297797772
199609649
722660152
561470496
797916162
219577204
260446275
464953378
73022790
279183578
220332799
148835280
33560920
251730205
442389179
750810248
40206909
47830701
471453125
697559935
349981877
299396987
45773680
62142435
792806677
315660785
486128824
635691357
289810572
139063535
132264767
186823845
715718970
581446734
646572511
390191562
31340295
73854607
511646427
44732293
322024378
18358373
402194643
175303580
540273065
437119075
552311378
174174060
182358106
650730351
105028009
909243694
234834747
479936531
738574646
466194571
106065941
536724504
530841193
119353470
409757340
145926642
654031866
198911436
468476302
494018589
937580611
62427083
132616896
360879396
194610525
481424508
22982346
48732514
653691537
600604731
278567386
107111127
586640069
30783212
195975856
587342118
867103149
358434539
371131777
28202476
709401077
218582371
598900630
458106690
681788737
806521899
333718553
222190593
613947696
351840124
520904316
80837880
644006672
534454326
567929104
237521162
651786677
408949019
351552344
100388153
66633131
516069134
212829952
417785404
863019143
321941631
445500677
133677496
190100296
557572041
102886767
32444724
275146459
298892670
91598125
247085014
288964314
64200765
184470574
141316563
313986747
529087571
383674267
294391690
799485029
381317254
346293101
738157535
45672943
135483727
672756727
354399862
54254004
27339352
86295858
862982779
176407246
71904421
168338882
130686799
631092456
123368718
725606339
74142742
214409279
483936074
277191209
578065952
386181711
114965202
377622252
20965267
80347698
164334431
175073629
288564815
233958812
705211371
206431730
8608444
107897581
763617966
616139541
177869546
771986597
24328699
415410840
107356833
118202113
474693690
221091381
213489750
31878196
414736224
311142073
224008929
97338108
19994641
744366457
19851330
35934180
362504948
133377431
913193193
425979560
371893573
215900443
316963813
882314587
399717027
528309020
70502795
501742372
264532399
657349509
280471525
364662860
123921072
157677497
426043815
100991109
31836463
20931177
66035475
116758713
360679557
587566933
175893128
225958278
64321750
49080648
185882421
237057411
40742732
226369158
29659935
595108595
277224183
129626578
13192139
98341314
413892704
747508013
118558786
372986289
363248161
278606953
574417929
259215293
45662516
428437502
9162266
175921163
442028331
162171960
494849975
3142389
347678436
381145497
155868231
216147307
125421564
67729237
773656244
252008979
103648915
171951957
375676633
211730357
657513445
883646636
268640525
377472924
290686875
261258660
177005098
398353953
245806388
6655047
507897029
438151306
385220538
179362292
567768137
595244707
415919565
487541531
5943726
196642165
615596590
47331984
623492967
701715181
298091492
486268680
543075171
763397412
601758924
111865202
756251599
920072148
846631642
527188802
168111987
504545547
270654748
636193950
362541601
134817272
596147025
240302437
1002870195
219315781
266281644
178599612
499652122
432232844
450505383
4862041
177527036
260000940
539150603
618248102
122369493
505555672
339550048
101917676
797940998
35653
314623468
152883218
23363270
603379987
363269319
524708457
450787329
635236426
484324455
533852641
68227660
48326994
15155398
39321819
522193416
71725685
820257822
238031050
180284153
1028058481
132211575
853828995
92287078
308140436
538616549
356350580
252331345
11223644
174496959
46208360
41270191
591788242
777788627
147210945
306982877
248491248
582257610
668009290
228108223
85481437
63944431
99458556
360460646
1012190205
5445939
62195306
220878961
224639089
340508248
161888024
421822097
256386973
307895698
329770697
743631654
591578732
132515697
80704015
178414481
519418457
69525958
593546540
609667663
254561339
62021396
270816406
683073192
138331035
175819571
96081369
8330846
357315914
216277154
115820700
363574316
62162544
304551640
486189578
283094805
535253677
141623465
207482966
711514400
424964520
130037216
210546106
936026404
8294676
639701874
324643488
131699492
899980308
254970158
124934787
498786177
762803628
581953005
138298960
209210569
454533575
251906229
76675189
1173474
459964328
211257662
751470528
298153146
645946510
822979658
70787862
706439401
271318732
142280258
199938939
851247061
266790746
354094608
584344182
644774873
415110324
271863641
74431410
59471468
294299958
233151853
142775036
632643122
767537151
64799325
588396319
220216945
347220408
3765188
171205094
491619953
378505760
360212953
91355879
137429275
71063719
356762027
758786174
22496972
227407571
405657215
76169865
185203269
227176994
160552425
611706417
707523783
103686276
460260255
508959031
825111920
216355959
191500470
55453683
650505096
319833861
174510893
295321950
554339512
382122627
122028527
559792679
107449149
874761815
127633033
613366950
592130762
346542531
107035300
919875646
231363517
327095612
500196948
116404498
835685569
243620916
180931374
265638082
224204051
423024336
135273082
700465672
496937627
80581226
507625913
190759510
652113587
30569783
132684522
300187931
370701348
141983170
249005372
205947962
409297852
445174328
435122304
110271335
190864580
6157460
390351772
648365017
113042527
52715765
849955870
956240535
680012395
158645236
801128070
208689967
80888438
41865494
67414113
225188466
604913752
284543011
504140009
376672147
66129269
395288403
776304985
310598464
503490169
626503814
159788513
46049578
252964215
738271755
101225842
306231368
412047172
20469439
331723059
644826354
394908713
316079108
179612080
781298677
162616888
491920262
761568584
463781063
35774025
43553679
418286057
80938195
619596049
353473827
17412548
261925334
398057905
401127279
795965024
341589582
493844655
331665537
130981435
251940281
459341838
355396288
49440372
734466009
609347772
748594892
793370224
462573784
759094560
96059136
180650763
3820449
569955661
286498712
334583519
183403394
47723155
401246372
706163147
457204311
481794609
784644371
804711406
883193858
135266959
77524781
783569288
412904385
459339249
175120727
140663307
93966079
660574541
44115018
274732855
444391582
734001452
43912968
330232456
334112152
415748295
794983042
280115980
109048799
152806732
446926792
340777670
268169714
432516693
548873763
60193896
414938806
31907162
229921359
922523456
630931242
391124742
62806076
889489601
595415098
443601542
82175262
13910037
67984662
420549443
668934024
340913635
716991095
119554894
279651451
133983841
273388544
276191517
403830060
334324888
377487073
269931551
222886290
506041051
645633424
264610116
740302675
514074150
787096622
229844441
767828863
679748998
188519036
523064407
447273354
296937617
344192746
32306801
835311581
583806714
420121353
350107567
327973564
596237063
544606626
14838314
158848814
506371732
573082552
198242651
416760372
617910163
583038274
278027600
59488464
53380850
18608022
562371972
250923442
642344023
267439168
253207931
149183317
533812134
367096021
564610295
592387882
359024430
79855998
182714540
389773584
727516638
422056999
111740090
889208779
100259886
358234034
309821582
432164679
124436292
286477054
96835057
132768843
422479237
862009345
871622061
107198595
310144020
124685315
615331847
74445069
265215190
160947812
196010716
84848922
681973147
833346214
150412180
630715898
1006128590
302793906
93197973
3915325
124903105
663681566
613441168
373424042
814408685
477061547
30590884
82036505
258961043
557328083
1549236
369791888
238210935
211741177
83688846
851198480
19248093
93892159
177965328
529187595
368330303
680447420
21991626
109257432
25463019
222284117
245375135
676337796
670305668
480489621
141224089
306219299
44825031
320484046
292461203
489739915
273431575
424920205
345677670
394358509
392147824
127624829
280697666
821662741
603566745
82202957
169015033
454897525
323122214
713391370
58061008
72524830
28999388
783332596
334141195
430873682
233222889
395343577
489007389
284118360
146705656
226882162
621694321
415081616
650464947
371829322
882633876
168028471
660116884
596276277
153551916
64958931
204542978
272282677
276706865
280228942
665845586
823974519
826620469
1877804
596447602
32728502
344730573
817987023
735704961
331908906
337265917
561392052
32839410
1469477
120475809
658064009
211752847
248106118
673182299
453914169
101956094
153928082
732760044
649160166
348895954
539165714
185853636
70734843
149644517
168048761
907413180
551135585
310205705
41200397
443383805
243678054
224643909
101842336
405615332
644429248
793031565
84735092
266317432
946567334
301351955
697383941
371301996
77341711
8681654
451950827
620783393
213283336
859730093
207774821
754910623
17831730
547032184
337998325
113867574
212358414
466506956
553611063
483897990
370290464
574591585
45210022
378350938
376171573
248872870
125631784
55315033
129328980
319520325
186505608
700562669
294742145
440704508
535907280
719610318
61058581
992644215
641450070
69765559
126704258
632878988
395855017
869516266
358684739
225596853
689130311
446513002
456978696
188888031
144761899
137360902
112481418
178288891
921171309
586198685
53007237
236283015
578234769
488215420
319860911
32182797
214890071
187390639
366267396
542847784
535258421
115015363
124516695
186800604
299757349
527496691
208664179
326174078
199107552
244342091
359705259
664714253
91327218
288619554
105892250
206761010
208716569
258339304
428399854
236791005
41861970
195128776
271581651
304647708
51769558
263280163
118778326
350510713
337333410
227804464
29301504
243602635
277915730
513640079
577709697
35947079
82593064
99552770
479190717
168424388
217759586
31244532
3639201
562564486
625277931
265414926
364775486
15560219
473158868
425771426
237124788
370858778
54822605
52487443
59804138
448178733
536682729
311317008
33672687
476893988
150328719
411172723
644289369
285268515
124867052
585149170
731864200
696668485
474447078
228803652
327809252
147408715
87459175
445863070
716628878
362977770
876152054
253234106
114703641
115619661
196797694
694123189
125300841
36720127
200909734
562045461
655302324
1003028128
604198121
96910498
805009419
450532329
745100110
611475513
228748709
125511010
149170973
247821705
489159448
624595555
476845119
288466867
190749373
288307357
398448055
36570128
248662258
776789325
383989950
437607222
537788934
180607644
695749634
173448908
122989854
446507958
517226504
35525666
61891377
334997515
360843492
754767912
887091415
360524271
571537264
168273863
31887800
689923759
425991054
609164784
507951940
180665295
361909904
181382989
285612176
44430330
107201261
393269177
276571437
18660086
550515191
556079966
423269720
289400103
601787124
130658715
194872593
593805918
327436516
63329344
924940248
290195741
890591036
271408123
96815255
566674260
43629503
710567709
54492443
286266832
25721117
89933763
113756752
76259538
131515416
89716758
245433898
73352401
146184346
367965136
604268268
368444184
581167485
165968948
481942926
347065837
376554874
841363549
143800454
646239375
452992484
412654884
298722424
516628016
143980029
141648987
402234072
195476895
351887562
659430225
374983442
682350313
403175932
731281352
624558300
543211864
630282043
605282488
645230605
22135111
415879764
621659393
433743611
88412443
902649372
414785402
245649455
159638686
17816715
585979121
324528731
182574767
370939789
546764469
260360753
75647728
97665446
42202868
127967130
425742878
217590591
281639694
188903166
31139421
644665771
478600787
456195914
45336153
67627877
204227090
207387462
911193620
142572940
444050964
525631219
417483257
130502975
460253716
278397270
306318427
162655854
344529935
152377256
130963827
95853021
257346465
195914434
400318219
102304259
264522823
502266918
55348665
417333177
21656408
243087498
37320520
815916863
803334534
119230236
134438881
78084671
24262270
2911189
812332429
622117366
117291389
61161809
381646552
17075919
224764630
236487466
228935876
12770040
174764179
26013050
430425496
541009395
830157998
569768674
321799169
550842105
114579194
441593253
356505897
896859259
771846415
416743692
676383183
958751229
853128502
277289003
598318333
32870480
82737429
842894170
299551544
757736755
70242114
1023422051
246322158
583821971
26459690
119604988
618906735
113205402
87695122
285918052
195987625
526426833
210958735
163363018
239758709
204076239
195389086
495397422
145757174
895987736
148961591
247443399
121246260
632899561
25073646
491097759
35079440
1024559384
132057469
522594640
181275727
7939716
302652057
277210590
545867435
383488800
373120998
143216052
451573312
520922240
151421696
644421300
266346925
395405406
259530331
621746558
1035178260
53848756
285077215
21882427
315187207
250566652
566502576
62080659
3105837
202782432
322336407
38259777
136137460
280541323
525250304
73101317
156161622
587499108
80763671
140619734
491714880
17714392
251565123
119801714
37182432
282014074
177541663
529249857
282709040
251882472
314413017
309918101
39491757
343595676
395711001
257819306
208415367
391056215
485557529
490867471
158187579
875527745
336834115
565350525
167992713
443737692
138494565
207184045
887931899
234002907
550988081
523719397
514045428
805615503
541763438
520656072
258965959
520525090
530465765
23107160
179575340
155264351
8772138
121036760
217137521
251220945
209542957
633910462
39997904
235135210
409084409
654050915
340816778
446101120
421933046
163253737
269183278
70400178
683504900
79931996
165097586
698921349
470275208
388282929
617576840
530022320
19173852
214961934
221007316
23907031
728886268
550247099
784081081
33820203
120132799
556223116
416445420
487383126
348111722
149166594
640695713
520043538
614631013
135388006
414428098
592108198
863184877
124486833
184198757
736654990
169544191
698699677
58362674
268865650
161443374
1822243
42644115
386531183
230518558
467798723
242824572
517447967
153898755
496085162
261110835
619730559
251258484
398601514
153885758
185843218
385677384
298764908
309236718
37841213
69654645
769374406
462168001
648727776
211182645
344966108
440864038
480926276
394478571
101748198
95672845
514695300
696999849
246325683
427886224
282130596
163566218
518508601
71938959
459144153
668805240
583299227
356053954
73569342
563036417
284091301
374051587
336806106
649461001
285965078
172740483
208357600
955103605
244970226
309117344
155548359
67374752
374796298
533825711
538496949
10882771
343696332
689825826
269783744
395171079
544420500
85801817
430767537
809881873
397454374
44863208
559008045
952728791
216196670
99567378
454199610
210573161
436735656
415933851
103361966
142510132
113935460
218373320
368008220
110791980
287417318
381170757
275253894
175177835
379546438
21444132
188176934
192470580
301072367
429112708
625274818
513775739
636490256
806654388
5640415
226614446
556662333
245993770
619297323
347618084
316755072
62424720
803346700
39317382
828224683
151321122
136133786
866131163
123350514
203899906
405454909
506402256
427994689
140737035
302702721
539565803
955371616
4141181
121340802
132825013
154820466
571946723
577679927
406738493
657299078
573648445
544332725
279923306
103946107
141724399
185295617
76208704
253014268
147115074
684026896
581326984
23234196
203480984
481499227
92294314
319589339
550348985
480670179
303823763
261766949
367055191
254034087
297194175
642310948
671946891
276032595
289952744
822313205
73213725
248426787
106648839
66357923
838661125
632086048
153816898
28405058
286643372
371778487
274853502
309784890
158544458
636227543
78411324
106306550
551745115
244018002
150432131
656949635
198939214
301938277
31230776
131711775
116377006
996421949
62756262
165425219
300830672
450629000
210966822
1360202
367378876
386954615
256664929
105135393
363235378
84127311
119932811
515790727
9404602
473583220
490412897
185981889
250861454
180480130
402565462
338741785
507028252
325116938
322072153
190974532
51042130
398017244
825457360
84258433
61999310
309282945
51990168
313471358
112092005
373748485
118709804
459095064
681058689
238118983
790473458
353712642
757649959
408671881
247967649
249138694
269803831
7192346
403749010
179028206
375220060
432675654
322510985
469635745
242718135
359980225
134360899
452045801
631880497
441010461
631368273
248569638
76733614
236267612
151779065
88376579
749858418
324831394
367943260
790433629
348921493
366144674
151360676
17180799
295790893
33015040
98655348
27974902
157158696
645449500
232796614
544679221
968281467
821831314
678469487
639346319
19705633
145062854
475703766
140771147
103435549
489936329
92457939
402223059
421353692
103949764
121184403
431002674
119103896
44847022
603992647
19966107
262184587
184515030
651774354
664630454
203500993
468965098
177955390
801372415
496467648
555365591
24350421
355027486
261589717
623296548
234319776
412370732
25767893
852045813
734524862
683817051
213301900
161326266
539046895
152559941
619487358
152820252
398706600
404644731
154171707
98696747
313647871
1027959643
753774060
29383623
397169371
681282180
191738888
521839308
115296484
397327094
574253143
130163965
625397741
154110464
121976527
87014814
338152152
80199042
584548373
389540188
227002089
94381483
28049203
24995411
519243762
341929090
186546911
41949353
263002670
272554640
85189045
69220760
654269166
327615253
498174850
122150690
561479579
173197970
424563846
584477756
33068379
788824571
322399114
293877986
573264338
77309063
303458857
375486380
533765662
207233465
57484823
658073914
198465602
704618119
559228998
242066384
92268849
201033356
473333069
205135740
410353859
207483316
241923401
871667496
178389720
606785913
23993167
140002691
251606682
595871115
794882210
536709229
157398673
439080313
555969513
287548197
421187278
380523501
132412923
503300316
559463782
6251304
213608455
322209483
388210216
95827608
657419814
94582147
109891316
71079830
230488925
415220033
644354284
153304109
292840432
153492195
329140778
143368404
650098234
531580813
234646436
299909071
181913139
184201052
542127955
348496536
533314972
547891741
212908582
445879749
510565118
192698074
571288875
527699712
350405636
571995085
55282793
335035407
76495659
75492822
320949168
659885724
58806689
538116801
165478279
314684936
396953665
48029637
351007914
615708641
77478839
142985730
403113045
143301539
687173881
14871949
508615836
379202886
942478609
339106253
250446756
393090393
10895694
270197648
404924296
368391739
287582629
476757379
879251513
178073024
344938558
459047175
468282607
239069664
315069726
135296057
252852869
464084989
13998797
267680530
26437143
1027781978
540054760
48973685
337726101
971885143
648245661
609769260
448472150
19868097
76944493
691893903
229259210
237536720
670357796
209857023
250614269
214740990
771931390
835468479
300890087
126755828
327723078
74404185
338602696
669011965
519846154
13340331
221972810
367496198
757722040
58788040
117822443
334888067
196907735
9123762
786829951
211424136
143609388
24622229
407777815
296717891
242416012
844498065
67748762
211959259
117613567
120992949
246512829
43223757
217541414
171712336
642070509
170573711
511529224
275540669
128895366
679711089
751392437
84930974
556673812
275261445
239960658
232519110
274142598
259103688
270357020
100842014
518880710
732914118
391718795
354807361
429919763
660549952
588988537
34113847
401207069
282340448
551741479
468864629
355783511
673287158
254511621
646121188
118306692
532156914
67742325
177985618
28857657
125265471
184179158
478064700
483708258
400682539
79193225
146679333
64675561
489673624
181178530
252590256
71458859
388625666
346437485
47658761
496878383
255539553
119736131
412152360
414749001
421261667
69734144
661325121
342233896
437642914
592351539
236296161
639764490
146725759
252799537
765933114
10218492
123544114
349212166
425776990
201218356
631795596
712373979
862315742
592991394
444095618
644162258
733681885
783456129
241477251
77209044
432203950
261848884
409182937
641114980
978184822
361817387
106677094
649628044
414344043
102431836
46841601
275749788
722339402
321480315
752367165
520213504
301565021
535148879
266715802
207974642
455635492
515795894
28017689
75258420
237221156
83227263
72977255
626697884
558166048
375211464
288780246
141862394
773610688
197550916
337792376
684065385
684353782
329770680
236991787
64217851
547492130
323696172
536242754
51241476
563410311
803201911
439329373
626959797
105466664
950345656
119433511
422467776
26577098
102406453
35867388
77744007
422745590
785429044
582135537
925256232
585390763
273758670
366757443
151112978
542852506
290146017
75214863
545509412
64003738
374549752
81542027
551226940
469401669
208614731
189745778
286360121
271822749
52737177
282372347
535703187
320472214
736952432
13634271
481698459
925235924
344940325
365418393
1013846466
94110443
177511862
206632799
214883784
637732589
403823974
326235608
361747947
787273696
170606385
367032691
612638879
356779822
97295277
595803185
512082596
669108856
697076129
286983654
266107903
2889086
107599956
10279099
191669752
117306511
391920516
122904233
356367772
251247197
235633441
584949399
397922882
398531705
348178093
233898427
429110882
555643594
37556990
60730002
234383
926093106
538237413
486182539
574426904
385850480
301774293
316930365
46965572
438597765
8585236
90655735
187591336
295677587
43183903
67223846
561252631
25040081
512900586
374608314
94300398
62678542
510393706
752640695
302066885
157440852
516976467
453670004
236771660
176517528
20877956
283081484
166639940
637802060
158223938
505696651
228203896
522556112
712855751
732883774
191848807
141037017
209980400
933662493
640624011
230435192
616641125
328118658
505486520
104158539
232440529
171170088
66170811
630690043
304447545
4065059
203303178
352677020
813060392
324029683
98143226
574879334
198786850
456450291
192574694
308186373
670304850
292951632
349078273
340158737
212279087
98706502
103927595
260323311
523498314
353491125
296098509
198147514
423347339
639665555
259177625
12564719
115766736
3837667
97514558
325439283
291754416
88366617
516135718
374495131
109944152
519597424
191623564
43134034
755979969
287522046
372459353
300716277
2933794
328535686
880719694
90686605
115291954
504169903
705306059
439756647
184444990
368159678
183768610
324917453
14300775
158266114
355096116
421013701
45123594
244681178
325986665
250214555
524533083
773226677
175203675
94975790
283672604
43130037
379785532
599987035
476838276
431139203
125670666
507253972
679123369
646250733
605463652
284150289
839402365
124446324
130748720
553323352
74454733
266058467
280231469
219857218
800229269
35365974
88117526
42912247
450689545
178782418
175985555
36587465
651625435
470868315
120506823
50872485
228792196
285855390
485033870
13556789
893604346
360762495
91579498
353692600
873915567
273609243
393242297
137653965
73795731
218604981
523559854
109449316
359620591
74555165
353932734
278455336
336767448
205963596
455302215
417484365
353443028
812053619
237703850
165211117
196007406
78237637
44222201
399864535
38254453
163304802
98822888
18502119
325425776
225857308
342275119
171820157
154582006
559410598
291836496
206561935
250080287
392577618
64578130
260019997
535009850
140326696
348997981
20012937
154162248
142566748
293508380
470819589
263563559
231091158
149872178
206620521
150493170
371907548
387158669
269649060
215833979
292738150
586392336
547244234
745190824
356684848
882355151
26374030
477995766
545749562
450396778
428188480
108511070
293959544
343008902
326235868
121056521
140842211
253803087
429944537
449594577
14823198
254271442
41127352
515480008
743593960
466112586
571073599
231329256
613420634
766779137
702230843
238959238
21341917
219672913
71538039
603033895
797299360
113272122
266033758
99537262
722407747
321654979
610289839
692164589
442743962
117325008
673204797
523369518
385461996
432484710
487823967
870785497
287718199
172454219
441109262
111080010
319555786
403870184
756135410
424877033
448745048
569299490
290571894
296292034
50417323
417918898
426764361
778605339
102495688
26408756
693827740
329391747
61518243
250098082
116194317
101159299
339082890
680885193
332541564
305101759
136985302
505847671
330454015
40108894
2750550
823317251
605029558
215573876
223504210
554602244
588937525
367695887
646173230
497742482
4623784
732071322
701116776
624003017
152843093
119088309
63809866
362761141
267973990
186102867
517885038
444373870
209357795
690968365
32119421
470224685
628687236
360760961
654200295
391856282
159448737
600745879
536358684
200136259
85910249
566063354
559864586
143736109
778519208
441585260
524546914
449426956
346981027
74808606
44771581
80733452
862467288
537161097
403800960
779894112
283961602
353642575
755454727
79741097
114253791
287178583
101354342
90338942
318824085
186917874
260154719
365199609
8085086
133372866
639492528
336977089
432226632
193158264
411727123
444338413
610438126
157749225
416973438
127822215
488340771
319622457
687482238
317880293
194601294
692333087
396822936
471625932
523871193
156415294
215927648
85393442
269268885
27006465
211080787
204822661
81846189
321602716
548250080
402227626
628817436
218709133
578037824
273298164
424607626
30887576
92020578
854701703
100276782
55998988
175630535
405096699
679704786
141760393
156765086
335154872
322800602
363461555
317525141
118373208
530875249
647247924
154854835
145447928
123868185
241781301
225724716
104478702
236287700
374792105
351972693
619486177
395495124
98438848
667984997
213352854
302008747
952002672
184559142
230978770
554983512
887828505
294720983
488758782
555051558
860474528
619241930
96794330
424118508
872128547
795025730
254773669
527740729
244161421
241363236
164410359
623107340
590837783
187701397
274142792
95293803
333030952
435485118
534153126
269602956
670629658
134835156
154795175
290986005
603031311
216581310
188426035
256497360
908487026
59337039
173897690
642559840
91642167
224425863
23407465
807653571
668878616
1023772113
197135450
227428969
468868059
12752842
728317452
800420028
604838529
437435304
598552381
1245890
39287190
169107731
166815850
130479692
174007848
60103703
688778988
101529918
412496380
229132441
870260662
754962024
140116970
152551394
101985928
2218441
139097651
223650816
87251449
439277860
917849752
368623618
34282711
314171133
892583387
75975004
73584709
398291060
603507918
125011784
69478562
122415778
535017908
517575017
335996536
237003577
32664111
437512529
622648
18480609
811524272
374186957
348200550
577181766
389254752
1016743364
148937120
746528326
538844160
472588810
682306915
332658109
27672467
388156388
164937462
154974694
86592606
20874734
172486310
369330828
392363664
726586094
501313611
760639744
255201396
512606208
252404281
608006773
220119757
315766282
356372624
145330382
583936560
909485427
148531867
342276854
339859038
97215160
1025651666
75748700
122597397
181526008
351182700
202422653
597496443
497659959
112037395
678853794
82565868
561270086
199692789
125123518
24314427
100395108
104175274
264738283
257350857
440043307
169236340
115161159
588144244
324352875
681002335
461336850
307258320
138264141
296609659
211714842
519797792
332990104
449950710
884824740
347452200
284522565
29748487
77914833
328564796
767208778
195633905
193569515
143716315
648637278
49528657
282932364
99370938
220158303
737866613
74081857
34063103
337148969
491969641
302517836
816802292
192520763
484232955
145991286
194501924
6077332
128475012
826368109
777131197
190986756
575559200
92541401
421027009
828147765
87913433
164443338
10419647
148448723
394319012
313859254
144397403
793048891
775176220
534102459
368600138
126183664
569304374
777961940
130940502
217088842
529463084
70656982
438735667
65204174
81891912
84282712
127668872
834094592
105034739
757219942
31599655
552322306
635744957
578916713
635048289
586026910
955742846
350542172
109478932
89730607
417070523
539953734
581497065
264765809
114194791
731044193
44697432
79321900
140581331
59845376
43269045
84756913
292908119
405008028
412716834
54331959
307298471
848307836
174845672
18908621
360083606
412634096
174453616
256502370
377627308
48782842
138203171
694309935
187576432
178502608
753218285
492604778
99446901
106632194
232951348
599400309
743564361
476754537
522482986
106379137
195907251
553494545
79956932
485875517
79192210
997599216
367182595
403101269
595658059
180388028
201862414
408390699
205010199
423323505
51838760
507383344
516333538
408438142
84224650
825861666
127327283
394755892
556764065
157923662
366925783
267419416
276292306
249946140
868000330
367721157
945149870
77757244
153662262
730050968
58837281
112341615
322821492
393151399
781720255
52287148
584546360
588319027
22555856
264786372
373127411
279350277
330120333
43388372
298002807
125689011
418208500
447620300
668964242
289739641
424534543
550047069
650670898
584865675
717795515
710868539
36772225
463699425
228644125
478366457
64605692
554424793
456616423
972388459
771426780
88175104
231887009
657161883
162608993
67317609
167939920
248225997
78686104
242301893
463809764
696018233
56038684
122489888
645663300
287419512
278038300
516175231
582206270
755447178
106654336
180791925
848848271
157626320
178591686
552862625
124458042
38737887
228025242
228298846
977421463
392535358
534888305
901213741
475191376
181919712
290242215
159898421
265538438
598453531
203789991
787552538
575055633
808203723
356691988
41366553
442574189
25412405
382953853
307116215
834356262
244986847
38361011
14282121
142830771
492059310
33643283
695955748
104291303
144272013
1393858
109396326
553588346
273537885
83295456
526511469
644176856
230520870
853210965
653625162
626034758
1036530601
661880550
707676027
379664520
165323603
262652232
584053673
22663367
796351410
433288447
1001573097
162683905
908974320
192526663
328922934
212319140
475463047
497707082
618269527
602495949
412997305
34822933
476384829
39042607
852667129
138367364
158302054
942396907
121284549
561063144
198439208
873015901
79727995
39930057
421965360
662868719
494610275
108307122
341407526
105500916
6200312
258181733
401748601
588053238
525378866
335832213
239520441
539355274
128684595
711629446
474505159
467643623
80730594
184678666
175788302
409700362
186137378
519809165
41629399
1003954
124353735
354138212
24288540
25744758
255741599
430172209
210906950
354791167
594116089
178618727
28122269
92630878
147628024
953686378
234753134
693715498
348850662
342905766
335416047
522442715
21582175
246677289
408284019
731827145
117849165
35017206
206661184
841837403
215477085
229974265
293734035
450872993
655235005
74787469
9190021
190139698
437234607
272037958
44324902
197075551
460872331
380836592
511481806
196412086
140113761
464744019
238244933
131652821
38980146
369746994
46996996
422610137
172523579
99910916
629891499
286354081
79633380
293160863
657283626
802753234
448437420
283588819
662223981
218787126
875702815
106508383
344653112
559675728
455695623
134494788
407326714
648615003
542682412
148131917
175266570
669272325
557933972
117960556
11548420
358356248
327313019
97091585
4119328
181803759
111879885
107988612
771892559
452544354
129194151
202722218
672890950
109706182
20155812
586975499
506660193
271619545
421525063
397401195
54249954
890470290
273880142
110783465
674616305
177655887
273288336
670927820
736491297
327486115
806102888
1268013
198384491
923725000
715059660
543303575
476296397
536079467
175587223
211824619
97134721
50998048
335208385
747504660
161467238
598788875
216760185
341496977
565014092
330761037
110976660
381972142
749562631
579120688
391470700
601217344
353127278
276864582
145611204
83758062
54101317
347356260
148530939
957786052
113834165
65622636
230198535
248174020
766039388
84823428
833685011
258614184
8137704
589799175
415477057
340134238
692206534
310624397
413292063
543615289
445137586
577621395
233920373
326549931
78003534
473337712
128309774
23125909
46943985
407199503
712200227
175363456
102391344
1005681405
320662238
429432102
166975135
280521410
355564107
402681890
523353203
824166723
321529965
289931736
226488050
164677626
183029585
123942542
393901439
112179872
286519974
28688124
681648557
418126663
185743502
550599780
415577884
401529306
141355799
278523847
321919564
56596327
269414442
307235272
340581496
846134115
520515644
877739249
226891905
219638170
179253314
169952464
135381512
1020094961
303874182
218764621
39699448
758965230
173767570
178770946
59056591
385363698
367607077
221061529
190773310
581588429
591421634
31048854
406136881
307150338
287588885
917758265
151526903
681584414
776664305
135097998
386136850
190653585
121559930
88033275
271564050
124468427
104204285
223823939
145831147
820633441
218826271
192144260
252070472
78330111
536564341
724922202
317698039
193668460
542701026
58710415
826876793
18491624
94221844
720243113
656740819
436521680
67373497
75093148
955584138
391966907
760925874
412697466
316155455
188050646
340728185
45616435
499943972
16581174
913295827
598337028
242552833
449183041
192259136
721667116
319806978
339709296
66424102
491658215
85934179
522206831
682564979
169037490
648246522
15806626
133578349
112507383
244204330
543395477
458423405
698138038
625413780
232322690
254378163
61971452
506159780
766933757
56039874
258637958
425933854
53882481
845197195
667574284
614808237
574600226
844639776
777350467
231121288
417665864
67938675
856156682
194177055
309333745
424404493
682727510
141147871
668227701
612937924
147379356
192304930
662309706
186617443
593884714
281744180
284399849
575004344
688791684
255091770
759001968
502156633
51027919
141541551
53644140
40049733
579508630
583347995
134158551
61476309
560408784
483135355
13071540
614176670
91098061
165737766
657721461
247843960
565578958
156010348
499307422
858759425
706781439
123814475
212966318
608446296
172723330
430548100
96954466
392119051
309727460
387905554
496699301
177533054
228080661
130297584
176694383
264416040
334016801
447373392
649639363
171458581
615036870
11170205
670474408
509018279
21173874
362350689
303355238
66086273
88856235
214178000
474200491
67543338
33850673
312511302
718704613
196905348
340410884
26107103
129542279
220301488
138011911
682890491
391224221
279445570
24198042
92305057
507181418
609164446
122916260
597337840
129557919
31909192
40732905
198596265
147782504
917049343
717905054
113039976
128200781
231905687
330469753
361211079
92979049
43406204
181945690
55317252
236367128
783359452
417243805
531329322
437928731
783756978
180383764
318057729
782379335
286134514
342946743
436485619
626632541
55951951
710032616
147489049
738506089
515789937
780636139
461203815
60403067
963402993
484480816
392734249
526119468
510263244
36385384
665711784
137795317
359506794
476907380
118859617
91694384
29188423
753987577
213122431
4800769
397923071
780605428
165154916
8710670
446180064
72870841
237136346
506830741
364887514
820424417
14931713
389602618
630834919
41288171
931563880
19467896
32194099
989598515
151028651
260580811
61215633
398730290
216898280
30801238
464170600
182090568
279033432
529142480
148987253
203659187
645705339
518627705
257018842
262997202
245351196
291338084
659482949
22815524
242397214
201231256
480669025
352175831
250088584
79962881
362681417
840630516
282779442
281720116
54234078
481884484
630108685
722709869
71024671
781985802
13661838
739123996
764643583
469728237
309599236
303062522
757403588
257943927
208413173
496163343
208500685
860450858
522706758
210490884
656833570
524391042
220580226
197283774
164115527
254513345
517223229
485392557
546760023
29046613
13964201
360660003
634520363
231171680
303194259
32237007
628285443
201590219
286141302
220868539
259327310
161243385
341933202
872602233
817063997
276183704
179558325
33321408
73481900
379893716
643840960
127555163
124332950
165675834
204557144
327797136
473067524
937424778
731095960
213060937
850537326
162193743
26564260
207245799
93923670
281392615
30957822
401760886
93894427
702677808
846352184
277746393
415455243
640130160
716450639
634200272
317677453
674672308
66194880
149968657
240788993
48115622
362466873
157795383
33237232
121718629
184731287
25252937
364314871
642102141
244834156
662919923
929059926
641827542
141210452
87273474
195968237
207185367
828650116
16362295
66367460
300381890
880567189
119685107
324346375
326145127
709167519
335932121
447881659
375129583
122527351
7968040
449673087
391078561
264339091
73736495
653814881
810815429
13024227
139774543
794058692
64946390
235294123
54080355
593909023
763546585
41991556
465468240
326592498
131360195
13657059
268501241
746653758
670063865
11493452
3884114
319106150
333469639
331330772
523462454
54491243
101588112
278277814
406493063
697428084
207097559
339062230
23813724
221954528
201810281
146982947
222246905
732832460
407987540
816833930
380132095
564068055
574104513
707675092
430303280
26317491
82535972
307714364
320155959
394893641
23100833
506500448
471124225
433894618
260807784
66921571
81496458
302385737
322291482
375555028
494217556
41921671
285688541
451448011
90529775
296603641
848613999
494062136
488112253
124882449
354436696
13930196
487625201
240317734
135282754
309637476
168788894
28247871
47929588
67236980
245493154
137171432
608695319
278387753
198870980
213584529
475052096
29974645
777479387
705814012
244658974
459381695
189868746
78179827
41260376
698715696
242510717
288942904
250987570
193324619
24910403
11020175
550732951
180316901
134096817
47783237
208853058
49155068
456540544
321441049
610989361
388022292
455245266
77026337
511727055
222170069
165787438
108971938
428876684
488469248
333198574
53139128
12769760
541710174
445398524
346690337
54064966
798661917
78301249
643210052
553667171
103941543
7384487
422343153
460506126
296607634
221952347
105669663
452026748
171797855
618361216
113923475
79017351
723352910
4254905
164345132
225157787
572217746
423909813
614980999
189402493
415443301
487791248
43604982
258504929
459328183
146285865
578056003
656485400
523318791
420665255
63416988
448698526
555654111
753713902
388350419
352690435
172302756
93781815
285547583
606839545
231298035
150322943
818230684
470261039
115252523
588021487
281711885
317952647
408625926
601584418
11967395
581466528
318905865
437000527
717500992
75684044
87852426
214666173
941546443
219267251
899022701
165135101
703681112
375315989
229437112
473105668
272444806
485008458
118810968
319282525
178828465
23866618
27199925
382541867
172273805
609359993
551842691
324288472
24800182
496712768
17355895
515413142
696578276
427171612
396632178
444315353
100820855
344506392
46290157
838704760
724379023
2478398
268626518
310587993
100325709
123553491
328196354
394197301
85798510
342260911
668164815
375677861
122172737
214184730
143212671
172621869
382145969
302934156
71346982
470533049
715088345
503184560
308049444
91716712
553532533
837391295
784911613
768957533
543316239
19244523
145843234
892428352
980250399
412995758
536447408
561667635
158091758
393589124
154091668
260707021
272020918
68499821
344974330
39833917
738535992
118654881
41006047
741662066
479076452
522326589
9492563
201516270
347812123
14779003
110588285
1034810317
26803010
781736306
184208122
504268787
215714270
283956164
536554227
372826858
60786431
310304444
651953846
520564224
29685834
57200820
9398898
281498553
774012043
55260212
411036295
19914121
580680240
569866878
690445995
11501522
108918653
617817490
325319198
354579957
201846277
189236772
124105917
122547663
52802338
280143602
452857330
816599581
413218174
536212833
801584045
355300800
390989005
631712197
360563089
68168793
116067504
80174463
65560389
252953950
506588109
592419411
277493589
302226771
1044560332
87644822
414586486
39942673
621414272
308963493
658905794
200897645
327206079
141799241
834958373
274043652
73151196
537703340
297863125
125418698
469967749
378844013
402596393
377312289
95493001
775038838
361651759
753847920
74456299
385486491
585537490
195243892
161931658
489868675
155072731
559155951
17536166
410395053
113261654
613540503
174505474
705753617
127177217
74384099
211425043
65471072
103263556
282873293
529393799
621351160
558333228
214225778
434418417
304089372
90516947
213641794
416474606
294729218
96190124
630701959
289026880
170593987
258074703
158536139
539144115
757600321
275049720
56002229
790913905
139437861
328940184
366410771
281073108
639126349
194698785
458845828
739209333
607892583
446631548
465041436
336930387
841253510
338835690
559637373
4807864
683582316
104891448
107654909
493312990
28489886
921208186
374962531
163699387
889313120
299765863
744773861
589563631
384036688
679922813
295021460
215418662
499357626
568278192
21714719
188240820
161313493
847197333
106388027
240839040
412315424
17415593
119892897
579470153
537730749
618191039
962049256
222608732
329665474
616662898
380867034
241195488
145453693
272893771
619017803
647343635
215076945
991704215
622104583
556264298
88733742
523473188
575505213
89888472
73065407
886709702
391863416
142019433
738264536
205433780
774878389
625661911
176795272
21634874
282455006
939943526
287631792
888126944
444467442
278209829
102024232
380085528
347524303
383114628
788595882
508010679
331408090
832784060
171127348
668631548
204323960
239852500
50234343
765412981
805294281
80827953
487169684
945657856
345559745
311470742
326038975
386916410
538753257
187204646
920024026
494107824
629226574
13774745
770727310
457039204
188105433
64271004
577888678
551485133
84267983
478731252
673130224
375819786
469473635
427406164
835225612
335673686
675531087
495870690
377790205
450199251
131545929
396018949
326440588
855805919
339346833
318731313
732280129
218132054
665145634
463192118
170536858
401593587
184766918
66371987
234284651
429029799
88667815
304306816
1012335997
147401550
1084905
622271392
67337679
506991508
850854327
158288288
262218004
940584554
437751683
827925055
97254165
685584511
12944339
565414929
205922045
338804135
14456092
87197850
239029464
542707571
274891729
504392411
474621310
832910418
40984051
255711332
470708152
337677569
49105877
67837631
99817999
215280019
704546358
333141405
70104651
388806722
317444869
343801495
629308107
485425212
479707402
229871685
170328994
79687446
35864214
20261952
346455706
141931013
13748962
52003841
748106935
683985811
569657160
291047239
115715385
515111418
725407498
633243486
562277947
655508449
499599727
315355625
253822599
81932593
9182984
198631440
693534425
635078376
354392544
353318916
72621499
385803044
122232097
358678885
217907940
556727824
412814941
264583830
896875522
290767179
16785367
195749856
558504311
487454620
108930697
486585175
204113356
37985125
701363303
225722550
196514330
444868949
31653901
363346261
745283312
311056435
38244477
886368614
164213304
734229579
396836643
960537996
325627176
332947503
877211466
63551496
280239657
279712429
328033159
926857707
91151455
148560265
912458463
314487994
26784471
762008508
207280323
622974256
765667065
302394226
25186370
542534983
63363477
131817879
382859472
104212555
606632109
417783089
305125134
580955118
106419562
225316347
411169308
641450968
390691893
356566073
21305734
802851090
175820381
439969179
684251778
237324912
366933345
352389523
75826635
178148412
160123518
33759193
674134353
663014162
44624592
236772469
207559635
413249572
681475347
468887503
319767191
466435755
805123116
99566484
72674120
626124964
725360605
303306340
75824929
326197323
273300931
366179107
306359348
92653110
133249890
881222844
621929417
180374400
442829823
1007678921
758613515
265908780
726045814
459422206
69100655
113017208
613389226
424097139
797908784
415883625
214503206
336303497
548619865
775325427
972247514
169065871
411629841
507619130
482947805
174286117
339433327
466002328
744611644
145376699
220009136
249969880
774511321
421428985
660160794
298337623
415266351
680452616
185219105
262259779
456248682
161752162
500976275
567067778
420119908
820047756
329111679
297097892
742300027
220750685
152285454
488498141
141190507
437290692
410856444
336930832
121361236
371634096
158524355
372106087
402699125
119615032
247812319
192563964
226706498
514563370
65364927
12212855
674273774
355917146
355180151
190612546
422382136
225105283
513064581
176432886
732904671
815454383
486849829
363214486
87637997
715591186
383936203
697526721
325909193
727513063
704446217
396538166
147430503
410152073
235062437
467426485
11528450
325777385
105489772
431968839
141732167
304712099
107322493
50798879
112254916
129323672
624559393
310788665
570524378
480717137
43773053
761888107
705275894
234280226
49809927
254143280
299111594
667475533
275728377
106560228
432146570
813362306
204063241
334071128
272810754
732351669
422858117
946396834
905342527
331613206
219051070
164008672
379127282
126510551
580288200
211456125
371958089
270276986
416171683
367882662
502264023
797048644
929768934
214111532
220173108
294282560
362229582
140891840
350263246
344483326
884781604
791909946
284904515
597754969
397680322
819156068
924486181
340705
95712403
7346548
844632552
594020461
8926834
133759652
153335532
20876739
793190315
359909879
286156070
238635594
653356418
359448449
96119780
170733870
101828039
325939923
681099715
203530203
169130574
139124883
193911128
247540619
744123389
28819938
888344986
52169287
65948829
300623326
153866254
562981582
181119289
602150072
241530017
272797319
780436632
609515548
91058694
524676618
247272502
363683705
360205324
770464470
195846104
447430056
569529159
183485055
841883844
515949904
152985842
891875261
764198679
117555471
53475097
644231965
259988909
522882574
675902577
411748951
284472383
449847548
61623796
107603150
517531174
665682793
364910602
684147049
34834369
617080049
829475059
136094507
190828987
150614984
168296813
457298969
173229677
461166634
82233485
91648021
400383823
314890295
832640351
45106429
515310442
822812215
303452332
297936920
152832031
343154240
347675635
112940513
955745723
880516289
298656527
327574832
347140013
874966932
203695082
118767627
592920042
116570142
206292364
45058735
2594171
306387801
413047969
245158383
669699916
330279324
46405827
694624327
248653718
376575229
282161646
77582493
111133571
5436589
154056906
315129927
633533674
929094661
798587160
673058600
169150996
197923869
670946877
728408895
301424432
36674996
658259899
527907554
210787137
112702129
14174486
833568017
542301456
311843350
610413879
512699901
817328846
184629308
39954725
786287545
285973823
30726629
973810141
191671258
543041368
235301320
364807669
587147001
226425285
486725429
818248871
253032126
177265204
350483921
332213725
53732811
131585833
63258382
479613024
326198652
427602583
232379833
218458123
116847792
169866585
241400380
600750702
277810811
62309318
604140395
230509189
787279615
290411364
931279363
451794399
18200998
458226905
818831428
224836700
250120994
579369101
58344018
689365428
156488552
779204193
481426121
92156688
67046790
490594162
155567755
76045804
551683238
611963595
150358074
321449013
459708346
632099258
275650883
82230923
238151317
2091537
170303888
17086158
396418486
911679139
106592541
324428038
656789209
460543858
88535832
186693880
215479893
395248914
155944503
236363709
371409954
498841466
220506383
112167405
6780332
711714802
246665304
137295859
353024314
963839497
687166352
65453243
646386863
193855527
161712800
45363595
416674191
46425508
224548721
622380344
347692478
221750375
214293474
817264825
85467552
477635738
249805208
233243604
19167574
255954827
23831687
451977873
815015102
190635502
100033577
361113683
31176699
261614114
618868312
770487845
1013552264
99815255
188985746
38333910
106286754
538428407
166370044
140270330
284011246
77766589
152636998
261666996
808640290
461492163
652845446
634108529
849981095
182651823
278032537
370484525
595516181
133738455
445579208
129192874
853739860
939959633
248244628
201643833
633084833
658817369
323124563
13600428
216979713
4918472
590150808
343417541
787933863
788160224
196503603
24548987
298424531
405770676
42718787
200040185
587009659
278082328
449501951
61218694
38353757
772074143
536631789
500693850
762711133
7548380
515293395
391895642
577296583
535818864
573806135
747665503
588723362
296662227
358147690
22331335
162966419
190376408
99227378
169769760
131189276
580338674
295481240
214111667
631381211
553258417
25940000
671274807
110511757
575035215
101235730
658100146
850887586
243354799
160227063
171095135
22679387
518220926
625464066
477554071
9408028
68296152
545042994
785171501
111642226
518836537
462234484
300563343
765510392
385179877
116851736
121650958
299376649
664408714
65986532
335707674
525357369
332740389
53597658
50139522
314973416
720329880
599051018
126726568
158704022
33447921
632844301
473611676
342582895
220046745
200094304
581599304
353558425
850117144
122715197
251777403
90112834
240948614
423829920
14400256
582419544
194934033
69180650
547374067
163950249
573312653
419586665
389090502
118450575
162403923
963547126
1018295882
158382842
321377383
717513317
550785631
50626206
140577757
453668952
412167520
3820049
824663257
665006844
673511611
5146441
739883983
3130316
312821889
180521746
188591991
297876757
217523474
531804672
40572654
243274237
990022909
134704212
425435593
28511963
45593343
609158991
207748215
42217946
655664345
179067864
290853239
847995387
33518044
973750038
962887262
224309842
745066279
311840885
378644528
339020326
536191419
121398685
258755997
2868474
332350788
493766877
432079506
762190956
528584216
1006364362
190855809
383953433
114895138
486751494
281911424
285300290
126703820
310167147
626426113
84054888
67315796
432436332
154538560
489474837
704664562
764601053
194402587
143061828
152504358
225018625
674681623
155776867
236768375
218278885
622425774
756948112
612323693
239234437
127505757
222650292
176045901
378487039
209362441
153603301
640013224
224373935
547204270
242495623
365404009
106818790
124319716
330998223
303662948
387339267
315156477
166103222
786535092
11299624
469190637
474715623
700312904
72220345
157315815
284237121
391799980
768540143
581694372
105585505
45642262
389702162
328975437
438113254
593419222
329068559
2507749
23511406
366061910
209769259
627503806
45532622
127406605
313014502
251649280
461550586
330449740
138065820
694090793
198983518
563454122
308989351
601721213
53875409
271988208
621686360
155079406
275163315
434188744
427076047
398326315
721838064
210839483
354625337
106785735
628315349
684036255
186499973
50397793
130993962
145032479
585706544
41348161
272531302
279346456
467498754
696901654
284390553
54133163
376745782
515973815
620903480
107706811
660434373
807844726
21085595
220127029
515547378
690197581
442661123
349341574
115739707
381813603
427224339
431668365
579909904
361380985
566326440
294522946
623293383
178811491
428597505
128702991
88791742
344965517
77738661
769493901
615421628
115654370
249192598
887760333
115138404
31306031
417823372
402589053
323495215
172414090
384969620
422714727
310915212
301909468
303689184
145459554
198983142
515513818
745345214
794470371
234440669
198303843
882919440
575901601
133813819
561757046
175323572
184655348
321396650
194241602
515814078
475884011
391017396
151070062
44217217
8958771
272503644
10363016
192603008
220582936
10831319
452740881
164857708
171750318
16781615
502081798
754917118
152152478
480448315
622258363
646569506
168526601
773103604
174328215
38194227
809621870
187073501
119339184
192938825
211397537
115812338
474688710
778060437
39127318
192760294
714275223
74098553
706189226
426400593
571143361
289374588
149731189
329727681
478431971
584595643
168232065
377641782
866945626
222045206
175667807
581598954
40037314
19333929
713756631
653318505
123126383
148360844
904814808
229508089
649495407
543843035
208480377
49619691
640295756
318596117
202475872
118447211
139921318
9948391
662403938
54447896
224055901
526789910
990572047
249106148
279351525
536635372
39876641
519413150
829325423
694161442
426151783
393562949
272024096
193464846
350580489
496703696
931854971
416146476
515901850
180825634
100897530
187656194
10495331
95684828
713873145
495661749
171271292
88628773
225836656
197282505
628158410
578843212
805798567
452927379
626474757
226203154
529668461
552421014
345055222
147589515
696281565
283336419
997301413
420991302
173545035
9035333
116831226
558310422
510606868
318298542
294468418
453852597
454386814
366415016
176562467
241730741
250593425
246874553
211171315
506597287
171629068
359096430
278163722
378912057
424848200
749026160
166826007
915455722
440005662
11705492
773432769
3492458
257680941
2725231
113380031
874216294
154652363
231365678
9698617
42476618
485706641
107940203
458101261
10996244
223911965
261248949
557825874
477894214
639504682
195145779
288030614
136829887
724633544
707751621
738074414
312490294
370374241
248936773
311020993
950964268
402192501
576949366
224196846
225277410
505920207
261345923
372657634
652418475
222897861
224069391
122311457
76524425
324797429
611618788
209656282
545661442
272176446
134797554
287091729
40161313
388680200
340028930
185790514
327449252
314423176
116130784
104388241
23448757
47756610
535568990
45260382
429973830
443432252
167805990
204302517
458422729
388780067
498260505
355998126
124030106
788469744
4950059
13124846
191044069
54663444
418722782
334140328
426982449
269594046
124540281
547479839
129067151
609953876
539794290
380822119
64743092
632201533
28179383
553920509
220708309
245312655
707515025
500016520
1014578742
618627063
114435055
559871862
591824483
219283197
260081632
9973093
25694736
824232778
644806533
528843963
260847955
20016498
479861683
436127926
192896564
259356882
755973032
254457603
478952713
704284379
733725706
305169192
217092841
637873376
246901832
183797650
227561659
165920069
47265089
17706160
95494869
182112464
157995652
145287076
31048256
306839221
543061557
719845840
692339174
41625041
419084381
490312445
193768108
459963348
202573175
269508424
495568465
485090422
93333282
503980232
532364097
293260847
455113184
548466126
640002242
324657828
373417227
880821085
49843395
67259222
317137997
110966231
465073387
520488360
678458141
674817146
729851636
708203812
126924235
789783084
817957040
529274790
388623233
323919536
454211519
608154874
373056565
253838214
787827642
58684118
510601422
437420102
165216446
50690490
143877059
114074739
157167326
882639892
522330043
122898342
504727750
291595352
67091154
106759298
20002715
418505474
353954350
193659797
392290224
382387526
523791656
341603066
508186153
886165933
377144729
9786106
725552852
682713917
53123062
185139846
64747243
208589591
113951782
385513091
403820346
525638312
425834502
161195735
460913446
541611155
64808852
68357743
341606150
22576066
19834395
58371310
716746844
562682773
276608848
126450649
466155396
521927980
340000070
145475386
48941328
311928488
530398685
218162220
824589330
158457269
239837357
221043808
458680994
377632069
846279031
432405036
652639598
601291065
301764247
670269519
118736176
780540540
31487426
151653135
16886928
709033096
267069857
332143518
524913062
347564663
51581469
488923526
121518542
83513829
292572648
279497857
67183632
305381795
809081591
512792705
439906182
711679328
611956388
281595176
265617428
648511517
471419718
255569468
262257168
5244731
180478632
236678432
43419614
289459747
857384745
518167778
77958613
407195665
505228838
389755785
506931196
271378630
559628525
660128128
429787886
404392615
273521100
442563044
578116015
80235919
41346127
514011486
841560906
125427827
794008902
187703066
303394958
136154494
717212069
112227453
79664279
81228411
520650025
488094977
433239714
360652531
501982378
505293195
112988601
14373555
120585123
609871198
240121776
11106115
299466146
524304891
162939082
811661
800383018
265678702
34885008
671234057
584937641
244383490
373247605
473545236
25466630
12287217
557933940
153457953
247790313
489876366
14528889
377501560
205064228
557883037
438193877
451624124
607708303
585793350
149384572
175020606
51645365
194378557
143599879
462035380
47354235
681616218
408650060
162097911
502927391
437456799
352932023
239912341
348825869
279753819
143452809
412211873
183780367
456608632
208678972
595047830
643206484
429301993
511612675
235112760
254188632
48581460
214076107
472403616
42277460
578565071
355578351
283202374
89459864
678769258
286081690
114321503
476219712
311693937
556354408
78944013
303431837
180465629
507171654
126038262
79164335
161133689
26486191
87771089
774827972
84670411
163554059
566835669
246262065
738508116
307592164
125922027
849627428
1075247
243205223
250708582
1020582699
73663922
116954813
112725546
747137007
606045682
43194507
591509056
744310562
43394449
895227487
276271251
225197103
413184023
799466415
134405948
647524449
139121597
182790309
781611209
442806468
99649996
40447665
720945787
78405995
466009074
438138840
516367551
57374684
407923441
391126249
834364003
828847472
809132737
511696756
841992438
837755638
800028158
157065060
780335209
456722630
68313570
578916863
527865255
74346646
430499245
88712318
422982082
927357948
77225505
975892197
12623918
304494997
664923511
493162373
173904054
683278259
599149026
165467733
177993859
698693430
39803584
7114459
126901899
384555154
582275261
396869824
436502957
97222380
65480170
65303739
229431075
392395890
46714969
163353715
10008434
476221195
321023018
17510668
557520106
267423510
123569341
354097992
206646425
207779755
293028720
112691119
79528498
139377712
993733892
255600174
247275608
77653806
398389844
391943965
260826177
127412460
138478006
477152343
205447352
143662882
179936516
461757564
566544920
568940847
139972079
331144256
356433103
494884645
373900596
184977482
381788054
7773640
625466000
144950181
72567906
389240397
510363554
92526517
279628614
219016330
382519190
46608064
261062155
9277684
524874425
109967242
303283819
2683022
601453652
189021009
98452453
82677501
58480019
619163117
548876008
194922235
441831019
276577488
366748674
337933227
797012194
636134020
195327717
9746756
333123167
400921894
461801024
589295024
123843505
149397773
498941167
499237460
255586870
19957538
662623587
423252553
108629676
552195338
853586120
539407295
423475059
645294580
402777407
875032822
287573166
37313631
173768569
616915107
45826293
278302137
172195173
485017861
857325928
718708479
386213816
698478284
815590144
48193865
782433538
117428477
247280435
18355970
158117287
726811587
39877199
723095300
629061541
528025417
516965889
278206764
237373235
53560464
885036325
422364950
228621003
84204028
412514407
477305889
589803558
447140817
881001512
177812696
590852221
191599450
29684204
722161804
21187329
134298627
681383816
253275942
310643658
35921226
967413093
549490255
301894775
509959462
511725063
744254771
1039171591
530676452
31062361
251472972
99990587
127669495
326729311
117952351
197205296
249854446
24070538
380848323
66933369
284684750
315707699
498091439
539590799
442056624
13442437
140446185
245249036
726520342
276927725
146065885
136703333
333698004
677962786
278790277
596689947
390681961
228289777
314995379
633386041
485121827
98995970
746078812
43658199
179413434
130798734
432654182
515715573
258227069
223102715
442414469
52987834
229542902
228746367
133057913
85468231
428536171
690596333
356837110
232469843
408302224
376666405
660109960
573782785
70738744
27244517
388560499
281795907
20524683
444059278
443239867
873098413
358452505
270045879
327798036
360323405
271651211
460961440
211827967
837939794
245238902
352027030
96361929
413875967
335460306
772546998
69819767
252717021
162740324
452551005
17518549
164440525
374161226
352238104
221021759
561142852
398138309
281290825
876797805
363385331
15932580
413919585
551212371
150476943
763507282
402540387
3802403
343004358
144013154
930565495
7273825
44840139
407996235
326937267
302864452
326376861
158733317
361884265
113045008
732920611
127146288
752731184
399887662
479536373
377189344
213236972
630063195
62511406
176372868
721161352
493849328
460739886
258730329
245823530
490930847
603553303
763914427
315411870
310297824
148367299
613898664
332351238
608175861
894881953
245002150
435463363
1025330287
58086409
632300123
246654691
30562844
607950154
395882455
498202489
152696162
379473807
130111426
291637548
657265703
669908478
101094748
198301222
650102692
133406378
488081196
459120422
72705729
777524687
811596148
215975778
460911384
8024139
322534209
161838174
450871962
42723268
38321979
156215966
220629984
112291792
25803701
871597739
148248547
636117980
581447866
412598794
309014134
347287921
272409800
329800807
584708638
542993226
433840459
172223371
464223554
349089699
535082092
667085783
892321200
40101633
206324846
518696786
486497528
558176548
33078061
55042860
700128324
731094178
269818887
20362991
274984935
255560322
661689972
457590558
209376946
406885561
937562416
819980920
78345962
149758320
824629712
65257385
192467647
506717875
148370822
499670650
409380256
233301879
704662775
154210519
319871734
234731161
631421481
388822255
703385906
598180020
695428918
512365951
27517826
708536292
222778397
398539571
572582862
415204091
539788950
237344012
382083638
389482540
311123132
518189147
63510697
140835840
378993806
258993214
986185460
134936913
156442149
198947236
133488541
3074441
253358099
17738480
223462205
304929807
572415328
632534127
109907742
106349585
585569648
502933798
87611827
177674608
559950754
289287685
296035960
2850716
839202836
374377853
309739935
278415031
218953331
466955521
224005630
488953033
144772472
257140717
91980108
273556576
375652838
642399475
286419917
1350948
155165657
913563458
474850138
405035854
66907951
41483188
30937288
48273135
449780918
238330262
634659351
89489239
27459851
250150315
106936455
372249709
582151092
134599878
547652856
958119882
837115454
652734334
676135161
305081721
78953718
358764930
90349218
610775953
37910169
172450387
417449415
307909062
155133409
452809404
139619920
642261439
3691019
96530099
498585421
913205457
136030881
734014269
292595608
546638925
413966977
59721350
736912664
217460491
10131572
165137028
145267716
176276277
378332081
896604020
132947075
125062798
299422802
143341353
450064768
637299642
233285570
682194519
82980618
217570816
440793058
311452407
93309450
636051243
537392792
307088579
641863607
619982061
902568844
438177280
371713318
24971968
144015500
215340557
294253738
765463454
262006924
176266567
861343299
322687097
12994698
126032950
318557927
185229169
704261268
546766441
723857865
86601397
104278306
401848464
609215310
173541733
281027432
113851369
439822152
30020719
83638412
704955180
377860031
319044123
256356867
395716253
19394410
107963639
217806899
26115131
79275688
340530140
147588582
679094290
767323165
687370494
431170816
696850009
131994783
209434292
644568673
347262043
82118413
70526369
325424318
200326761
628921312
192899337
128327384
554249239
538935143
165605
249691383
649438291
172408701
803471585
872693889
183068406
547114972
193708596
190987845
67347854
639607222
467291543
668901244
259625451
450606429
459841502
1004499058
271940585
799670568
142293089
119962197
895648454
478166899
298817238
98721871
847355724
263663672
2775360
908622688
242009637
365735215
77272544
838754784
231737396
99990907
712085887
866204596
918457046
785735481
344040736
61268110
65409278
230833656
356269350
729775539
520629385
572399693
610889830
1695535
82957694
135627495
558310008
59778099
382471792
522231849
275105609
73504988
583340597
391043327
757464367
924112797
330105575
490981276
36292381
39983952
318249799
328192913
176950117
248095159
34277801
206059965
479673177
21547113
119526501
543236549
172044382
1722150
159303406
148026991
328969212
14510979
807856825
716902882
967274714
234416711
924667648
27077563
306819335
194927052
98599573
312701001
565270741
138801650
549650233
135442986
376437513
772478729
669674110
44658948
633902756
665729588
327066167
284639070
33167472
412507946
553019843
178828769
358785477
16682535
54767436
62839503
582906981
681184771
156400908
13057535
77051712
363376765
724103176
188570672
69396088
155238859
12828914
379611999
257213594
699019901
87251875
493978361
418052731
462099849
356085960
280620228
209885571
344945681
765624014
134983524
264222687
235276994
38601254
3533899
383731223
16762565
176941427
190427776
30446052
211714505
22987721
327412065
226168728
378966040
450539883
144180923
266102030
89727810
673481503
417917443
535968617
376984187
19745062
262817309
299449779
329581482
611616009
937865870
475690867
302858754
561887720
36253724
241219827
425372872
269549048
53111291
35487443
192674498
226097424
432408719
192063897
997169668
297740994
125841018
255346816
709311924
44185231
142959558
716079660
242837497
440133937
40552578
212680486
154557476
142862251
706913434
481266952
326503607
553684532
181492500
149447900
687147549
242769407
712967961
701518370
882106187
559669483
61614399
72967326
725526779
591607420
366770376
501241988
10568602
332219456
889674106
169552295
246000261
2355496
8067125
162919364
238333978
655783999
389242563
151501918
844281068
351680775
935355810
427762365
371234125
501372218
1000056620
190660410
750961017
197155019
149983240
45137010
292965498
80754354
256977670
292524185
432231975
140710539
526594613
241708855
719229915
68003621
162284546
522614438
150261278
207616724
32642602
312019399
18144517
476436204
110872305
417577710
257391001
319683831
173683211
15244559
888373675
399541469
283506620
575543966
291803551
292295985
245698932
597947780
585662948
45419619
724467742
15464039
450967248
23523995
489902026
304526375
154378722
126025407
729342901
376182163
429031589
83911846
918058515
332585221
133843530
687022917
283658902
94267558
333066707
608151270
63284046
325661565
683462335
69680344
310326013
141457891
420580039
20971716
565575897
176464414
636602218
127000299
367162028
322200437
173917350
449369563
47873041
670030980
557486570
229323545
442580194
285625448
920132900
283683288
192800590
537129308
609331332
320672651
348276443
407745899
22817335
679784460
35325077
141402313
160804826
122266553
147885378
490193554
213916230
96884823
20944222
114411313
539201827
280676437
277649732
190415420
356962630
224556128
160294667
485195902
281807777
35089579
290404449
538418403
476794204
350619255
574850659
196269166
737888562
893296086
53906812
637284454
433455583
538321577
146199530
327837630
187925594
726473287
544632960
363017785
263722089
558469707
700187162
293619867
754882967
272636171
253963991
2045140
86258250
266400655
106970526
608909548
526257605
689183418
893630977
636393691
13899344
322578986
399299249
341646588
103526485
581149959
181784923
799326296
438103024
358956356
72748151
526291720
440869791
197064610
49828282
318913676
387505844
608646431
442911221
267264068
192806695
107361245
54705113
818457880
166310127
409854929
606897281
198968607
479774935
381170117
372735773
97500367
462328431
377626535
278222947
385990112
544725036
287271897
72651495
729233738
416060208
501915660
888222129
23244349
318433167
338054206
100233432
103188303
134478569
554178351
791015893
577185907
119345438
66006077
342030539
368997712
308729768
535185370
496306340
82420123
125119337
424937423
633192829
204674174
391616264
705873500
225273998
439415607
264810326
617021074
501777862
716612163
274885370
686368751
336222447
796140271
588253680
249956127
155578974
55256169
203173398
320372721
43753449
508623068
403341812
567474492
218035743
188428664
365252391
247636201
215550941
276403282
16177005
44120840
700012248
452511657
972755961
160934639
304031691
291827825
764746072
469171980
9358881
415665733
17327570
207391406
382062299
204222323
622805660
268384994
478695776
691781311
511484287
25277374
99299780
217979335
224978751
155502687
684992778
318478563
151751231
14962423
98107784
158565403
370773169
529553020
795988609
318278561
419882094
36621143
33590572
1594837
173465472
359871774
84275058
564294154
89571468
138756789
370164944
175473488
553927179
296155152
391968033
456052069
15859885
333628299
21026397
510552793
21630882
575875888
614769295
346014830
135469325
305064712
113846292
339310986
673587815
156940204
563962562
428313323
216931644
74419648
181496834
220302913
418956763
719849473
733825583
801648993
772913423
365765553
673071873
573804168
143787151
513368551
566639559
34667809
48095703
486924756
648744182
936918165
371325140
572150210
104793106
156822177
24235269
287926810
339891843
181179145
44611944
5147271
485180299
234280837
124927771
391981489
423340522
31651537
145688496
8623985
305421222
934929869
495918192
84043860
460203963
218110595
382217260
491066118
733474023
365601506
501293709
266698645
314873099
37117632
647986813
919472475
3280048
309083266
36344000
79080736
198119665
50541903
297884018
899574183
243117918
437219887
620683200
475150318
201758366
156889638
134056121
295572301
262371668
561867073
765323524
755586400
277556415
419303949
533851149
344786357
279340793
238504250
404059020
989965381
25875655
531458993
963584569
368913983
123308079
369021839
161940896
120641541
553655659
174744836
374470960
278620296
586661879
643577078
335780495
564480902
112316159
568378387
266406830
723836963
126431840
751284473
629819054
476048140
214440598
247447829
407570064
44496764
708391849
146427834
173994687
161878575
324344958
492850478
232255578
21086378
31838984
690339530
541070518
406606070
682143889
98829239
160498891
906583181
298807521
856676825
73957796
666945927
460208389
22893714
97304586
20097958
234195126
42841270
160920757
374006174
90391
631400918
371220251
53676587
338278651
366188772
201350284
766198267
163840967
300638215
829833202
260548902
254369158
19142544
161272759
364990634
237238163
496690484
198991962
100834566
142484785
334419387
119389550
40875401
589448523
662195651
139958466
125765323
242532516
460484762
2050024
148399456
49789637
971133016
787700924
868360731
335031180
995069876
211327675
485172978
168934339
118599892
619621083
581373693
126404507
559109584
299700796
268307139
393849309
107964799
43314537
271078018
27050797
739259028
729042423
650177421
491845561
263716663
50509210
912284606
225403779
524579774
71044147
260566639
691116758
713517885
87532200
685038348
138628870
437684465
663931684
484320999
597605924
365174766
64969910
69632665
734398126
9512137
132810145
707829700
31603019
646719951
308255393
402845369
334817978
96383043
290959735
627963798
813287021
239612863
180131022
16603
863751879
402731405
910494241
429439545
1673435
229282609
86979804
31619655
375987962
108711992
48045281
197573897
624083208
14387477
214036973
567593046
52365137
283400717
316933790
735932248
416065435
86400004
75394727
283981339
318264091
727007773
260442127
418398551
330702160
505113928
382577741
361162489
61348089
129862367
520778850
77467637
289786548
24451595
252096188
283021521
82003764
523847314
368914101
848550094
107532548
446987033
381479894
383133019
226868391
816920532
45966842
193812884
729274902
530481748
182607672
407489003
581584692
86136255
466120639
71120955
259956627
373521882
53060872
261524914
28497161
17332662
604873935
134900628
34017556
80087875
493565104
185810358
127642335
370728250
121716380
33231169
335456785
182844408
305930859
831396223
405653996
127800885
468986950
416914702
52075522
515743740
470011516
386645500
394182127
342883682
3263115
613246920
108637220
578404036
147183510
153334353
89200759
435101857
758698250
39128283
249653145
342902064
449386145
160219555
247801069
536636048
588231188
634639523
147607764
92190128
614597240
3132182
679473423
456433572
22648627
85686592
197396330
574293741
122482692
23976479
204306938
482555674
382899159
688929562
74522165
905572267
201682427
934763659
180124693
197105941
643634110
132239689
574605196
31596119
629988723
516088492
107739916
483107088
14861791
638696857
595947350
631132828
59386747
168937819
279382948
56517656
306387892
352238145
65408783
221183538
48187427
329045002
809894075
81410063
639768997
191218571
378913586
601237761
47625526
111674731
334008028
142304369
538791938
451723724
205641318
845235213
77632613
350340349
331101907
177904143
24378130
989736982
783539737
5596676
158863053
9301124
401205702
26835327
255907348
208344906
97960832
563992716
879796967
111629926
199183633
199263805
1001621579
5469735
116200727
60390542
550523575
400758871
664076011
868376313
326432394
333192797
878731456
410303055
416306272
221302136
160091593
519613166
432021147
423801590
322256404
388288027
208587780
452302595
256882459
256746303
426173146
80702170
667791920
241797511
462307410
279590930
300043403
328935435
664402607
204358100
6288538
30992848
272533564
768779363
478725075
590530671
898952466
459349867
575250573
2326441
215565558
554715774
352850343
66105331
80293172
713484624
585719625
556075455
155537291
47862349
795899474
72620193
88609503
340641943
222891573
532966930
697375175
641197865
404748941
759214099
543001997
263584331
226248127
300835332
548259574
203018309
40000721
487710388
209031145
289119976
321774933
90226034
290547727
423695287
459685371
233757964
204325885
261672086
645301173
177167556
171474713
605568790
698287779
41788432
294405235
452484954
702313110
160423991
295246901
247541141
600471286
203444744
447796271
256508152
647333979
202799337
505315662
180890444
247864671
116777072
280231490
638501032
204845171
82499772
336683998
708997870
87244701
27020035
296180480
54941580
696194411
42334279
173291475
179819417
3944601
24529080
719209114
376030477
257984428
98478407
543274331
267067296
547513028
378705397
725220173
487552528
512591578
486027831
53375556
698442790
375252936
158896811
313105027
654173154
46051040
928854897
93915038
244977298
482265289
82587646
123540392
427232311
18672403
146445388
669708841
491640719
362929160
459341423
298306119
355369328
319654829
214197548
211908950
747476393
236681240
190789618
358234050
370196665
327735426
39063282
60595884
157108789
665218582
465430130
131942318
310303557
114563181
365991543
684251887
263984889
191268112
776823417
489247892
758590210
279732316
386154989
246055838
419982563
196130314
263429932
241157137
138006149
70347102
205077794
305901067
383460440
709057930
487550819
188812762
25672272
456463801
421999329
42960925
129426091
869114936
559602068
227471908
20205250
97172992
225479077
956231773
203890968
92781226
152549635
686901876
147373905
153919352
371907429
588797764
106309278
287179688
315946345
263709216
360865777
50918986
84474420
1031980036
345324998
135464432
352867674
752030662
743472904
186884684
59913091
410383846
821436061
459973018
124917828
555179615
725170717
764868187
762351912
96794685
51323123
139900824
663662580
556215047
675765649
1021636069
279694545
198789119
407832621
619944982
579307810
151064865
595279496
811884082
57547221
413143432
118704145
630944500
113039874
639796113
113738423
423748588
194352977
268910000
579216888
159908319
46815314
485233092
475329601
106160618
122727466
113115369
440254819
196104968
764186486
154127014
796259799
387964718
20490139
193829128
322116758
354807845
566722555
808450225
132420865
390228474
302504594
564330822
149358400
58133809
623773682
466482404
513813141
233044762
246036638
399572931
745617312
459266815
312213440
912378411
175879581
386664789
222788783
134547927
313750252
115192048
440811690
407381947
332498535
254046897
645547625
200862092
243134736
558386567
368445231
160270232
82267061
726321868
80218380
131752768
115811195
141590286
148641135
495541883
147856451
646307802
719762887
694119576
513247143
314234273
450956514
76956233
279878063
851446011
486928623
391284975
870034852
278212838
532039509
674881740
25623013
513385222
35707993
448673870
791530216
521321858
827860467
91696289
160311130
708981210
549246407
623747857
505675780
658418959
308235757
632226340
273853967
734299244
264511712
301346899
731277570
125278432
355895766
97260208
135637259
695950471
356054464
881266097
358949101
268698297
407507945
18832221
709818030
683481176
90181087
567393191
68507627
71533846
143394576
61228224
117361402
765916132
202131209
163810535
666387304
45927875
378527202
769942010
142314749
380253431
176152883
325529746
518574969
394502290
11459602
340614856
69908576
804702536
153266632
303141859
787396760
114755853
530041967
427355232
197755062
305947196
45529878
581317612
48102540
115267426
193335730
210657748
242434748
74773872
432748039
1032026764
320883471
666898585
216325653
18319140
66315673
549946047
112008371
402044684
152692353
362719232
157969855
589212433
166088487
261087144
70822836
521359362
196067722
354400849
168405873
185985270
314830924
11001971
61851440
147203858
519889565
878267846
158080088
439473915
31613605
56997745
891776667
23604576
308626554
563680159
142127179
451618622
909322498
421564291
279236909
620280480
568274583
951105710
734938381
445554385
1339630
809770077
585102127
873256025
559891455
359035001
817275664
155395228
265012161
52133505
525068225
746668645
920042926
916746979
36231392
487934080
518068842
209183810
560429084
509630557
270838424
621665804
299858008
19026852
110267452
557180231
289510800
312847636
588415486
811046730
3427677
434299627
693331647
499053447
138793431
302349056
18839018
228520507
392925573
3416182
693320483
723082562
926508387
36026904
86640617
705648062
213818224
307048614
464108218
51126584
38445219
123184709
147375120
337877833
311572001
381422902
69486633
185849130
444374178
418654827
358385721
726046527
408293554
37286336
410880426
15200342
136063392
94741000
74536981
601697751
228208537
545873949
358856098
744593370
146917248
876175133
86433846
973576019
200518721
354740393
202880082
277486276
88224644
106961728
139667460
594096987
66503819
807617312
118526095
266484483
568099654
201406241
518733457
76631529
325762263
124162778
54223788
302088842
5461928
52070375
388911522
61557078
840459802
355621946
632043028
1018075276
839177523
64124336
434957172
77127585
344298869
27270491
200582881
81173613
570050959
122134877
506119245
4480437
4001331
460435220
859293836
353083327
393658583
668634704
582385294
270569537
47084388
229824840
306652727
182053460
182259590
325305645
228450609
270016823
194517971
808372243
355521777
202551918
919047926
252546875
564867860
268925453
629300173
242004913
126759763
57639664
582536590
143536185
33389739
351496849
389912950
785070160
121218484
516078145
269342688
188032936
233503151
36112988
227388105
115718028
145199614
166969027
547386460
298405974
152383667
588850371
339198296
14505518
140759204
103799128
538686521
151844408
420824509
648637089
334533343
263620487
797103501
134093960
835260291
459952522
72543390
159402808
81279211
255171954
522327522
840531320
22298187
659163735
215320192
504276249
465106115
107169411
739183844
630425279
483433807
9085765
203337690
102994975
59540433
208577029
199735492
411009682
306234797
740093707
792626400
454366825
415954628
84448034
67050453
577807915
168143137
189303494
251366428
399862425
1175817
243426984
202411838
474131539
23487972
303207086
445741389
51829243
882656174
99324145
32200831
774752467
82397350
467651303
301828399
230617193
287753111
658322200
823075934
347822741
363864603
188982061
785257614
795097526
503057702
766907060
407124581
420439194
103881861
477551405
107270297
727127264
169240963
647711316
507841702
765789574
630002201
51301325
428962357
252113016
852685384
627242957
650566694
171126174
508010162
262323389
194038659
54412243
394663834
216926480
674535802
284069465
71941106
802772770
709224449
286351717
517093949
312386967
108027974
568287188
236063941
9188753
45954192
65173528
58390352
292368107
787768902
117095881
3791865
692481204
93989913
129581835
378796720
506635339
693788107
335914119
169256130
161726053
287373484
703118537
95513260
929667972
502511696
225336352
117630419
37944081
406958629
646517271
106866723
284088420
768845557
531602655
169765901
135576127
60040282
197716664
136515294
763350497
1051553672
239545509
406129341
470042220
505946828
206636052
286931943
107948270
184808957
45363669
531318428
228850251
34289735
293124484
320878104
493430222
288007493
429370091
216287582
856090259
396535274
328235417
807143249
793358644
69268889
530907175
49949185
713089485
44867699
911330486
99768397
358583873
521516497
100873186
663359921
581873778
5653119
1001377615
650072527
316946937
342473262
801739019
15286831
549456306
209405650
889757034
491961113
432091957
818205064
727414073
211226445
238712945
766979135
796838922
312017052
329335306
548844836
440843480
215627853
108002635
37110189
901805494
257271798
223601499
992008053
387283362
830416075
458708190
117560499
304532723
267424367
164917783
206851008
875189610
42712992
49725314
209656395
973709422
66258103
661686350
70582840
528119573
108406726
782229831
551386271
891982228
138598367
978218191
651318013
132339774
374147678
316196307
335744209
820349546
233554600
231241291
337630372
235073049
741916323
55122463
53084344
95456094
385664651
515128419
192017164
386551130
642820898
149069919
281991984
127148860
16467259
123362583
352833868
12783916
32778299
478537890
137458979
23557577
127126655
346499268
931299224
230067725
484597444
11824909
368920522
617242418
355078183
151494736
650633971
614437572
616025073
274803193
315344838
269009687
345968889
491132441
193796804
36866225
724076668
133608718
20272352
795395806
635831790
285970220
497611908
502353151
153920218
69731695
663421275
348580364
463419943
90706283
606348381
629433460
668699794
226984705
176408909
966563789
532013180
388684980
141166933
337050412
171525576
43525778
730679382
391405512
184479003
269495354
986064448
265449984
961457588
670961397
795949377
384094036
13156577
817014747
30111510
483967962
18251887
999140503
742967181
109583886
97511991
384972852
121780587
624636508
645897385
547185340
849941962
719210704
1320270
5938311
162012862
253479566
309810519
496310135
213505771
867980590
957150853
814636394
38304429
79363991
391657547
381016375
26712900
235841927
756178707
51853659
304211783
382594909
506256623
54106558
31962327
341506996
646447521
501348826
229937464
1974887
883397141
299209219
631827338
283811933
220306265
332009586
815433582
70901658
90473992
7343573
440439090
101070564
127787050
59170295
497242607
671739750
389323712
33274377
6178164
188723523
695372471
284981159
134836418
436297265
500902047
109763492
20347562
115278536
449950998
85150254
804893523
87581864
147426867
991934042
570346935
968850503
505870762
624591957
434833812
79358860
374076237
496980656
295941509
259251028
163888077
398966892
53882409
397868120
362487554
364774449
623751919
814594443
539587554
30295215
800916890
242410521
265012375
537466736
775417831
355535924
461507010
967180702
177276649
83819990
157771807
5418564
298464321
343691762
1342698
415628918
23023953
392629017
334928687
206632457
811268680
287079888
432935497
676150197
202659946
793220829
245281862
49414453
650375222
431332645
492092743
618984207
196008107
439869679
218522003
29251350
606918776
431357317
720398457
135248217
511558544
46010216
1808167
106736750
724248380
601561689
554098591
709368989
157058171
389320025
275613151
801691290
596495987
180348636
91940306
1001130855
272626045
484061962
561678
58865816
828733997
764679647
891845679
170409048
107864928
314935491
189247169
519756722
358796347
373275288
654503089
430261804
578453709
683191189
868584443
207028723
225327803
399671046
109284939
25321432
302023379
425772185
18057406
104054324
394654228
235046674
110764900
244397534
778728001
650722926
268583013
356083386
394104671
865660313
393143934
784891985
550842009
175657358
216340249
360157714
252547693
217529088
188210132
59662459
449003714
894277931
310291731
58986507
129538518
85386573
260530996
91665501
416116614
57510090
707194439
171010826
10890422
220373557
398973146
764428551
646989852
398932619
528264864
558231410
558132366
392419441
467946868
528582186
474573187
763957921
598711186
628195760
495425715
816669745
510667799
377326473
379244873
33765308
116181508
344264664
409720019
145648214
95645390
603816150
21527422
539970064
811417863
21578787
260400454
317968591
167832606
45365308
625313933
523928954
277064528
152773096
658272604
458297411
202612878
497692991
320324140
497679098
246056795
86531952
109081828
757573500
17795116
334542502
456624838
263063049
46940572
488822451
40379215
480848230
815761735
633122075
444649640
146747149
148587303
8543769
430740212
422702963
270584383
591574900
239640543
27336386
85337468
474706783
19155357
289814989
79220817
574331398
74459881
331359889
742227532
67719042
373743444
176613811
101966817
358551929
93193308
152339133
328367120
118262039
954889288
319608944
96581328
714643696
527563384
478413705
658518870
