268198252
1
2
32
32
509082729
546900458
4
2
4
570312504
493827168
1
2
2
2
4
3
3
3
4
6
8
8
19
20
20
20
21
22
22
33
41
7168
48
48
48
48
48
94
163
163
284
329
427
440
1740
3667
5004
11816
13542
16418
22400
27792
29472
32145
45692
123530
375384
999026502
1453346
3057215
3120372
51563072
309232640
263685741
527266470
26570049
326332281
36442440
991486540
52043114
711113665
75701936
459365159
105980770
145694016
149492432
211686802
258309882
160430652
163701177
3535305
695831235
203243200
667801152
443404032
211864029
69622281
552208989
242400445
322111452
272520255
668111021
528641740
309486772
637636440
327615069
453513872
474348601
325753967
359800788
851184460
361105244
745935752
461628898
648673276
156042987
22982012
510681560
514928168
686172552
422995356
425716844
966970968
872877488
383426548
79765447
267558083
267558083
267558083
455350719
643143355
926258212
926258208
926258208
500000010
500000008
500000008
500000008
500000008
500000008
421001024
500000008
552632306
510978640
256002048
6
999103491
1
796091545
43813533
671290762
286744486
929948301
179655800
530050734
334911289
687186207
484394987
184880506
532531429
609767119
985317855
825993714
135824927
223402262
791729408
243596713
483153568
21745305
985225394
59562228
486613635
192988614
326027147
348561725
470163265
650624898
858194563
70850851
447054192
374327056
119899012
102325554
770071661
116851112
50039808
508129838
587262635
543687324
857598958
401605940
382008108
7223490
413645232
547608148
974848113
513001825
905130251
851929451
576861264
31728905
802734172
406202326
644271675
90141480
912023324
191853572
430859759
617208059
484751962
377025064
292219244
45923476
758304951
793891764
22229374
128399564
890649272
20808867
547638668
601617616
376942896
616809232
796204225
321575044
291860788
409540543
961206405
496088038
745006774
101739044
115219055
578816022
216080117
16932421
65353334
131221356
990140041
544391993
456720393
377347361
222927315
696142210
620491351
761693402
446296236
908637448
320228089
234341552
648674363
542756342
955489154
991263052
793996718
292099363
320589509
865104683
377248996
694423029
776072049
348346983
686206639
331393290
868086962
136549384
61055888
554593727
504846497
956785636
489905140
52176208
670579071
760189979
398961612
716538690
411917204
172177224
658388618
972159129
598956399
265422076
716174413
228203085
92341226
573800177
486373656
194944061
134689379
13703455
608770733
319997118
309465769
353934813
366281560
125787886
850481031
99400784
978867768
316987414
342806944
576263020
916398162
586781513
22050304
588636798
80555278
453844472
500932229
56480320
376654234
487167346
832750322
71699640
110425181
327921705
826802693
182678949
367335503
544465938
563534802
35504962
259598066
258217472
191772018
383318252
297584401
531574835
38933514
469104758
328162806
572494426
384571792
523967196
82115965
800099840
992965716
147482601
403002728
500968935
27827486
313709292
418407473
256027058
113063094
185704546
579342292
50869324
323164281
507452260
40775366
377121498
958345554
191295680
440288241
489827566
629852663
689457615
385019311
683179175
511057217
412433440
443635059
512466436
859177417
272540768
20576792
258458771
944822999
784756131
695799511
409682401
611921182
353828442
634582556
119455326
693445488
618474546
674849986
71839860
159459276
441827890
807809656
8669341
161831626
643311064
468828323
465884148
6031280
982478289
483595991
475078467
68385752
361207174
339319496
115195960
478943996
231430404
344265935
280957887
94733314
132007808
688984032
356269004
999042221
14962604
429364852
865165167
138609876
392362389
478054827
772507981
107771293
838904506
611124177
101073483
486982944
468993736
424463016
781032924
32140612
613682492
347116076
855000744
458628918
619124116
20453666
464712994
360083286
84931182
20508583
308044915
242014427
287627014
547305891
10399214
811720688
335677925
926662800
66909227
84049051
986121143
66166420
460780520
661871285
767128555
903051472
249837439
128390057
933461588
448450692
770795612
218574381
662705364
954485449
293704031
550802859
358069240
366534305
206432090
926234641
951221249
113799648
575524268
55081888
543459806
441489412
142012050
361478078
182258485
26744564
766805079
338560171
232958396
927626977
363140508
786092117
852934770
201569568
662760728
287459371
377682701
981331269
277544418
35015515
837744359
457488342
451734782
7909640
168580231
372215478
445157491
492280910
267211755
229909707
440058379
339740448
650767569
448215352
273483756
913256505
109865863
35970908
821899253
195147441
642518090
109374277
569042922
457615696
884080819
423402444
148070923
591445881
106917322
216739440
385111901
488888390
103546346
720941860
261034131
24335330
220851229
418522705
457649412
297237774
518147108
424394967
527684086
377321166
515390464
372340969
239622502
69236248
280892715
605178528
251004039
253336053
222812683
384642841
819116392
1684314
325064572
747526252
545159152
199341393
628557374
430603346
454672908
944296367
787513918
437041326
601981750
109060872
25583572
179455750
345016377
392577600
479962442
372963696
381385808
220146657
109672740
553222192
53817946
507419768
39661220
546469867
977653152
489832079
307100928
238331996
341557532
805551659
59952825
208470075
802902149
177940275
102112325
484753040
437324833
632198075
183113274
519989585
875158865
645869964
264593123
285527504
511862592
125526250
157687434
252592412
136071669
590013200
481787302
10317470
192921856
932367275
1641907
479584783
310052939
41554556
219270678
916006717
941784744
600651563
351656581
84420932
210399615
6547369
526180432
950589107
867742090
804094378
686755581
255973986
122355067
100445946
496410522
402379351
366913970
744625525
26428315
976827281
267691810
349557166
665413940
133802328
669644645
885847536
708408350
570504949
614148749
690026484
133098938
954332198
330512859
563340521
292867524
499511134
606233880
396307051
899255410
452806936
517826520
439375985
789802159
732540594
47699172
980893843
165283136
191097424
220831488
332591672
437741126
543803007
603419680
989435509
572451303
608739492
111595795
357317803
829040508
397970153
920074763
72937888
801607231
149374830
752082574
979115452
388462902
970174232
87392684
914127560
224653081
556968614
252168438
391086607
205790301
753845758
780035292
680257152
681322841
299069613
413190149
505725069
551842296
282010919
735328781
168897357
799917094
566971607
603113668
337268673
548910670
338911009
281439318
443349795
821037432
164943639
39670773
322546247
732627722
709677826
336779893
245403528
371477456
774581992
873007265
824134635
196657308
84203870
767334410
788553841
460517213
892945431
442003217
547398648
469168560
380388685
406487952
765307389
105946420
489108445
639811599
130300295
253526089
353807196
84941392
817100503
289318430
168295364
213714428
273512922
940802911
676422789
411425436
972878884
574648118
486251150
270277595
802415829
377497411
278822657
89878148
20348288
602832203
78083356
565874724
160689652
909867238
194419917
216451178
798122846
213097827
823705286
102377674
968854495
417736905
600745282
220634562
34581142
388623246
819864348
485682050
573706616
709570794
368853163
301064308
277152764
543948588
342529138
426396714
18511228
807957709
297582944
149821193
58235265
733163524
678006179
62825976
918558624
109910161
670132582
168948905
73714948
353541591
106859802
49136024
404488449
364684198
138628097
467475691
209555744
804937938
932467235
174059269
206862544
181451763
142848656
441915406
163788309
94724755
978006962
486441455
270520313
152013232
360692287
466001532
240578432
551575981
592510933
490411788
764148831
162107045
376258127
206102771
904913301
263986432
620167255
827551791
77938011
250095590
996112419
603124120
555467840
87001779
157196986
244131505
424396075
636393540
351623055
64979900
453982126
724265591
252274198
104947139
157937450
849528785
453169075
807941013
84010752
292929434
375176597
517569096
310826977
45157750
680924526
9818178
283659363
837004356
224778756
97849131
771922149
241840641
93855311
146243689
465318558
449656896
202154228
217056313
351402441
434546606
464189350
849331317
670110633
151456108
598425655
871197989
50526556
268641712
71721269
221467942
582566194
721294891
706099596
310893108
124115104
332419750
264676149
572526857
805417343
79472709
296892410
820748624
782019288
12189025
114501316
172907179
847351656
401270386
168571659
120060722
207991662
12725676
458358055
867505518
594462078
977884579
197686528
949861615
475910802
283508105
104796920
234702322
542706491
861632907
10033983
951789353
271237162
846442590
223113302
319422118
330128227
666050322
248507088
390855385
331896625
276838688
520680248
904759986
43096424
77753600
937340080
55075288
338580303
349411119
967140475
102829824
6890037
383744944
38169350
668773711
62630542
343363294
855154571
987829306
891604592
925171087
577834528
266450553
191135311
716555641
159137644
382945730
954357357
261400440
696400876
226046786
63677119
704752348
401693708
481500416
358240598
612351365
151340508
214140879
272991486
57208515
14606405
820876329
246288648
491202005
767750738
189298015
160396060
972149921
989393873
881886608
99858708
79081168
99025771
588799563
313602235
381936733
413024231
715464350
177486040
972087280
543669150
331802065
589525280
575184944
663082863
780972747
798224080
446551534
929001235
964105815
178014978
286138656
15092477
872433776
681875328
562700104
882168009
129189500
847322112
3897844
909580851
377538919
911053869
641160180
285651137
480916350
964595961
948531117
421055138
607757093
692706770
311389202
512235857
826923791
772762274
846423694
244352477
313477626
966048909
819655455
357524503
507545560
13235873
419929147
493652438
783543918
126212098
760046335
639000002
457748784
115332195
750380645
112276006
582294417
584118985
801714485
353876008
728558041
123668404
414300068
458514256
333790962
153177167
79362528
732083763
67037087
257361392
501065610
194094692
448254722
741780855
897304451
55050656
38673926
316881812
900614813
321340830
370274868
459800264
259702274
426988018
736302670
697499692
890377458
473957648
694997420
664004896
505001120
248462136
931625872
551483919
345180399
949422541
71937956
159535220
45321753
406363648
690088508
189337138
123955750
57223850
697362550
44469480
828440248
42741850
110596195
771952172
85724332
55957566
730441322
908226435
368155517
547539540
615133410
920576664
87525379
77846466
271422376
794583462
951310323
238672392
93239049
506386533
204917536
256132261
900198066
374660380
58012189
543498987
514049253
27697089
133617846
733624304
366005764
991363565
975104675
83857245
474393598
55046740
951672125
843751188
36999363
830733981
157074552
25788913
188557581
26690742
363004966
136216487
359158267
955555003
441795475
28948709
307683805
760188939
244408502
269412232
62902810
356491858
967061821
585218874
107973209
360697530
444705434
247410142
309258705
3924891
167315494
348993272
25048876
925628778
893006948
486774352
745244953
488855781
627618175
90465282
659737865
667624523
39652437
159756103
502193834
220516296
425922877
40163983
719784194
150091508
145571710
581086726
37370203
563891918
215655296
141545289
306264432
392929242
826429023
803184534
7756814
454609836
220653553
397623540
950491477
360098400
250786124
291951295
285372472
469873853
129820273
415622582
52732808
98243210
149734384
249551198
348293407
181328433
248840391
388238450
355460820
46990135
435934480
439505988
200898008
138429248
112137532
285239580
492972752
810824828
739302984
86740792
929374523
204922386
262075141
836062242
796422143
292798373
24652097
444587148
361961524
442246096
959658006
672517018
203695173
909750693
659798688
247412100
335292099
497021217
585399602
284762249
361324353
6729723
208482658
534259456
87367500
300993458
73335460
286360116
608490208
169922074
206424903
957036612
903536099
761394341
341316126
353376046
430907250
544822429
444035050
419662302
915817503
698255113
489893561
272596903
514019825
487190838
434370435
367908224
863373418
577313340
340597840
937643820
248481492
882726747
404450209
86105717
310735521
343006751
709074925
865263838
364348692
44610478
392584388
150850104
158497816
254974012
630135671
557597000
518767246
988997843
693750881
493008699
322837866
58281243
292311860
581997532
598786143
765800457
805931836
463933989
795887814
650903388
109522169
303658959
421669425
266810424
258795974
430611928
206099535
705296704
114792472
378019501
11281690
362425746
8420591
324177070
555461066
134182468
624261937
657898894
699030276
358048419
289849201
808620367
208517857
500198736
374848530
900151037
367338422
36968886
460536537
437703040
512457443
770471348
710138466
545599682
436678912
199269365
184678156
9778832
693477420
252416226
833740129
485074806
27004849
958749408
163317557
343391649
55008265
7737454
630672465
27974574
320916196
247307704
359122247
947216338
882773203
739119255
858898855
158380858
250052869
877673763
651173558
549460421
813123367
770031235
193884655
103935483
467234620
995524290
647615318
227167249
771116283
644090597
261828502
442959524
333497292
239902433
483859337
662961869
548911928
79142933
228051236
457506863
939678487
506744907
475043361
602945934
556383749
136871475
670357644
236378120
869434505
116325452
712945063
814236983
813015407
384141741
435237322
498843580
299651798
957824499
249628535
849978783
685903450
245226097
343561970
410287589
336676720
822345660
120418675
419033300
263801627
700235936
167072896
723374729
968446822
216531724
108524273
209798098
480899614
477644264
885557705
276459832
812230275
876933733
481174519
826810301
727884388
317363046
191171510
227425447
105188301
215725221
15161920
9624136
380479402
27778931
442140051
371306373
315783255
213365348
80028091
100963642
542054610
40531761
932884006
110417684
291844072
885885513
69948708
827565362
290035046
394173894
209916845
504917199
476639541
404979003
8952336
360625770
332613784
306318182
515465288
420937682
52660730
377722356
246354357
54395337
207787958
55336550
991035724
14692044
242551417
389312165
269125392
333551801
54392760
249117687
100564163
4105676
583915362
86029869
327715891
216979018
900233360
366173847
703655775
121759532
368065509
432544700
225192252
239321277
429116568
442422046
366996246
40045147
698559714
662454882
74764319
391966208
729498373
391560952
761324915
452484598
267056760
662815285
195741488
70483329
6669812
631476976
334364146
351998009
727849949
934598695
233295304
359887917
999597618
250018744
605315565
44739478
412571684
404518861
109803488
344046095
270742951
782342715
53925584
427707320
19816822
967187772
307479180
390300402
719408321
539449342
51144728
608960753
99031881
432845903
474647178
306150402
928599097
237476405
388458973
255522047
224587714
870026988
856887391
714358199
631128930
307759654
45412687
828353198
1891175
746010068
327487299
688715954
321623406
58596419
785499743
39776872
447422348
21338181
764176188
291824246
76768020
445253707
399778160
91065667
906854864
641461263
278843103
286638172
263193898
297571194
184417722
44755661
238792878
603911472
436609224
464079707
449477716
638765422
777967086
311927539
250948366
812513529
854892991
75630749
101236800
673196622
539865626
253546128
965292318
465485771
469928983
418514346
162266920
185136434
100696432
688767865
118735916
274121680
256958844
87150589
352190574
12943704
65651698
264246268
632425160
910068644
605420288
227077348
35819338
125909638
456162464
129576037
463673692
667733610
981277001
893246534
309561821
138654260
333084503
460422192
98255757
251479982
231290586
50136236
359735415
608156890
484072564
141946100
175292279
444246523
173453108
311646392
172621177
342489784
9543666
96982317
160769598
342424699
856472388
831790103
939705178
81549864
929855285
503519653
242813912
305664000
130715285
472104231
357196424
296205860
155927817
5244264
198351601
756101303
103036544
206841170
341868810
466081798
92567328
367814915
465743100
169417280
535879918
589431522
9648147
8269657
49675193
22654685
485435214
663340655
229130240
522462530
826548564
306007633
781211533
874238781
468389053
471859690
739151776
361257508
585518733
329283864
367045634
458491461
87436393
222648872
927892456
94361820
581389511
148512776
269340352
365659366
651643496
117942069
370133873
91993249
176085113
354823322
121214548
293288978
85796268
235020058
722576885
161001520
993484523
323244400
261442228
943995343
507454045
317542095
119300476
221823616
475463166
134825608
980798375
380810080
619493392
69979938
129126093
112720690
232262736
42325493
369720321
887361307
48152844
786682370
96848032
489575624
205694041
349427524
229283057
564213430
179569291
89805887
481158146
909384256
79032949
262357358
428027542
286653009
120185779
529530848
175270582
318348345
397238360
407733944
317432888
954647947
860307274
38958852
721914854
74322655
787158997
229018338
297974041
170632476
493672411
365669345
141741152
472079704
78076712
94487484
359610802
270047783
221826119
727848704
479321888
852696158
445406170
597704051
352991938
950080451
146017017
341304543
285512094
460303347
127597344
283150081
149953992
502501600
895389516
509025417
189826550
68540725
933616053
739996818
706324883
659443352
342104262
198804745
396783615
509468540
155661000
369769997
882492596
612785697
112268563
50779747
901785310
921048598
190582685
223914726
462509753
311027259
529361281
389486208
369478435
485992868
529071065
46559144
109022759
872524707
799208691
97170645
208964346
321716784
904956176
363963864
383858625
722583938
539370765
489030100
948751564
164364098
420601941
455287017
503068800
957010039
324789748
282762471
123484062
127345136
487519790
855344790
207640416
246197222
22521876
4587425
103332866
56495374
616875382
269630800
385642016
481644526
316442005
301977385
883396642
930061420
3506132
353904718
727217176
87989539
630563992
543232460
270370091
418138506
955193524
346787733
712748004
146574028
371609674
914165694
542838622
635523317
709205738
118851247
496167805
397303260
775905289
987039784
288455947
70652632
965481498
684686696
8419475
782349024
33384101
24626
99792380
4347113
16636274
246375243
340459286
678415112
63499306
222808800
686279068
827249323
126793116
4716440
940381749
699223946
981246475
108297395
238737903
205449612
548853021
282929561
419238857
169765693
736867656
201966364
492986305
181616718
880765811
768076760
459511469
356238299
3690497
975856842
319499660
21403531
42012328
383919263
758580618
491828580
97302006
150099926
279783411
504175684
377210358
423826944
536180760
3425922
154601852
443918592
648137202
190532046
294045074
506999811
101668960
786432327
989702204
12489075
69057879
61015379
375773352
984485849
445723627
254236737
275958733
894295957
2220903
649234167
859050703
176753214
667407504
179687686
407790743
85735539
492719171
551359085
307305320
729873063
939692132
706060510
217994060
227256457
333800940
487908310
180386840
602158780
412006524
31324628
450974496
437124522
701884213
957905655
504848623
342723028
898331648
347516045
572973639
314918236
272449035
33876554
193737664
80781981
569099782
61305828
816121918
301493530
491556626
356927296
476035217
367982556
944245195
152241123
69841056
221957726
424023456
884202565
691620099
244292232
147962844
878615399
250975336
195479421
874744025
504403893
458249670
479919272
102701946
264469140
397043905
495191990
163401148
483129549
301174936
242966840
270294727
234032932
157122465
546457527
464578011
73516850
831886259
170251879
