268198252
1
2
32
32
509082729
546900458
4
2
4
570312504
493827168
1
2
2
2
4
3
3
3
4
6
8
8
19
20
20
20
21
22
22
33
41
7168
48
48
48
48
48
94
163
163
284
329
427
440
1740
3667
5004
11816
13542
16418
22400
27792
29472
32145
45692
123530
375384
999026502
1453346
3057215
3120372
51563072
309232640
263685741
527266470
26570049
326332281
36442440
991486540
52043114
711113665
75701936
459365159
105980770
145694016
149492432
211686802
258309882
160430652
163701177
3535305
695831235
203243200
667801152
443404032
211864029
69622281
552208989
242400445
322111452
272520255
668111021
528641740
309486772
637636440
327615069
453513872
474348601
325753967
359800788
851184460
361105244
745935752
461628898
648673276
156042987
22982012
510681560
514928168
686172552
422995356
425716844
966970968
872877488
383426548
79765447
267558083
267558083
267558083
455350719
643143355
926258212
926258208
926258208
500000010
500000008
500000008
500000008
500000008
500000008
421001024
500000008
552632306
510978640
256002048
6
999103491
1
109619778
811341871
527857658
132260511
517894607
203361873
235782368
660082678
395685741
16644666
601296927
585409094
529556798
368787521
243136670
819189846
866075327
377712167
316769433
536844169
295752868
780208023
775923595
67434144
154924944
797365884
385687685
980325984
187748548
156102409
314241326
70351578
137555463
688254768
972593937
253943413
247961656
993834368
624030265
67104905
500632835
518944534
745836154
501380988
387927820
797694491
366166958
31939200
388831086
425566303
419350816
558430384
650337561
185507014
285563840
218278485
206639080
411197722
278579484
444889330
615255036
956458069
776900920
876865079
483174077
4274174
152509932
713913082
351639479
998305874
59902047
203858810
277338933
457506667
177996584
322849966
184682324
128976099
937493317
338962345
874635758
402222657
428970684
903190184
698373145
293288451
195472472
28575564
154307532
34184217
156345804
525246419
303165152
991517186
227795411
588302434
47589307
584125428
660801011
207034172
332676228
687491570
550143166
969792926
427823486
292467348
391619842
636180004
782490515
279865344
748940095
435354504
715367152
989482332
448763195
153041606
118418808
870348835
848736609
141176348
310934389
909244530
945912664
262111271
26136321
44442495
177915788
130785220
900883336
303676566
588613715
434774784
920471548
387612024
562956610
374224228
654371497
44959604
49076276
317787308
27785798
474313752
793509275
409408484
644537963
81909157
791428241
378964740
22537618
393490484
667553439
462149907
638772770
123548246
885193414
452209417
755072762
361911090
989815187
41357548
72357448
200200672
362389055
465847488
406750622
243279970
124679019
112834465
417096811
840032139
112322269
365311408
604135312
579819768
546569452
759712598
531042874
65183358
630764865
569488291
551521688
216098992
454463767
463029578
377676235
73477051
413982495
858342
315945306
776126023
105146296
930507095
287202462
500668352
66451058
362816635
171704042
958133600
40077387
315085342
470463326
468230036
332621592
875065187
16726924
299433584
76408799
175046541
72101084
924950756
485943876
489749056
748213874
506501223
198202109
520400344
37807335
343800496
882369522
436484495
890412425
245217473
505299300
209548672
160019856
452766692
68964360
246927309
68804110
283321567
39689178
582187946
204884368
139220938
312644702
198628114
35537296
210075456
511895708
775509754
659388192
982854658
485863470
796118143
982450757
47407308
241553877
101148605
221500402
187818740
416880453
174063638
348208114
318489907
995082172
132515464
926908723
650502099
364551359
884428932
1697046
984640369
887978286
405887137
87151397
187929688
753852236
835532496
90907743
243980980
833976568
418576745
17443189
684944219
123593847
472798572
107086290
275863005
232718440
430083394
895011400
66282496
290250458
836540660
420457247
320038912
835556732
648101856
145420495
245032912
967467973
847934378
935696942
20868560
494374315
247367624
998537461
743754356
282292548
452166278
461657579
526488602
922744705
139189772
63468231
158663471
340397075
981886643
243486344
271776164
58129549
237543848
652368302
366242128
269915540
794658824
961960751
947084478
902301360
239288154
989789756
773866419
229576745
985467832
89347934
864903957
434500653
357024519
610018012
81464659
319948078
840825869
153957339
108112124
62027828
467374912
232476623
221585693
794956877
343413921
391260883
496731186
47549926
884745664
962482492
98443455
757136009
879641032
71945848
14972400
931402471
713182653
427642666
242667682
565229417
403959930
264484221
669158667
329996944
590949676
611277822
141726647
121538482
84530854
164938792
670838293
432404630
288494652
847088273
825656037
885687430
10507654
918624727
434651360
260865533
640270476
547828826
70905741
913973940
126787455
120005142
39191145
722530462
759033585
393671040
314966994
823605886
843639084
799676997
278624424
290223959
799346915
589325835
91329956
619482836
440442241
151679397
266551191
479907680
88923989
220845992
582540476
5147994
365755903
620827886
486875656
651904520
653852332
766343085
1028929
749549351
578477177
601313984
845692665
429702634
167789803
179200926
459432379
706182814
906463202
747538545
157985648
405641578
227380519
217426287
29225142
732118119
80842337
476741402
330129736
147794493
111583878
885171963
243504664
407998195
809637291
96204853
586381202
73410884
712262287
10362784
175513880
827008717
459697552
101827835
61024878
115411460
553810459
350092654
13367203
491963647
691346147
369788682
697815764
775952621
669034414
309629160
627784052
495041712
722913804
864860414
738360691
177924496
853137821
572424978
320581988
972800670
521530502
424529837
862452769
663669559
405345597
574057564
204994731
622761572
243220790
672749317
385854178
197039799
77302167
430939822
3213847
140207351
924731239
463492378
903517697
709741372
420121652
192923992
45809748
467759455
28429268
179591705
113830642
106643522
416086564
223533221
367538412
142564346
10229844
323451152
437135618
36570912
530858669
950078055
79483196
703292216
370849728
936623678
919290499
34468069
195156284
234720704
613392349
230119995
641980550
944098986
487172305
930178525
250437279
370534400
191926232
368680011
263575072
488882688
349020757
592970197
920820935
46737750
737560743
445826510
366610264
347852388
266688978
581959072
859297303
343330944
54828388
908336135
465297408
1395345
649927167
590949633
530368899
805391777
35097938
431880944
779727619
430488992
461911336
529721271
946859653
455840199
218694552
145147005
251411623
789214275
145446378
177561544
757066720
56035650
178195393
351614756
990675030
230339862
659865953
357464461
673201933
748312211
678690405
485854141
665167063
25159630
808584897
384860761
574572812
806895912
378674272
230922575
545897082
37072984
180632278
452698329
608926955
575108584
234442940
894365204
193790284
594084024
205021552
909578417
672272275
153386234
80574834
238013233
111743190
598783046
96792330
463980259
411978560
66699466
173877094
100256174
374909424
650911614
150814437
352529027
550763441
133570319
810062105
621191286
442234058
836230767
46495067
470031631
893743137
353462246
802449880
389672852
398524944
382481219
457658157
686250105
319540455
901012973
49308036
89472736
564714586
566745088
181996373
496308386
250131754
891016624
57853904
281911424
459768133
643820460
136876671
412065475
742315878
654101554
59623936
438783994
320465538
842335435
677647413
259091809
95715429
983395676
222444906
429906744
675970901
22450770
684682903
621253590
796259651
35083870
443452174
138431507
297187494
518907754
320797704
320662528
613180546
51679306
759894903
551596
465492696
276990084
750300255
357633243
902340756
923585600
638390286
196668485
469600084
252327993
647992056
559049275
675923152
415657636
247697309
156651083
758516181
649620689
999537998
159039615
314305409
544913840
321392631
551242970
185791094
14456695
720132504
965054893
117598978
799885131
275360321
205004923
442685500
334867107
589426169
527478680
712758461
116194559
920027901
772907194
980665609
408014863
467741296
394757520
192554169
290023306
221570022
155806368
359562855
383339932
858752179
106440444
479512360
280310660
333423588
334347076
368468490
464907928
18171108
168818354
585369682
792528632
56130388
929518866
406685448
227100746
525177831
379389020
493085322
355727204
403282368
274527536
158618080
188984697
251949775
746432103
291294739
135619024
971055874
446797241
612185043
104717385
157418844
782381822
402764170
758591703
395061814
860099467
8068777
508984181
636454755
650325974
228605464
207508873
772612006
546235283
415827138
495756455
125284378
421122860
699221854
122354960
417982492
30651588
257249647
267327522
837474176
326394227
399100868
523409385
753083657
251957480
143939071
123213392
106428923
31841399
159224279
39055539
936017963
4168871
633210508
19992372
773721550
521173490
161212514
726737542
463867498
849205753
811178649
279887316
844693365
175808312
161603324
558540828
767223325
213947875
806725385
215331224
480157960
410315173
77087212
884124639
937150306
175226768
286241098
222403956
985111485
826828405
260089893
115213664
302574054
32096226
36519460
336659933
337460433
357027874
998302606
131013518
987662109
773649401
836514233
846721357
452734180
314230588
767693618
444458680
271738842
167685248
299991093
122427518
880154050
574723995
270056415
265204997
265761590
141275395
68410947
612110576
206780982
9109800
765646310
402956846
471164306
743239042
805651750
693994563
476681419
369728348
359024355
919614810
812686859
912890891
48728239
434620248
358097267
886803659
551769184
425396448
192592296
427124340
269395509
749567092
171725203
424338071
538842276
983952404
814725111
355933424
124352313
166656027
782489510
273206679
622883811
464283658
942712567
619602011
453087059
922343414
72554319
32772404
57671288
351362589
647576979
401885552
703548290
75238627
729156757
76977256
164188624
25926292
590646269
108954911
851115713
395165460
821155346
86007502
452801861
64960256
58726017
660265478
347938470
857484392
964137912
93078176
145802905
236761862
711723990
244671737
874321117
895175320
454185542
187961846
327086250
61198323
370872860
693269915
10926053
206886501
221228348
644449497
199393118
283404488
49490013
660949698
809182662
816644963
699129102
176567024
369488013
99636312
342832010
346404946
768034966
807486144
277588627
409474313
227494832
731766119
582076680
34382709
396256039
293442351
910709256
704982326
171920713
521907356
300548488
454279601
98154384
694133961
450065087
109802880
570024408
620129131
87031453
185971136
560816724
66316068
712051231
580556294
586095625
48331203
476423289
122740541
368640131
296799568
361057892
31341952
895283592
83443551
941377574
931162041
9054645
590374442
24366554
159860500
341564696
35673213
332867846
677178273
167091874
839750254
464158089
231501256
87654712
379376474
788161127
440725550
468396088
460584880
724459381
621839709
83055003
805888920
171175612
301806642
492149439
265878664
136777497
454973103
408490778
136973926
787778313
26609812
232825270
717595131
840828588
421362712
460573017
373472924
391918808
114428948
385139908
956980263
319749887
156384252
86980734
365425928
115268580
498411642
374661272
864833476
352307475
759643011
836910618
800250415
696158435
45921772
719388991
898864829
735270474
329056343
48965016
839078971
54123388
93637838
350224312
407206196
383389526
660034843
299090604
207469856
324158120
737319676
48094442
442193043
429016144
489674838
378888781
271195372
117738737
852830608
307841476
134994286
324749938
960433441
739002356
72316054
62795714
209023792
742275330
984555272
788511856
523375753
216633968
466677669
320605216
715414226
443557990
400210594
438151414
47073425
407930551
368906050
551408770
317775145
505693695
808689074
122651118
742483935
848013097
238747648
6680530
74613501
686031992
775157264
509739500
812485449
482134599
312816781
190326705
65347705
37109701
330842086
474103037
96545344
886673147
305020540
146519421
499516449
770446314
386192766
661418040
476703847
643505672
312268628
522010149
933854403
706287747
363591254
62198416
546479677
480957525
436788056
884002217
399659996
364228371
42649768
791376384
328732527
130974625
37026628
865649517
98154300
948767784
294379648
142863983
348328836
269966449
803285165
536673457
322920130
965837589
469808950
887955782
305034870
333727567
119095446
171874497
554631412
328369080
814097476
539750164
587042045
169972312
396605192
572678543
629551721
506377354
516083419
868167500
307253234
4581562
162533220
842002537
235279004
881328399
33474871
351149964
377117868
701253750
546128818
810702632
276890305
613045749
318981406
318721482
554770594
682992475
494995149
440721410
452962820
530647770
130723385
494887491
21130210
343674081
432574
565104859
122922356
715022799
251135296
166126628
645553583
390611838
637175059
205027890
255714264
364530529
242912967
785617744
331254376
391749240
970855543
431934511
471086624
998691190
26941706
175995494
806401083
283061160
10969152
281927036
363428168
765935261
123104415
894988401
24466510
82715697
775721972
120044434
127214410
392554840
579223633
195316991
746502992
617618427
711028499
112593857
941613490
632669932
37622176
822057686
545005755
385640462
822787932
393241039
331657603
427276848
317008433
551272076
466383360
849850147
634672643
422287227
55058934
727701232
689481697
747812261
603357600
292753344
454015064
513011600
90106303
453693984
696473849
670929933
37303562
602062540
47916771
459389553
225319424
260462515
311646075
605497345
484903015
164070705
262662190
568839386
973842616
110656064
233548455
853783301
245793709
438373352
614287033
813490004
713031421
697428654
110186069
345230438
274512650
619619589
922316523
215792736
54592403
458224809
534905915
373998234
612845621
260821864
459432848
280446928
573533813
331356413
579571414
20158559
190359372
198952092
9094672
87330969
249481741
314345994
458634330
261310596
114756340
186227925
292633664
372806766
301648840
356676766
846936548
386537787
253784765
81043371
217837456
717558144
799662215
490236551
258477414
172962192
288109392
188179334
870553894
873925713
143156898
532251977
798829349
622439556
18168212
263612001
115805988
305171734
187068674
160418640
123978234
358576324
138417314
369785842
274821117
203017838
469444011
757423799
208234686
123102304
393499126
877547369
666237892
460010888
904631550
820005549
110296730
519988466
33370044
437855216
745129965
256307772
464190932
260795635
409172603
565640564
538292925
845401888
49371916
956017452
960705746
281055584
13419205
508853099
197261690
779407943
569840485
182059179
274395593
47089700
14053322
985343392
855111195
993872626
689920405
13970033
220590001
970280921
491635543
385068309
368137146
46853499
534246918
471910104
20154049
207709874
566796077
883140449
239414179
26881061
441273666
687818689
360549295
562617639
193796736
255166840
473938095
332201663
883241565
633463006
626378629
606279672
291005370
748820409
778573152
306119224
497806176
750673882
673654653
249166064
287084623
366264
187504243
62666662
410648792
732308975
452501709
720330735
515522448
635806916
195917624
746941161
741526651
587014873
33500416
220402844
480369613
471952905
388121133
314155500
982194058
4463545
844764189
799397136
310875275
975228088
245754650
856932376
564729372
914676678
408802267
924038994
992496744
721968196
126213455
286267762
860456779
787787227
165625439
477989376
685980986
316704763
886716229
213560678
741718451
419009343
611291805
427226547
256140504
723772404
457405684
308866200
575322581
486572783
43445714
576002269
299567760
932581013
116352288
208937365
478368540
124028200
449048969
385829997
115680878
757129493
160939424
97256421
39639279
875166777
334827585
950289385
415104758
862595279
796975522
233256794
175957675
293780480
56632832
124681165
640352485
143774950
31243776
313087936
10796330
531137712
746417643
63361524
422027044
526199205
995215211
975478477
719671478
693778886
101215710
802298186
332731156
921665466
400336015
295732268
706589759
280108272
930118796
697210887
244065224
225100800
333590796
62794933
425452518
48120196
815842307
980421162
783630373
814501498
310949011
788868020
652595089
157845281
970444023
664120436
237260913
627655398
499465654
213405063
152246119
259511321
792986343
173391191
537097053
403050774
259744770
357000085
64710198
697258705
758913838
99936327
799093661
672879836
343519176
122227670
547069453
592074819
212961654
339363237
640633743
915829054
909416582
143575043
149785812
225070019
267909937
447249548
119650759
832902317
429905154
163791717
226735993
195954366
876489996
147314507
290854694
149239744
83570691
705313588
143078952
400174242
937566428
977209951
133317464
313130612
249836016
57154890
424777031
852977084
152578848
591609767
564161576
316065142
823637786
184370679
158110442
60452584
126068793
239892373
50376520
182550924
257291610
400998596
217534936
974197354
772583049
190517964
668489158
990781272
481980215
160878887
271738538
680349854
48290088
353576478
406028200
523701083
394445300
311712864
179796156
335622391
166584331
77910267
85646622
109757356
142764373
341413205
79847064
131264893
144080532
960142170
900607796
136704323
730504772
675433824
776483757
176640840
32176609
207149150
56664694
299156578
653907555
554684693
551161283
272852114
888773198
13282308
243864373
284476402
915140129
671602919
641748178
323515224
396559019
303085124
804221909
836316949
388701156
360152598
848515424
618458485
40808916
621149220
48338194
407419116
165243132
159968799
111340198
90847509
624529808
161289756
211053304
239961949
714538595
286027713
242269514
200441269
742805775
604321737
522618963
152665736
796319755
135232748
255508272
225982597
174670016
145035931
340335452
458984634
379753184
192210192
159796621
578516611
256931249
52242922
10682460
103633985
878391808
335971001
26570851
161392620
359926784
165656757
644255113
494484628
870682078
726958870
436991736
235114080
82305144
245216696
851349121
269421467
514477836
248390068
717802392
650514885
189899808
127928133
539509155
483510314
182518828
357501965
657823730
549637050
173925365
401831024
34556192
52174216
589216224
219370358
906772942
802585558
309002783
63882959
603739357
513858989
573618301
795319391
650966566
968471444
39588333
301660616
86504563
218649588
578825421
414630057
132830019
623659312
471523875
174816381
215196244
494686600
217857747
871508840
684107058
25899960
167557259
131250474
705916138
485059965
497397808
122649161
35145431
710941413
89707276
54127420
376249746
841187311
260004872
189245184
32088484
274464916
102339988
461043904
576579055
552700313
103146431
331150602
471162482
834505829
161083890
96303898
104094982
265307363
701372151
15667269
70348760
281454566
410070750
597226771
595567441
344968075
312934036
561524690
808035364
807944304
204397004
143506890
26134406
477739013
604364444
342939832
478863040
16944783
373726417
243399113
125695744
27469482
200246823
102532734
911415988
14652779
88026286
571769844
41151539
184017116
150250840
11682806
680145091
466545511
421801310
865393576
14519527
330034421
368461495
992133971
611325920
207375745
686184721
876638989
407019467
349027533
599243407
111715693
809256406
884281288
274116756
171784184
406691040
366174697
188104704
175244694
726349640
697264386
135649625
357006032
634163461
197298285
605665782
496912288
234120278
731059292
129086314
851005647
841642598
434677113
245958502
297901453
262945440
58190960
536041271
591570738
