268198252
1
2
32
32
509082729
546900458
4
2
4
570312504
493827168
1
2
2
2
4
3
3
3
4
6
8
8
19
20
20
20
21
22
22
33
41
7168
48
48
48
48
48
94
163
163
284
329
427
440
1740
3667
5004
11816
13542
16418
22400
27792
29472
32145
45692
123530
375384
999026502
1453346
3057215
3120372
51563072
309232640
263685741
527266470
26570049
326332281
36442440
991486540
52043114
711113665
75701936
459365159
105980770
145694016
149492432
211686802
258309882
160430652
163701177
3535305
695831235
203243200
667801152
443404032
211864029
69622281
552208989
242400445
322111452
272520255
668111021
528641740
309486772
637636440
327615069
453513872
474348601
325753967
359800788
851184460
361105244
745935752
461628898
648673276
156042987
22982012
510681560
514928168
686172552
422995356
425716844
966970968
872877488
383426548
79765447
267558083
267558083
267558083
455350719
643143355
926258212
926258208
926258208
500000010
500000008
500000008
500000008
500000008
500000008
421001024
500000008
552632306
510978640
256002048
6
999103491
1
113145530
338155554
135431296
915540263
166565812
7218889
404376228
71202251
612104278
432563418
309086166
182594359
636557417
63783276
300267830
721434021
988500127
885518571
409343703
937016980
6979446
214107272
163850345
828408502
939892417
135041494
967256081
68588202
94962046
148103924
106959814
240045168
609939528
79227797
259168857
364669881
164885652
339571001
584748419
79925637
544876619
799528857
762008173
302459048
279021834
462843910
137637632
235774859
233323957
486175495
704618176
97018
43779607
64670398
220737032
153867186
467782269
149121152
440591622
72798857
445005136
300523784
169859567
27090952
997348677
160269064
82032380
169784344
206678024
184011207
81603775
467144322
605090794
1553566
201647333
633783961
550172719
193661425
26089666
266922162
234533946
869191899
201692505
122856447
730637677
983409282
278020056
693783966
446347009
627214255
446667234
774050261
998773513
487565027
328741485
965136553
165053248
193290442
455346958
724144359
810018781
555026880
676452192
325155994
182380248
292433832
381956828
838568892
398076806
330497636
428943046
7599276
252367425
688273087
910824106
237588096
162538720
137134736
766899965
201786342
319152604
227917083
52603561
497763628
984765912
544418690
770154284
884246740
411729075
435347699
323831259
664491620
174928792
792525167
768176142
784841987
91095062
439674845
502419151
244780609
938137730
181405312
805870114
903784856
665154198
711778172
543244937
908610116
143442633
187186858
533244142
88071404
172905931
293893520
697280826
177684654
9508509
347521152
493455392
928207028
455975271
764902006
538063486
252405256
89537331
166463226
431078784
412508681
473094528
862014905
59960227
117338862
879865980
56825647
614440178
951171991
969846832
936819961
135561860
724766031
874444830
317205256
353210288
190642748
591458346
63287280
374217661
236278156
607518662
30427726
923824546
114995418
573335751
768883952
57589388
109628104
139289524
885108229
290418596
8823736
626266895
750377861
552923508
668131623
444680921
461400890
381084297
297478595
8817756
70028470
721397401
636497422
147053086
743054992
43636102
778877518
497676480
680715573
237127447
104459422
975869643
276485930
750564007
984061621
455718970
130665092
216902714
638143224
22124681
494492672
296998748
515151397
546466806
188247252
304300887
34000301
359306025
594880852
824887443
722091859
63065435
945065574
638563206
727829614
668032466
105112329
759300021
233644796
573543570
61510316
153269394
852178701
236911693
499719265
357311422
143859398
429097664
185143431
366414604
100624980
467113977
547089979
212503955
390168191
433324049
45818856
201768376
785112767
427365422
515411239
782958825
800071026
490371130
620659112
853505716
13083693
473412766
749082801
247371208
608461435
17593744
604485270
453499404
521888648
901042990
194398535
48910212
660459240
472528346
302761194
163730177
477602987
813585472
898679817
392612365
206131001
327965920
309391616
955555308
203230864
90080593
555717200
699595865
234948075
414808348
537559375
360182140
42633126
183235900
685553268
173234704
76040024
747925787
318795392
621015659
226424404
338533749
772773574
192939893
705356496
85199800
882241559
932193404
264289640
753995559
193347356
60020962
128842660
52764624
610470709
21977932
935580219
26030896
470254158
650728014
574457201
992051954
446766862
139809066
366904746
692941177
170875896
323759898
361164164
361623736
511128939
140113798
170202825
116153024
330815772
77687576
51628614
137566126
716892815
802040745
418819226
150739197
653258478
767555661
621996156
34311766
63915130
87592224
64503248
139816412
774464776
364544735
560063035
28581497
149478770
293230208
587625202
687536913
586635549
166468095
171392701
259359573
681181655
391201764
542534179
61396274
525863149
213748068
217034400
312403473
781978020
856489147
754465043
413820780
61321712
685784570
576570873
145414816
875039112
243962055
364719814
202625076
43313792
745432141
246136998
166362682
990518285
113655281
82533978
225555742
405536142
223150502
91482822
672033121
474156228
306979486
321408912
183811757
555395422
69915944
910159268
408101218
233849068
983933169
901722912
418020372
435817198
250939606
79803314
86596168
994389165
142631931
79343392
492027257
457672537
650757815
797946833
397897114
953487587
759527945
978720437
113597083
264257709
796243929
580855731
199834321
649975472
229509584
244592750
385819566
817506150
174215640
531001346
93324162
103075344
375348192
325834025
723627172
38149698
169383939
546440160
614257629
619975558
551846558
911580067
625058376
948284215
68051592
262664108
257897417
765862482
70306756
426096171
337896943
41112676
335816354
86029128
104538886
528651698
163285243
970735650
524758729
669274465
495442671
280608249
668006016
927583742
234818104
773142841
19096234
922848761
387786862
222283871
276653818
349698124
951667031
100081951
494669717
659718330
92999535
312281147
184434646
54997032
199610513
328318757
789057760
111783892
924837848
691722602
973931197
115489078
507499986
231438547
171827242
605220239
274422627
957090540
478463678
154743392
399392113
594354255
96082816
415639788
866892445
597243078
231528079
735663898
121157485
565309268
835294565
146219045
32882784
54747802
284230012
172988702
643958388
389975889
435959080
532889270
510911665
14052098
885660606
51211705
467050328
762186610
193583394
990146159
511039994
341612313
38588863
593195032
167497722
2354419
667009572
437848839
698763068
573001726
357122917
373643307
517759385
107218357
422308975
170140520
484281575
139121170
436307025
196740178
98099771
970436472
356600944
525268927
467777602
322650605
109013445
956393954
990586
130485915
681922473
654662373
46017479
836329995
259936456
917915415
212595570
833099307
247836646
603433950
232017526
437192800
286606491
25518533
79763314
386221640
49075981
975226097
764604517
241715162
295337886
979554067
276051080
327283104
765588590
271464011
228254151
83239186
591021593
78549133
447033867
927800
113415502
179116698
318941604
443645496
171694885
130019923
60879775
438538308
297366905
59542780
213309955
908043901
227961712
84505206
97868229
141898872
131405317
441616600
203838680
365689193
33019221
102864111
304685792
686017242
494590824
181780242
205020569
535224879
50006102
277782052
344652595
180412126
942034831
80519076
962739793
994056685
152630623
349347517
611296466
769784425
373945292
514500896
3131709
15103880
583746791
355741672
239842669
524206544
694369434
89680759
859951800
734951945
58735063
642573566
213503398
153669376
472190708
592796256
740466497
959874340
652060286
866836108
723969524
460994984
401607672
679878409
250863309
147838729
104555095
44215454
704441183
441393318
894954964
66816625
798147091
293737508
845264514
196089270
379425252
205793074
818756911
970877976
936608753
811322198
233973852
472298608
108217940
12478347
441856607
130811460
902611483
139656674
275745892
416598550
751111100
335887762
578371893
717935845
585897944
8190950
682238471
333901957
178478164
320101564
673612662
902455926
141863948
389873222
385969611
714571082
786873124
461931238
690884305
35491434
452647696
928081804
760583742
676962278
614119544
432484177
364020117
719328240
412620154
752104952
321602070
764942580
937062060
579675921
286943714
419034908
330728994
318945998
322468736
378089236
193308477
651877429
891827786
36536062
966335369
305259564
487841618
927561539
381483814
197365123
206991987
150850859
531305262
23908421
223957850
250749830
472754980
298397952
177963408
592875077
729945224
337257708
570924220
269584640
420367760
412418102
857312703
75160990
273332091
58168320
61957856
65997617
138363995
151223675
670907163
261243888
177387912
399749
395929382
394137145
817391952
212008445
212827575
817386530
84882860
277446308
884951889
16962208
278431232
851392378
493091577
24814198
622874320
582547085
951341728
661803222
505348176
368875154
356154028
140874465
93610102
633387262
495577531
910078946
539550424
382676522
150875686
131421837
321343475
147855870
208836760
352093481
263165213
280060974
864134440
342052505
140041046
912942666
61422178
907312692
65019804
712129812
851275364
396042745
49489850
121764469
763109248
389384193
454387808
12333711
921917212
156125399
501719308
45615266
981913570
643985953
44175440
39389217
68093709
198084740
730540707
450659328
112049599
649488950
752215693
369565521
578446500
210020606
771988011
34611801
220283988
289674879
310605616
282656892
750767164
653331536
677035392
192241535
312288498
567295936
937952338
185487428
201664424
352318199
175913892
630711286
386517438
579826668
785281159
154871628
125466272
578324550
727521650
175102045
954831616
345980744
449561891
325064124
391184784
5084594
792165596
628034118
55471275
498556061
371350787
431655622
387788841
917420361
515226189
182647570
544422786
635186688
302043932
30971032
725522151
339962691
161895018
854042802
508583084
718000231
459926368
360115305
248558508
337391607
576605068
365093472
71428334
869472876
64284794
235783167
310719530
735232703
292448720
15022503
806507673
235482207
795101887
374442940
864232234
138104534
246279661
823672738
174066476
31576689
6004441
537545856
683811432
877425659
45924809
320887490
323280360
471464762
164013622
978415303
835077677
78518694
69877060
261166676
745310497
651700386
326920290
339614096
259632410
814800275
549701464
456566580
554970622
478894362
881660901
611191023
747007418
367049551
535837105
750426671
438274358
408313680
376200130
278519395
522963154
354076302
335684245
589618273
55898209
114852567
478558970
111153175
199810946
126860052
213328109
805284088
715837932
368329614
372879950
969097453
50075611
967611722
275782265
82629568
310397695
249127264
350097303
178469434
392261550
114778177
938155562
113422
268391604
752302320
322421455
368323076
248961968
756676470
798409924
236409727
37526763
1373944
129738267
17814302
346804518
758772561
244672524
601101516
810177424
108931392
131563134
780368104
921493557
962091178
375407845
82534351
911537099
379761793
424442828
425928506
333363572
233443322
920340064
127695382
969346624
430701802
248729715
253838237
424950273
871235726
936530184
105389283
993877071
698525318
480254644
445207601
956641102
215088923
558961891
501042505
499671662
982767837
483739823
380786836
894134380
60830174
392223447
504633719
52610677
26968670
65722664
630204366
114790676
107108880
276774782
676684387
956994134
595033332
321534322
410396761
104475977
301322166
479247448
456890898
115485651
296663921
871862763
941688649
775026937
781120927
583011954
182177926
374849155
811042814
314936489
730630487
39422053
156646032
333950091
421138340
89535664
201957911
187865125
179158130
209651975
590146742
639889899
272144788
162820478
746795471
506486805
941752202
590589017
205788672
448251748
799136001
56853311
306007345
115734830
242413130
993898720
898470212
86331984
974059318
97327376
128940307
368354987
229143605
494519193
437279140
196851125
233221389
537327100
17896406
437613457
713829430
565538039
165072123
321262368
631833486
227915794
582571691
169865108
926370498
810502490
350360719
161591926
180326539
529997643
793768507
760953359
264399782
876007071
214907996
292910866
64103359
168843660
196261822
1698724
43487180
141120770
197573777
553800137
288136674
266776613
944209983
790535651
255977169
879597028
652856011
179289131
523797741
26843718
596634469
11618237
98560633
863415439
714247294
850904016
275759156
297930922
308562954
385472408
388421309
45022135
265227366
346692076
128123194
44620991
431526055
260851242
316972160
767623165
45828806
815567622
45703260
978974654
954368551
220431666
358073043
90952278
150341249
114438855
41790913
175664906
252267907
979016580
85137630
2038256
445792339
467619487
522346728
317896023
522387831
338793368
386086888
508173244
75277719
26616636
766877896
164765477
329515276
75624672
728889180
103804586
176720916
177033112
837348624
108488580
364150819
288950969
106253730
978395457
322519824
447390169
915621899
898038081
539025257
730660759
861882844
909112601
547823146
759154326
391244700
68513708
671152360
256588796
199883872
184106650
528577698
917945662
896935344
253159507
489088947
511863228
245074013
552485324
641784227
601419019
939854732
767802828
474412294
266235844
341238380
128561342
57541893
387225147
416885884
364332740
82942824
338396358
505294564
16848671
773135883
42531766
42805496
762859076
90259230
52584113
840788810
216305192
31075299
818319665
406092300
35275619
100897107
990212859
218851497
79111178
52158138
201978139
859128387
223798563
491762816
775256407
85740271
318263564
935590689
329677140
735784797
770249260
933351127
606240541
201352642
58175940
526034432
185898108
902407163
148805813
64326364
500647916
718929985
117592745
816794690
826291472
318156704
168791320
859778318
41285398
879838994
158891924
443260278
180614294
973316812
99232278
86461234
713157096
787632688
190037834
413838966
437191954
322798824
613621574
979189387
909657561
435687415
439211386
790859448
599396862
405798375
912302179
88620022
727103524
935872037
807160672
479632616
676906168
542033341
273698616
731902369
1081648
180919312
111167952
937859868
492394337
255984298
36359621
827095266
483057125
936507068
192008620
251925446
665842502
634991055
492744148
751673291
227006320
17127171
547980136
410772587
193748544
129723131
803540831
278630708
183444024
514020216
801097066
102878464
897094843
274141142
128190096
475971289
835879812
618659388
470535322
933182616
868380101
218634856
51906583
120953843
830707559
797684224
989376202
819022003
562750444
607073670
999419824
159263232
38500369
87219354
986470838
827638790
820549913
944483769
72827477
829813243
403249691
37307857
265995036
199878831
295675049
37976108
108857318
378011100
971018542
163838487
722158484
30690351
737611270
141985833
133584754
230928112
507343216
109557179
67927445
15144260
8922368
9817904
215769360
881099817
90328412
483437588
890154926
26487327
225965526
33361418
769376000
347097250
300567157
121725280
253741864
725026456
745036880
352469609
5645011
981706880
198647738
350562706
595901743
476551439
189061944
903760262
175222219
298689334
849093227
22789661
662311483
306431204
405894731
31445082
229528174
502779109
678226472
238583861
730145382
927557925
230085370
364902000
522878705
487344178
76379535
62239186
148879947
834080319
405329680
984441385
941563713
169693320
475470672
478111063
651258457
72801592
167462266
836544434
423346487
560824955
658491278
126256442
995684921
884650846
493048396
50278677
137518438
88530372
667961814
292327250
491285464
69129209
193822598
173322622
195622013
81549528
956304910
170595263
240045206
301260422
489884758
897307545
705913269
342500793
461325611
347644274
160162406
645398971
471656207
380329648
87454118
327519540
140879305
618154091
534886628
849726950
295617624
336544990
430553928
514410754
875260807
867604507
70462344
845687160
535764445
28270208
657338223
30538369
602721002
553281136
438650201
369946142
39772496
101751016
231919873
448983504
148654458
236579406
164821846
722611823
135911448
941737315
271946752
412229574
98594815
195353933
373926227
772909545
908006689
230427375
310639042
890691494
627051784
294751392
662206883
210540329
654310440
379464772
34465047
448548601
478432718
817828137
225149135
344043500
355041379
272552127
612687622
225991678
635828672
256368651
208068474
999330885
272223002
321933126
133006638
137941573
525387100
496738775
263134758
83878318
462864164
998402978
327410464
372386777
853880429
373158730
260505299
558198848
3772568
497812860
196434290
776442361
646070392
90427458
856321741
528974713
707261515
959571858
321755191
200052508
312284599
581355119
941172580
247019819
926398488
333102793
454383436
40934115
901945539
390593082
423054650
40662229
651067694
245426028
64189136
418262987
127294867
397948670
504462783
789868642
279196246
471011722
65286528
541151198
107908946
128076393
487385132
234155186
670367369
286543086
888134629
174613277
495343787
990905691
606658936
48303915
201794701
278059256
21166992
12887169
135669813
298843654
422428105
50960551
128251184
778834569
208599501
801758777
409859923
148030843
489069415
390762720
391494654
178448208
20371478
553321820
225246904
138329110
322365935
693824152
146908916
767181432
883981178
962773135
258336494
536613266
295921925
404103065
440778002
623311322
34905273
464955636
437516384
999644254
385748857
307899207
485710504
271983222
972948940
532845980
705951418
512412658
135096980
289580559
384830420
725137356
451793378
783868540
369468296
256853552
623183022
218069976
233813891
145708787
910309701
773632020
234954542
78254003
319178688
840276073
435009241
548474268
71372726
575987154
210638015
550721013
451154976
795519474
775638676
755208335
377531800
539377925
592429040
464857840
886440637
968724242
127094710
519729084
193339898
477531538
794669798
716939216
259190306
683932672
789094611
363785327
868732777
412272408
897442924
894320102
364365353
406641290
568078502
232859469
449720271
63274169
653122539
357333631
403356434
257333870
249186031
255211797
19309913
20635951
845506195
204978467
761646460
227406203
409251131
101860822
288393214
55177788
133366884
119213572
873916240
39338669
49214806
515012316
7107088
606721677
139524480
260018972
41659970
194376965
646051694
934039079
938533243
885279250
569004730
704888263
578318974
324963880
894920332
154123566
622482478
961212750
800360022
593961103
449170067
901067900
547942507
416518671
261714988
238975818
265278795
387583537
54757051
379613304
189511288
595931775
26716132
134685984
219006305
308071030
408393508
114047185
782367636
123063221
884296045
494751536
154100074
595723065
712514848
788148367
84883780
562982796
165910379
590956091
387197085
100729756
692328014
737949847
768789337
273752262
856722321
463976764
255321747
127250599
357276587
235542386
98991692
325050417
346774060
691881872
946646389
136028236
346560002
388249896
594864511
252239406
272179458
872630192
224145678
902589470
259901696
132375578
649710296
802924753
598568712
158302072
443256379
104951178
273917067
334230264
284914200
10554331
395251264
156449888
389372912
49935452
394285261
413535021
412275713
375517364
391769110
252740508
134143315
205945464
121138494
853257052
956566080
179194808
350770994
421394081
595692059
14003498
327776384
369327912
82682784
159371958
517560722
582386219
703870352
864984069
507551856
832381261
377770200
856170818
217104082
351682147
69280057
328139408
