268198252
1
2
32
32
509082729
546900458
4
2
4
570312504
493827168
1
2
2
2
4
3
3
3
4
6
8
8
19
20
20
20
21
22
22
33
41
7168
48
48
48
48
48
94
163
163
284
329
427
440
1740
3667
5004
11816
13542
16418
22400
27792
29472
32145
45692
123530
375384
999026502
1453346
3057215
3120372
51563072
309232640
263685741
527266470
26570049
326332281
36442440
991486540
52043114
711113665
75701936
459365159
105980770
145694016
149492432
211686802
258309882
160430652
163701177
3535305
695831235
203243200
667801152
443404032
211864029
69622281
552208989
242400445
322111452
272520255
668111021
528641740
309486772
637636440
327615069
453513872
474348601
325753967
359800788
851184460
361105244
745935752
461628898
648673276
156042987
22982012
510681560
514928168
686172552
422995356
425716844
966970968
872877488
383426548
79765447
267558083
267558083
267558083
455350719
643143355
926258212
926258208
926258208
500000010
500000008
500000008
500000008
500000008
500000008
421001024
500000008
552632306
510978640
256002048
6
999103491
1
27575836
507731776
970737503
296013712
761076535
439460246
323680606
131309378
172835568
360177332
9106567
237130172
480436927
144086927
288533595
320665755
670386551
31565845
721311323
882141536
593242704
2764352
146830526
979521205
121551462
158287836
5326188
419879240
821730828
625036003
669689252
439912381
507155687
484105002
88527232
201161726
997228417
275736816
384312333
964450660
58033248
313553259
491487040
256104799
634284819
851909880
283921237
928417121
28435180
567352500
39611190
40465338
864844955
498662433
700487455
465708192
200136454
296635955
198713980
207403500
298075423
223237468
322951322
691204301
374546255
18499872
913753713
21002833
553945282
690812486
928495407
16246179
271254268
887231949
456330437
249630514
769515810
279757777
346347096
45412291
914823696
129064462
22997304
74753956
815776479
321763717
20268933
913592741
789640502
96017823
67242631
177600612
512589352
171686147
775547998
519033220
466850322
176355268
31848648
123393101
97923915
487757737
151455609
796730878
382090627
419042008
77523992
110110064
188266116
261606072
361392899
847907096
602011334
113676694
48568410
583735768
564542877
72676042
360538433
633206649
103927824
346904972
257524144
750750056
926254725
354610426
737647916
900797108
67360301
181150728
786300956
848582420
624657865
418218304
995762565
786381272
115260062
461599041
364458262
197907798
369070645
517360771
138050864
931139234
414658203
105412662
576264326
249289889
524942797
434005236
463585746
314491506
985682241
496586388
777303973
156997944
318216340
223977444
264298443
673603144
142531070
184786975
239424690
431429513
42679017
74839350
738412113
44258902
350607756
315549280
863101516
577693316
43842101
32967998
257380793
401857287
906049761
392087571
459191245
795943707
62174440
570184540
437962888
276362184
976904912
416992662
24130230
225976414
442589207
19615112
501640496
69685064
88142296
501269998
921911809
114516800
702423988
222623352
179496248
58186496
80646356
176635832
152963960
56479156
629453320
457005606
106284588
784701635
648108986
491265919
439904318
331771525
908185424
262682894
931848108
256119222
841633513
797816553
83585509
932458018
534775122
690367305
951997729
455454112
206195624
945157094
385416507
952404
719379393
634121541
103237275
213871105
133934981
200668289
569602955
61241117
268558738
353224117
816479467
318645755
139088285
959066426
865869488
316114039
776320891
820756134
469545354
220210545
120532267
234933460
99757970
414188792
654440284
77297580
656888801
464798954
466274350
671247447
5495396
122317366
16253601
14271995
174230637
583926592
821957027
389181196
788058221
518349836
939512752
456051108
526800712
326089446
470474018
369338985
402964867
643485808
13951767
880745274
453066985
394807584
53616202
425405008
93926815
485955642
520018955
297954799
208135932
18105140
24300245
343111808
593237759
105697529
164459264
298227934
954196405
86270960
585038237
511227108
435366434
206917447
871785720
840846476
822772357
384603156
134124521
573909000
471323119
112972138
345448119
490445133
866827936
177196262
413224133
654572785
246302721
454481891
445349915
209059092
470764670
396084468
75387980
649816070
115327674
982360243
78661333
861972617
400171683
671486547
872701017
345504150
447810222
723670884
796085138
979641728
510978641
289546320
910512337
346298525
321785482
142119382
599424238
296487156
783722659
787241824
51772501
328892537
594844136
5394398
460251354
257860628
297130833
46433193
565194752
981665838
410899269
539665645
249407785
802085508
762894125
415972048
112965288
500543418
173723307
427166348
419716639
458603794
812648584
7533117
347552440
67192809
684156044
178906472
74953911
444812112
530714778
586610921
656120211
844077808
173691803
523681817
117441799
9230966
177395385
119127710
574613170
72198177
402642130
739919414
444709807
712838821
724202415
584602445
360652548
171022976
493536157
502199163
962895197
222486453
915752645
443585669
869056449
95869040
249336052
638028620
350452112
104613165
496147878
165470441
255719236
266706910
193358199
458665268
89999539
615284134
206367322
591916792
226778712
399510016
537386379
301565348
922636063
778459000
169499979
209782446
541492073
79206187
15415802
33378924
870954737
839643321
553224158
88341352
26754177
63184518
27951256
200289990
351224630
6326861
602789956
163023497
109898731
954738795
465941068
665186986
222901052
377694000
116120024
230669194
644728542
108826424
435727692
115230592
810705533
527879388
964085539
258916854
209480793
661026600
464205334
343509113
452808056
637713115
367591334
667298717
298395868
896890888
793098436
578907093
807377388
512574147
53226326
239496200
584128113
383329888
298977675
346034033
649091954
206940679
50984173
708419865
28278148
206210454
426109198
436695658
159164882
231750571
190522024
125718458
510097372
938527241
151827972
505466140
45620578
248030384
409745260
70329928
548670916
369419664
173471418
58880671
19321591
31409580
984124238
545502766
37942708
371633283
215703475
704657328
251641190
571941280
389716336
24679389
361800761
12206182
684097597
129851476
70001231
578512827
399088162
779551301
251188788
941670399
16307201
70679163
289609779
43387126
939499439
162430456
192904140
721930233
247446091
884616771
203507608
98365753
43589154
299248450
278983652
175975578
417264339
993835836
164365840
769125675
966870299
881758992
736026197
477257852
238331310
445101304
362625856
105830477
651554156
92916220
88986792
71971759
284152616
53658121
197879346
44426622
509986768
288393506
247394907
667908114
106892780
535319417
803760609
242131863
16501812
917138331
668110496
440280936
807921521
957833968
315895162
254567982
694024868
2798327
965707784
37486732
463135224
349603498
78668572
920333711
644606315
302675410
380670969
403274506
261309180
293101004
137496403
91960088
904976733
621765244
731037505
831961446
193497287
758868928
506327789
838108385
413885176
720635420
947074297
854228002
260199938
706678123
625618019
433526180
121084262
806255140
666553390
876705436
333676870
517504800
138031026
482248051
23280248
88092647
490584224
15611258
893637639
62287035
969319248
366490185
113272176
866078082
376364352
705318853
911848525
818955559
4447335
395766957
52625402
24630414
509645174
387910306
403632957
251931552
43979266
21332554
42029464
861291656
760990092
326890174
760190689
307318855
606881970
479727889
977415974
307536259
44265581
960501316
705000809
861265208
13875824
570270194
13952356
313756131
219575048
469437038
172647630
15887361
164780418
857816179
171981073
121155243
422171955
224189416
417198535
295755659
46772500
276691628
514438284
543674186
585448092
905070149
117894864
944275522
308630777
388778984
895914033
345742105
114471995
470754074
957928634
74595635
553927578
706383503
160836686
1874131
399851022
127501069
361160300
363035016
35094555
30138166
87434832
615494599
742929702
590683220
220790710
406731944
839566437
29948194
95724630
205213029
674431544
647336478
151276761
230260160
130016158
705027521
18519643
204444972
236793454
819458362
420144154
130953926
425709810
925201862
499510784
650183797
70775460
57340910
866540534
932399385
201542624
68532484
996216025
925786480
206181168
739082926
70074629
357936894
313879664
454514708
474769824
487077121
22901197
716453737
374613495
14268541
153420740
431440480
404761661
76624072
45219836
915755931
570953611
441418102
464854029
506662105
848419409
102824442
513760128
85089526
176054266
841140571
302027843
409879895
622268936
78954042
756125642
388186380
301496477
388316312
375028096
4910892
19252512
40983144
527042116
242900688
414725680
57814716
516225884
15589009
627030105
136268443
36319971
382495519
415746112
313696596
295912441
807595020
363147458
40339429
672784502
370153332
141326233
294188884
65037139
388549016
579018741
373858774
533628360
226912320
151990297
190576508
16606917
140080064
427463671
315810065
42772512
306867392
798842126
453011193
189336462
102622466
473153596
865483735
216535445
889211611
811536075
414726354
149597114
142861091
469581544
402154136
646715826
53240358
999450822
32894942
436159688
823771353
525248543
222558508
290302261
486381653
898794618
86643273
166856484
484517321
14929802
116123550
337945591
228484557
632893802
967539119
372573547
363646885
883798701
321172613
855778241
762959888
338448189
109660798
55204344
727608949
59224897
232778316
797936795
421260166
954240421
661724608
923256870
110411993
69711306
812022780
148926300
444542796
303434641
268583438
438862559
180270564
180481324
57788327
78173680
566070815
87832506
376817129
297714812
220386488
376723960
957329150
348399356
268323605
236853808
873725372
596988231
324861348
415249094
15434315
736203726
627074642
329817354
486356676
331309116
174081443
723750303
169430797
631031948
300701832
105534088
380561862
895485045
451662249
745871108
105902799
377436116
702660766
76270845
162196962
873002949
189955019
314475062
710734130
348002899
196744678
217032905
17505962
585110131
148461567
534172868
156306830
416736822
314678470
421999832
510109736
920446812
823743328
643615495
432062740
204882556
287478078
905973468
356542920
574254564
857858477
907773594
578200864
460143016
769821437
471247448
470480568
157837
191556069
414220892
167119891
707674922
744078662
269802102
882554960
856589492
423015383
515472997
9403656
166343677
591290968
154418295
579398417
573915920
545795295
67865793
665879113
514405629
359257327
793371877
15993546
9752881
60700092
350963082
618011084
44394323
736269686
84873670
631741080
375018938
852840048
716178742
261397028
437874543
514784864
549287414
333521155
746808177
575515349
511867784
64417212
313805034
266990284
216662321
98983240
294592819
245061239
591608263
784497759
465329771
267644080
35832847
474948042
368768829
261652988
113492524
938515774
901952809
836029552
179642483
418969223
187114690
258804784
39356128
379076918
396140204
20572161
781556054
429837260
290278750
514795608
764732757
989832923
235821605
646196921
34379737
238210917
819408360
267071746
279879528
415918463
65579590
353374829
244546464
227257856
453187489
853729536
864439303
499943353
837528408
915181714
244198213
77113020
253062354
514855320
101753908
392074382
216042672
22685344
480663489
154942912
454572348
487421931
178133416
263962220
596763158
438426410
768922414
329242009
130685451
225799814
427106301
500393356
747002133
481389764
958938032
133012203
274903039
663464987
258350994
603397856
262978296
790084265
192845657
607378809
982580468
513829101
234014579
384463984
529192416
216312988
51746406
844683960
410131498
393029799
446966168
102436785
935413908
975325117
265606150
373289441
691990265
369372661
956414482
114575387
83222821
497450529
190475379
336322631
15580877
236800626
315033640
757897468
976556803
787152488
363170402
448462440
207961912
321645919
158632776
352749730
217385908
669853090
673726440
904780264
178674660
19866113
58779282
795540946
126624208
757311624
529947009
217682846
190032710
423275271
17012094
518237834
72624113
401547784
97785136
410087478
629727477
72610539
716756375
853047251
387705672
795807387
93415064
996454592
174659320
793519949
382571448
444566570
602646847
113118849
388124796
821725832
948223065
67016867
363325086
327530952
410020155
126816160
775000203
58264923
806072435
427758510
308424306
924784013
98553692
518124366
176453820
627210988
651912082
135350104
748719543
444427448
284580487
402765217
480409321
467507732
381929865
335437235
367925845
104482063
597168489
46649205
142819181
560320567
961643243
324628360
626828403
221402794
128789306
84132816
833585214
261488672
22030812
514701545
81742899
43165345
313452144
87142008
422482584
434874073
594482587
167249076
407373067
118719815
175410820
931032001
453869216
603724915
384158748
49319742
800411882
20015597
682923497
710472105
487844037
533246166
899605035
858273342
559723710
317278597
3692416
865510617
279027152
855671725
929638900
126568877
984258515
914373864
663735869
650744641
690080041
31604587
318524189
112723111
572668345
521970288
368445384
660514366
429413524
639960607
647710914
29393600
87815392
216800116
919898036
38261118
465042671
447559627
4666327
946075007
460081080
982765745
188736016
37989263
996056773
206174323
531087596
830250873
367043118
793735660
922404183
897589218
353136382
304003354
805241902
141033438
225741655
216398200
415713648
219451332
414459860
351591189
283219160
799799032
489418710
277743816
892098112
107682528
332914146
602234535
915657586
354457818
741414814
366846938
758710640
369631742
456954906
235514013
430205248
263299757
701756863
95786775
509417236
467514288
187726208
38681532
201379535
824438985
256492050
315023767
830377467
261786284
5450285
120725196
302900284
375797248
673363983
163084757
213483768
982279689
371010096
415172450
213273118
584398944
268844152
573448592
61292938
414663046
234422668
583193552
284731250
948805313
450375416
305898099
222321707
366996384
751103963
872693675
268110716
556622769
794755564
615642829
174294531
749842068
82709528
390181085
802466582
350310939
102662224
598691211
898338216
193019148
279559374
77129235
196020566
855700476
172772372
705451197
4120125
60133863
618669898
337519458
443936208
576933068
38484127
246656929
319569512
414045635
126711508
174464101
205621405
324061991
314120400
409147557
910459336
203999682
296696151
136973312
506479237
151471290
130877108
235147726
19911115
840070781
606820610
839945677
683675561
232585009
232523859
746656913
649899384
30211752
195917666
758314787
656864107
106122443
5948660
11834108
677291158
544925359
276750228
246348415
27037688
63791566
161281707
997738300
121704688
345608003
400521668
723553153
664587557
760960139
170664340
291593099
223261555
881275946
302520700
255884804
368673716
387858375
769233177
666061832
966652460
131067075
87388258
482482440
180652541
47628022
952340308
665297621
49578054
207434978
973359703
367838585
317753607
495595357
253646728
467048590
39378609
635922218
169298217
904449745
31872684
82098041
139112277
33014301
119178823
613260141
276355592
289751726
403443230
362200072
284684818
468872572
754138241
696772808
883494736
414943366
456802870
944470652
898778456
593327187
252548841
373977958
781946293
752493486
792573973
444478112
390199592
905331769
134060188
376147501
679139853
662685433
252559184
114517540
179921035
734125139
112146464
367290310
109174589
974910733
291490093
50332792
56181598
832001914
842652948
78751597
699928486
541639749
144849160
356674608
260372363
369970478
22549711
38854988
861860946
199113580
978214902
384762968
324584126
240920238
78585856
273391733
616507239
693698016
518824799
382509640
331825675
422253076
66825336
630755412
10503032
430689718
654882679
613680015
246948796
366467893
128645605
104667726
389053839
390810932
37055816
150426366
336581384
372559055
113231521
379522089
612004611
551445453
442721034
891715802
791602159
150289486
340991650
413861647
253917260
283922598
664665643
418427820
519186171
899963070
299342652
34261324
493828571
967012610
884075489
502936843
5020352
413171955
11210608
377688396
895587029
892669311
45092959
148823292
500448706
251191746
323514288
28216310
392796016
323065738
330389163
116207506
165975556
220766811
391753596
537324074
147180284
496975551
167084744
825100039
197858091
346338063
403550432
432290816
387155123
240719837
786605156
285563968
421129308
452176927
915426722
218418175
218916844
241037723
698713776
92889739
41926090
760517269
245918756
609361443
217140315
49750708
438410453
149053929
978334732
516681840
141389731
233137572
135090916
895124436
619422764
564883089
201023561
355214913
835943568
947081691
371053462
151506582
556505682
584491992
607337754
906190741
860587927
306354016
105944210
464783104
388316953
896308708
732255456
455830937
337217264
672802489
454006348
140381649
723119310
381143036
201792288
899713300
188105403
11459028
323988384
90874427
120694455
200486801
790374116
814003539
250350384
659707764
693593173
987096374
421029083
444993360
148978460
984900377
458331671
295952038
141333402
623350150
50756195
370458096
420871426
412471917
371929412
451725088
157384577
478625673
112241245
442318133
10777476
478288340
183807356
363359056
210078808
223535774
595852812
621153172
57393470
80449448
740911814
444262806
673646356
424167787
473397096
320141071
141066992
114895160
507755088
102615636
107445826
944770894
9084
409689429
902738671
227700259
134657095
663976269
413920320
910723316
661203346
917645034
23248248
280356069
48176967
456659335
122520518
165890163
247250625
375882412
380900832
533481872
963491424
791034871
345678251
463505632
33083192
882381788
106382305
244145162
970266800
664372326
84205681
172443852
74195737
507827742
421250098
668469086
383799987
395249219
222709176
725758981
64292325
181353520
338520120
461565345
34080492
995179795
738462494
215557695
358640685
413033458
616547241
640160937
582631171
494470953
720843551
923703207
144645628
442811699
923273361
469292734
835784493
699929800
819773866
482105268
951950409
70817764
96270315
120860478
716984151
347735363
586850308
501474979
365778141
313264048
903208160
264827165
63389548
196212696
123835991
849588790
759240914
193553760
850579180
80418734
540183063
446595904
323884404
923146332
596558090
904319249
28747403
507464665
228029324
905420289
68987130
999337180
432523108
65516786
409549668
803448666
76982729
885027091
212700976
728862892
688209247
143458602
366281823
18762318
765132264
183264065
553974576
864768336
522495593
463905234
228497751
571017855
814744758
613305106
510203415
42381455
831041944
480939128
262238650
947876367
717776294
788512078
833217563
916629522
287874506
769830144
341415638
374598357
298825148
66882067
232517958
230541024
390261447
847650514
846152669
496496538
13195814
944164719
227926137
512291787
788775382
643603449
173681466
210069444
481696507
455035863
749869332
209159952
271036133
353500332
304733960
78432682
278469447
184538748
380491727
204285488
995577090
285388978
872116613
194719760
858510055
629554033
30993884
377482571
441178496
363788144
206462997
533012547
545917382
608572965
317156640
599227888
801180720
334256312
652105913
134092588
431818797
81323088
168174994
821237548
422227831
818264273
344607590
157587660
555588612
425722170
245092293
233213040
169275006
53240156
890276901
221340537
134219383
604030152
341602291
977830678
281387904
118593824
491095858
392807614
28513826
373214854
502787655
258328905
