2000
60 1
1 1
3 3
60 50000
60 60
50000 1
48966 1
3 1
3 2
5 3
1000000000 1
987654321 876543210
1 1
2 1
2 1000000000
3 3
4 2
4 3
4 4
4 82373
5 338841143
10 469795038
15 3920567
15 385467295
35 63
36 63
37 63
38 63
39 63
40 63
41 63
64 96859931
79 25659510
81 7
90 63
91 63
92 63
93 63
94 63
183 327
322 373
322 2636
564 39689
654 746989317
848 46620
873 4383
3472 297492278
7327 4764
10000 1000000000
23623 84733
27076 346164451
32832 73232
44789 1682840
55574 49388
58933 670227306
64281 40524
91374 816110416
247051 954209858
750758 373855410
2393627 1674
2906682 616531489
6114416 133017382
6240730 452262198
7368841 959584
7661137 717023
8647499 95668
10198783 37
22057479 7966
66442405 11860
72884870 611802957
82364646 38
104086214 801456050
148371534 7587706
151403858 302852177
178275374 10
211961529 708865200
291388018 836522883
298984849 807370501
300735188 16
303154838 41
320861287 949502693
360621153 177
368712057 110
370061683 20479689
406486383 712020460
408297065 81205484
410442627 99863879
423728044 680589140
431793980 1900877
439165413 31273839
484800872 817752860
517082547 194971110
545040495 349226636
558427013 2
600229478 14507012
618973530 925332874
623452241 58579054
633916535 2489209
675068807 224155941
692701178 50
697361880 4
712384807 352584036
721501126 551
722210475 704387675
739014523 184176866
759893834 5208
784916702 230290042
811409044 41
818575853 10
820283378 21438417
821005795 306077643
835228347 246071042
845990695 772528466
851433670 750005226
864042774 207433349
917937478 240749374
429865193 119075969
999999995 63
999999996 63
999999997 63
999999998 63
999999999 63
1000000000 63
1000000000 268435454
1000000000 268435455
1000000000 268435456
1000000000 500000005
1000000000 500000006
1000000000 900000000
1000000000 999999997
1000000000 999999998
1000000000 999999999
1000000000 22222
1000000000 1000000000
31321321 24234
1000000000 8374
10000000 1000000
7 3
999999000 100000
1 33
906279408 13
385357346 87
936516070 11034
798407302 53
573141598 19580
159407382 2
460755434 71
500008963 9385
609722859 1338
94806551 12056
667607461 10940
828634356 18158
712155885 17706
130505068 77
459640920 19
619865637 22524
764750461 60
581827072 32245
633538854 397947553
530207186 51300433
591505723 603835702
677041546 8889543
619255486 32695
134868273 567496536
309849872 422232634
963050843 15740
86432553 12
591297682 16031
90447019 1609
312204803 892302026
628482636 516809367
901298211 27140
312161352 6168
583684688 27510
884721783 30795
305341394 19
376027812 19280
112476927 68
58289173 43
683164724 138796171
720922138 17621
412066888 2492
334736893 11787
66136521 26612
519106300 23
195129889 8269
783834237 6804
369205450 8246
676607844 5026
388327085 5
200194561 36943931
419017835 11663
587299790 27694
650454325 64
571127665 425427323
436556958 904143572
330683744 40
484481517 10
557158954 769420184
898030931 29790
943750857 328495837
856853641 38
502754755 20308
290970073 30442
752192374 65
8548334 870029106
483044511 3
424719696 98
755146195 15452
665678424 7
151481454 17562
343790654 23
202243727 2318
614708187 6433
355993158 733666317
645699915 399936011
369364636 419364525
213790045 16
604989637 42
691116884 130936652
919746446 16326
804445297 822809520
345936627 20786
743380342 134
643547548 11
167665158 28
62434913 28927
64347841 20647
620813562 6
847523032 24117
312691594 546713478
615655170 19
476365742 26587
210839162 27914
131336549 11936
994476842 116
95178598 865557714
405711646 19890
787985377 11105
350241968 143207811
395744046 180
403738590 17395
94150186 22
283838086 13
490709672 6628
584934681 561278548
805178613 31917
97457797 12821
68177847 7432
559730673 393766612
780106123 17267
841418385 406063898
104336538 19721
882193038 28475
346144359 18594
639689803 21451
236837600 991262058
177247037 9680
927570348 101
282352684 168063819
552713267 5745803
123208271 2
683924843 5595
663682365 11
52272630 644300838
88884975 87937350
132714434 112
261570421 439604453
9761191 32045
607353118 982517543
908870909 15040495
869549552 758830261
751048547 8843
775224031 876006274
885758015 322801415
803189661 26705
108384210 91
89919193 619914681
98152539 409591878
635574603 811298979
198211227 11543
948627490 760494699
319004168 7
818816954 898608446
455033675 80
31587613 23601
129939051 14445
598813857 219849129
268332250 66
402418770 23926
374814769 30253
773040513 20
162149029 50
247096477 846540762
173943078 4495
267100009 24
135136845 113
263437945 21
502469943 84
100637354 7303
106555515 57
378661893 178461239
724778092 614386647
912967688 447120212
813501229 611881060
608923013 20483
733157028 40
369116619 12320
620242647 44
423921079 47
14975827 3
730622799 424436542
987284335 383149037
492379281 51
850662371 304092936
388543516 85
729229134 36
130366698 616286175
742370901 2
805176 8878
67671921 15
432197970 319918285
825278985 35
941258252 128
114321012 19
39859227 18010
629837295 27
486549681 31751
847690031 20
596609653 12284
210292577 947669431
906857138 10
574404908 793003832
778398113 277729778
352996688 98
944362768 32
198247311 12593
144429004 19320
18697413 13760
905905627 75
5576165 109
936460055 935167068
665243166 554577566
446429045 20742
783358604 5952
598867152 817649156
152817580 676709945
326857719 4653
144202154 840430071
626062044 13111
971887736 787268719
994902262 19622
937746721 5365
978309800 75
206672248 28201
626710164 98
41089631 8566
687600971 576749113
426248181 5225
463869790 94
674474677 27432
666538626 133
129537830 81
419097328 264885124
320039700 265572648
723997266 271230592
137928713 118088263
873029630 138
308383355 27487
861541077 14
79378340 788087513
220695116 72
290263648 144
278441862 904021782
625289390 802601620
516467772 75810705
901910036 1
420150895 993747423
52113923 7
969417767 28
440766747 24453
856134045 17
446252476 27
809174417 29360
893395132 28712
290457015 20
483107738 395931870
634258871 27652
183229120 21216884
375637463 843135204
970511187 90
369614423 2670
696416213 987434430
136804822 161
72016718 40
265030913 947186578
438485026 42
463821229 67
275310835 18
987882519 272834033
3394080 435824833
573508123 3443
581789270 23080
407690518 18067
547647018 11
630028935 141
480255939 28
763268360 184795084
173860599 1
487961944 380536440
578657474 6712
970906956 30250
32085510 16
514693228 33
247187676 193999514
786439676 25
214172570 156475779
559629467 22
465436864 509114375
860166775 863071831
686107341 154118168
132564976 209078544
580500900 837034886
143514047 10051
927516691 148
397900240 118940397
636456022 6
848081856 49
156318918 19151
490065805 578578516
241707170 13338
347600099 26665
369917828 14
41737106 627301552
392885345 42
494735232 412625282
546578380 30428
974598140 49
85634187 19079
879808789 48
224107970 24632973
947111891 8900
727033677 29471
278379530 593893871
261201268 11566
338954250 6
847408428 11450238
276624235 21
486972675 814767186
715046929 17769
966463368 9
475087684 239905156
293062749 2
732484240 654635547
71179374 31
940532696 17
191461293 26134
823526697 32598
671433547 82
1245668 10405
145356000 30646
533489697 61
842342580 37
94141605 9143
178695852 493993993
291196225 12838
869001289 906019549
574537246 139
826810665 260900836
436280803 139
639896145 320280450
663499560 27
658195849 121
616461408 108
971863672 19532
934749806 984222120
999619116 77
443171373 744062132
163723778 83
46501411 28
782521751 809858654
993462358 984913114
80352911 81
437294214 38
27031784 6
129763847 26823
421987707 24049
761360075 85
143891680 497910586
29944786 673241670
401978812 31552
358932746 44
855285315 739252364
165626380 27045
637840479 62
654584759 30797
528968423 987981216
103557832 29770
659993873 664431988
513571789 91
692068003 31845
129149694 58
243076948 301137635
169061694 457329584
207861974 62696295
213205352 72
864809243 472470254
460058768 21929
726074642 10399
343098461 4361
128639892 45
21015298 139198748
554344083 224
869302704 995457283
83130064 12
665748911 17
157384744 9960
141811466 349517327
787141736 21077
45760530 42
128484106 86
281788007 27431
33220895 22411
627971050 13127
769002125 375331104
62968322 21420
928881727 356
673527252 135
399485994 14
364118964 112403383
580447902 499746741
218542870 42
287705212 153
182659897 460089349
837816281 21513
179188390 31294
261487427 14
533102362 832952946
648513468 204279823
699273337 16571
925981999 242
45325860 39
10295976 975333064
476168354 281
7785926 4369
390984364 50
556697024 25145
126413230 97
567603954 6
745388470 86392486
377341953 20865
622446808 14415
3748243 81
712979798 4
802814016 373111400
678528978 5
380440018 20834
459441819 72
553477158 24165
261618671 14
235736398 16
928129058 2781
297909960 10567
198157281 12262
799332831 8
58450268 789678134
225737564 9282
191353642 77
953482787 547500852
660259457 934888788
515914061 10619
223167744 915596062
534177947 52
487009315 952113645
815996375 798906755
844117215 2
849180847 3240
226487202 24246
146821759 503913952
364541511 7
20725552 437615394
4154935 10
803258446 36
965364653 50
144330998 51
79244471 15249
230822909 947979401
37340550 58
700185287 787546300
26734390 325090752
734477548 11862
647419066 10
192631321 8749
844087198 247589666
189438253 11847
979316913 19411
172088787 22003
190271291 26034
788024519 292982821
554699307 18
723344991 21951
802588284 67
355848978 329004082
222672846 22920
310687551 23957
892884794 126311103
773165463 33759153
820244096 15
587798434 8523
615698976 29061
641748838 21885
622286174 3
397292142 25308
409989445 328523483
583082734 14645
213531096 20534
188823125 46
524076548 30191
648921715 18
121018677 80
263010612 9795
780173092 27
84131159 23
459696285 29141
926984743 945698093
215245217 81
253335537 28008
57045484 41
385847967 950658269
953903572 26572
502748539 12426
56858522 953426112
359183397 938622806
951931697 29922
213287034 665174039
607333734 48
670545721 27
735076809 724131727
285128672 289547039
20459678 567760504
446180313 4325
497545842 5572
73141815 568790614
692931321 3529513
769864624 27207
158966376 662873397
754951005 30234
741699436 658724590
24560977 23165
692616996 38
577106362 82
390312553 759029244
469441391 296131402
811170892 67
235582466 39
28596035 53
302581842 8
974344597 771501028
547365906 22715
500874538 807131998
555907441 185373051
383852448 780969003
892554669 12
232627272 17001
938094210 449211537
392914856 375
585267112 51
470116475 22037
807635825 12489
811429053 7
891653004 828663268
699031626 332421377
695704758 517575279
775065167 101
428889304 29316
836627301 56
686661873 458182986
109656763 855199677
8128730 46
930594800 583730792
684929760 11915
285454677 37
578901576 2
367726132 55
755071481 204
526314453 1858
863761866 631061451
230999799 101
860977966 969972270
923822660 779346667
759412762 12
100151528 1170
911680382 804744893
437389092 676748662
533626218 29213
882660956 8156
791693398 23100
513486474 20095
355123073 203055166
850552224 8100
424635239 908
356390772 231768860
792360593 14879
552123800 63270645
460679707 940892485
582602404 74
107607314 19268
844430479 19951
605661060 3570
331786174 25
77267419 24428
580535456 21421
50319240 896734134
732059226 82685728
975602294 209795705
883782224 155
427632559 14
757348533 775470291
461845134 917635690
759673054 12550
74145954 814127621
361264542 880031049
75346876 63
894971091 18708
895008808 319900240
468885863 336412539
70542699 69
989816410 109
308154349 16998
536362691 38
57575135 4765
196230968 9707
475962388 20
161149653 434335092
469738033 302
309125366 17723
865655428 10774
193584645 520305280
150973431 218
823957103 722024770
133398918 407808794
675429322 16598
3811259 7
396257154 1
828070886 52602765
873750246 8162
446958741 29
535410116 23408
427367492 31797
630017527 16552
949567622 5670
460301098 100
561921090 5
245905639 28530
474050303 1
223154039 32498
378061310 390
828415198 10
779345684 737934997
797049879 715495154
764962424 383541215
915316297 588205102
346755298 8753
639080894 494966013
689746161 16821
98616062 326189335
572273982 155
259760209 23
80098739 10397995
363992732 759255495
992616759 892573366
500263492 265874606
584228906 5810
115707792 632219723
374713345 116878822
285551240 142
839900850 24392
273753329 929977314
262469823 23
187168894 65
281411857 2543
119247859 485135575
877567969 812039253
640931062 937668912
154966962 10
579420547 74
600993651 8882
610329003 24211
81022771 20
444889798 537628984
859813468 746263860
990443997 19476
528624782 80444324
666374285 3
664405252 27665
478215738 6
329530728 37
555634339 221
856694968 27
994474243 1
723499791 11
641595394 554616397
534584646 213922136
712758260 15
543382256 23
771852404 65
495429055 30518
930985370 813813504
553980161 740681750
82614730 11
715266472 883114271
988645504 23
69351658 29886
75012771 26303
791105284 14
906677568 437077502
504655973 562320945
822489901 169
372889224 18
906400650 20
831315257 977406940
269227118 12599
128584463 45
251451405 129
484786856 46
550004976 32168
653156832 78
125820958 17268
461336410 12
221324654 148
965779524 26769
767504929 160
28913374 618208335
722880264 181407014
971012487 51
235197945 682699925
110919518 22
5295378 13972
150678589 13
373022852 16
669734197 340589446
335123132 47575597
837693184 310214522
704294574 6
534111410 30
700607627 6046
849762970 43
370049894 11974
746982879 18280
935482576 668309977
928635511 100068935
894501271 198787581
580046599 672540999
931757106 12927
311612721 738806633
719125691 525479213
597289653 213949738
592401801 33
212880872 145738818
303809271 58
560621307 819262716
600186102 77461104
422572945 127699712
559538013 24
867628944 402721034
36342206 926105566
522458053 27813
184239611 17137
992173760 297954731
750560506 12450
18346222 24029
210384117 21513
444175073 217074338
863750467 27
758778027 986134544
986170629 844605467
314096989 10236
779493243 376210889
549055059 887745523
317236147 223771370
914313529 205689123
117148186 68
758724984 1
814252262 34
607090635 102
609686278 12
893594467 989106250
899821004 52
209434755 744897821
314837676 258206987
698239775 31
805528330 560511404
861008833 23
790123613 449494944
488093320 167
16137540 161833951
213713593 6004
567127946 8
223767656 26587
457210916 403380049
789616859 5086
925792164 6017
552617592 25912
152363452 5820
772176275 4281
581444094 21
86420882 26
101281429 23615
480304801 15
357263893 29109
61303161 957693118
152545661 43
534655029 832222564
886084440 22382
242540695 20461
798201719 435364673
556723606 33
643246067 14
503914946 427843348
482634849 104
535141744 5
212857826 889344757
63682781 838594450
984260966 17070
830582948 137
698740937 89
8337727 390156058
518371530 14974
39984733 43007492
72665586 70
1615040 15919
322425013 383607177
935720832 82883269
927734980 514706775
646965927 22966
718632667 67
46926432 17393
419235817 9668
855698195 66
323206629 374647325
723292091 222010844
999217695 28
558867649 25
278579415 68
430662431 231754706
332650423 22142
598941517 79
154174413 364498332
41732787 26
770717442 1
382189697 17049
297025933 24189
444807898 268569151
446474814 5114
433527333 29655
520179775 418758104
230427311 998324962
635650815 126
64192434 304530232
73038907 669874245
221648687 7829
354986927 33
438156353 23023
285058459 16
944198357 10
83121264 9515
920093823 174596916
897243171 14
599187723 427
416538971 2374604
117657120 88
611337645 87671362
669348445 224889784
543477670 591733614
335370479 270568490
628554009 80
515435597 14305
847275559 18
1096580 85
693117284 23891
258441393 15
488755300 58
366234103 22888
136821881 604370973
725376311 2
413561950 401496893
18219593 211770588
585614955 8
805913682 562380287
914640191 113
59529375 40
65390449 9587
719506437 46
870741236 48
685614671 315886337
688926913 17
124644760 6
955846711 19025954
622486633 20
74598847 14540
858901658 6874
153801329 22449
27262249 26054
983299672 1678
850792883 749538650
385184576 944771454
210331355 8
538791006 964820924
719812866 14
68394125 30397
888127642 5
173141372 18252
707287363 19
976234632 161
711866830 377464881
844850999 6
333312037 927624142
387475716 3
449015025 13255
887913237 21470
612662784 6071
487773776 30971
363337236 16382
906352758 67
647223279 21
46339056 38
568203066 13
115342554 900522839
702725162 935778090
501119943 242
803771085 941646914
952192570 39
515317926 2
741587624 13515
153954499 191200651
965454624 16462
51852571 384164385
50140415 12140
217909806 406790792
461424383 48057819
677562075 282396632
506207962 30447
42614941 4988
905603705 585889114
129920497 178070691
639212962 4876
477108918 444
267716451 16005
819326616 13
909677129 38
186156341 527197802
624298741 71
87760432 1048
465220297 37
489343458 428436320
433629150 4527
988629507 5099
908371071 686277416
712024047 32
502786253 175700020
122396628 612523861
702820606 331947758
70787806 13515
297005902 33
429268317 2
55721747 16364
466930410 8376
859567337 11368
903358428 25625
441201913 18
669607500 38
418421868 12966
261034041 63
834522559 57
353134036 338714469
78786018 1
142740060 118
373108812 108
692809878 869584629
294058368 316
720605742 26431
306988321 15679
818948616 516435643
454989646 714923595
624872643 209
789813001 249387336
68765406 345482626
856107863 8595
95718879 1920
402075022 28
512465908 25248
343841411 970195107
86376149 32733
337216178 29343
932155256 7836553
196308751 241003935
514832873 19521
900380021 13
6507672 3
906086945 336062555
521363322 331
399128593 1242
371942258 898143715
133597536 15744
132632118 559031772
358045582 157
511258095 127
686474610 30
132117117 12393
117047283 3
245481065 784377634
812170113 41
593599120 550160713
953961245 14748
62683884 941024168
17899584 18
831873638 23399
987427784 20149
979623744 184557126
6640202 1480
256876401 14962
48733091 826417991
631659231 1276
823250424 11
71346415 491590369
654359146 321491314
677923898 16945
497501218 14448
204779252 32444
554659924 14
879021681 12
685546698 5
758752931 549840027
666716669 9
645661272 14503
647457227 206629599
237502483 22119
983578269 79
38471960 22415
631529598 2285
18365599 30909
342351207 978712693
259463245 147
984298859 752172311
263896442 22924
520601571 94626099
693537408 55
816981543 966218726
44849440 38
848374471 11
622744435 18914
465650525 411290693
828843920 80
734597092 4648
656619359 235256662
572853004 5298
746945832 740090682
783837599 448300261
63722764 1
770279800 580576230
822077054 27
384995218 80
312768487 577704179
669927090 16019
615347919 28
230537140 715234248
908488274 2
935153264 28812
351254045 7
93853397 6
45823614 180
5801868 110
155685518 20
437743742 10
235813768 73
277806158 10119
227900398 99
367333996 35
894254134 18523
97930017 203651913
525010711 24132
71847768 13026
187275661 993347476
700448603 468039386
864400153 15
766779035 586533907
717537286 11310
598181192 944029412
574888554 25102
327705709 82813330
742751149 31623
96188866 613017811
535224134 9
40934123 28254
554987300 10
757777548 947257437
455142664 183947304
235477462 273091640
537972590 108254984
544849532 10778
43350379 2
501229101 26402
857756569 4434
184701103 11
144632093 688973790
125591412 155195200
418047567 322777974
289925907 19
58615019 22979
179765641 98
111431633 14614
433267919 882264655
799188681 5
313291933 77713546
120427115 59
887115968 962640376
878651365 1171
571418323 18
764209355 46
815861089 701552681
429985836 26773
860908170 25344
93646865 158
750807422 31022
485917685 78
245302219 357316470
473195887 29989
839932796 27839
311292 20154
13361045 775859446
149226988 210346278
212199929 9293
563806652 9977
649376969 22672
117499364 21469
964269182 683598949
773204834 13
909018697 25
875783129 203148741
74219387 356619059
794136315 26
948206058 951068993
193090679 421413757
2954218 5441
511988341 206967818
409141091 60
345549591 4
353759386 11430
772385516 726565458
940457278 304874136
200957983 26
299267126 102
530154244 7138
678942595 15
478662757 6312
454277064 3738
727182490 673785964
450679666 21100
359180059 18296
66070533 7
873576099 459668297
684068194 37
293127837 54
901348584 26
112085730 53
896140453 250226138
657465038 623054909
893987315 31837
74053241 294131676
328281724 1
966457077 46
761904832 90
588759285 330383963
285727950 523577778
696657660 874775699
406110152 4073
724715030 22
612486372 6710
931034000 19802137
292706396 11
281679477 18669
952607312 31
610069724 883263433
419734318 85
993087033 82
906168908 23085
404117261 14548
656738144 515532326
182248107 31939
828096971 50
88927304 1282
339944612 750776737
793210366 703564411
625547317 22773
185565057 13917
792604543 3152
692006919 80
698933978 1401889
822037373 10503
522437005 32756
742097076 7
725199501 3231
616570750 66
664102460 12682
66949725 244617586
128004136 16
754235719 726552133
205032415 11266
881189923 32106
745506543 21
414927697 75
513853989 4
637962800 515036700
637442945 377326857
271665911 25204
374381258 23
348967325 21447
693890558 30218
17270710 125
176500796 19611
261446754 166852058
316709720 3282
42260407 115085004
529565269 20162
865135 43807939
585224166 21381
245844696 292085111
477446157 30645
829672412 33105793
332253242 734432610
624639484 121
781223660 668759854
858167315 25
376593598 31326
221137033 41
424754570 25521
485825917 287994098
517632146 25
662508736 447528407
783498463 460634236
947704191 11818
531711053 20047
856478809 65
191882008 12
53883400 379530156
588733100 163
251133923 135
566122305 600150423
539830043 56
129016558 97
305029984 5
69929278 16819
699270016 26628
206530474 97
48933006 970314835
790182558 15553
749997259 49
548393798 3688
862573489 6424
785109661 415311739
108135645 19229
390633965 688891254
126518341 13
97689855 120
594157420 43
286681093 3
739328657 10492416
823872084 14
75244342 631596992
689529177 22488
768701357 5009
427731348 19083
352629017 79
643430104 102
663315193 604186138
854553678 645419842
634016853 624307100
336800644 75
926240830 459857487
137808147 18751
544253699 9276
844574436 854288535
110117855 531991075
587928899 98
944635146 120
419520605 12531
45296647 181
457729999 134
831645003 8
76520023 92
22879270 26
697753655 244059682
604132493 99620578
231978487 18343
74607112 506555854
422616429 1918
95833527 292556269
869635665 26994
450638832 333962816
520925013 278671570
377347153 22293
901487206 75772648
969806015 694794662
754895452 22
330141483 4
336039775 12739
412695457 25564
221312116 154127561
469687583 18
425549512 5514
225565203 62
130171125 278
97223013 215
747328216 32254
908886741 9977398
212041346 64
630550969 66
867951256 3
174232284 27713
292613874 29400
622239364 83277831
431585458 840601431
109184796 279234950
916449600 865446516
154093524 25778
747996454 388076016
253499288 21614
521643712 464681420
467851014 119067302
560893841 510789332
761023523 146
874860532 26640
396366617 54
216055082 16
693261065 4745
165395941 29042
18189334 291373016
492127735 11786
498963466 850434999
519387827 205041845
975305856 22973
522621179 978712026
229512664 658154445
650969583 8743
585267314 795059770
252761328 3
603297661 389130057
713353518 441443415
311609404 24663
860977760 25
121661513 104
873755585 813
435674890 393514864
942741402 13257
984358209 11909
84856252 8
240577852 52
345924368 634453331
105419808 120
895380563 22747
414777076 17
95023650 6
284351199 141194311
895395408 21
867216408 30591898
734624898 15888
36336411 50982361
527223986 935976522
231611961 479741008
610343457 966917118
536912910 12752
105693702 21863019
283089099 2364
548074129 189497821
276834621 311705595
726944316 28
962310953 20
406035660 573331449
911887997 15074
688036356 2663
416469357 329158855
246204593 327123720
786998235 796705056
175048068 14
950862452 44
763485835 303474963
344819435 6
283929545 1534
806750640 41
187227400 11429907
276090761 77
816440496 169
464244482 7622
485913537 229605781
451181682 4780
257827118 18819
349158125 76
246603570 921
361001412 37
555387153 114678899
98743818 682927367
938227348 105112798
953038062 24
851803047 7486
475079772 4556
853414650 43
394523362 984549964
34248929 16121
304034781 22528
784299689 15613
548791172 468276076
94179390 163666524
340667814 82
510611561 6
329790303 17
11511241 35
861924233 11
349667173 34
420329063 8921
738950816 10278
508482423 15479
391857030 1
736274275 478200054
335801087 11375
24293265 49
943820195 549469540
257685079 13697
402705570 96
243504639 14326
325765251 80
647287041 24619
53762111 382498425
157298675 1992
91900232 14
721098571 668013390
333711868 6349
387593459 565394064
510333662 952907576
34497843 159
580868577 12
515012021 5415
825859480 16
97682020 7
278244101 8644
582010726 327092715
716281473 13207
485164632 15
572842962 266723751
995612330 646608017
254353776 15573
19720345 83
410880395 161714351
941050472 62
732518 347482242
617351577 6
844330613 13
821297572 659769453
693745366 5
406788746 175
247470056 6037
943931013 428408584
240304834 110
391835231 841319273
520078283 19173
522252966 58
671191192 29
67000813 716801995
232310099 148
703294047 64
573517363 35
991403366 23559
852840989 4821
753867160 26491
462706684 36
930182936 10
357173226 22
621750537 551125443
173391573 11330293
935868375 89
456228872 120
401713591 7844
747960574 65
752526998 35
517059104 5533
393311879 39
804421133 8081
252426893 451075485
795897368 3
412182040 1
729691593 165
154387460 21454
876958355 398968992
307775384 47
633409510 493124627
106355963 11645
427121339 542072441
338142563 7
776110565 23353
688000304 1130
854453075 841297599
452187909 69
618636265 6631
595299603 97
617732387 897811074
516987867 5746
812818325 191
86891413 981577582
724228235 74
250382249 58496774
934422181 18
232704560 132393741
417874718 974660890
927540841 449172314
248056387 603494287
468630636 9
640630788 25506
694378402 41
540046672 5188
321878833 495358757
194512829 510101041
441852952 56
946700395 45
613022058 9
874209084 2
830209495 936831167
992412846 30449
360204325 13576
466513569 500292534
351915333 843642431
587560941 312987150
113265655 572860719
441685363 27952
215285187 24
133267218 48
62487532 819828086
626175856 906256759
21592648 124252200
648158820 191294989
367557446 27778
126723031 802246674
113979081 26749
386573088 19355
627132434 18
397500005 24533
492277051 8662
144139270 5411
202431406 494293662
811920343 15
314919590 177
432626864 88
800672013 821527607
591464527 458245123
783817950 4357
560216532 292766206
726687590 15
619540518 26265
488130433 426920602
356363237 131262449
667181580 359716455
125589850 702164471
850905017 549734225
402938899 24353
940130967 67
961273469 17770
699933484 9416
71784498 16
621898010 853669030
225883140 26150
507110276 660
295373569 19045
807566654 15235
768057232 4
810731605 31085
512995816 103
750124524 9435
200004633 5
304492224 924002484
906441181 26546
467931957 31
483323860 24063
26750283 26
806101539 735191761
968009454 3852
410120651 3402
129420379 654337363
305692432 3
732924264 14
199872639 207783417
768018820 32082
426510177 8
687038333 382551259
244455325 563266784
531289057 21422
401581837 8
637135500 21600
852211033 14674
734699586 8
192637656 8
675829596 39
630609545 27174
504918739 9564
952044768 56
867807290 3241
152028629 20
768820162 10
667515348 17969
858465451 20302
969094113 25
807385763 166900591
908767153 23
483380793 15718
294628998 405811950
581709375 681269261
298479473 394215974
123639309 34
248152546 23
286157891 607384897
800348469 760439226
729555144 42
96777898 8
266634913 966710735
159738946 22
989492556 21374
114309768 80941802
864431500 20027
848327160 53
216731274 146
148493115 71
230092508 30696
267597133 17
13900541 10577
938229362 32221
316220869 282041394
120905152 887337014
429573892 20842
684137896 27192
303849646 37
365101837 351182363
514583202 288189661
172732183 17768
435069854 744531068
681939135 8498
604905013 9178111
381035912 202557463
627611956 30359
933779788 139
963960411 923825042
327828337 13
543477064 434050582
542925814 6843
96580162 885853014
928343603 65
812056382 834083842
986466979 12
788890584 655333156
353292602 98718091
443681522 8
482286040 19
376327849 32149
467807133 11
382327701 399
219514698 775924965
181612015 10
744925667 97
304761537 8487
262529768 203205045
231989693 87909175
499607605 17
798649116 104
444106938 7
288946879 3356
432369593 3
35229331 14
597536735 34
456504204 62
414298285 954704040
6500522 220
598313143 998214918
703349281 15
913722399 13368
739835749 9208
508288280 28
103407928 32029
26564607 691410729
487728733 439111852
166572304 32
938170507 26045
691864096 27400
612124107 174
675041053 27934
793118024 766549294
606170236 725260663
522012648 5659
1694148 75
777402294 817435811
281116347 15045
643566366 2
384622257 24385
783202716 158
678190373 27674
614884390 5768
537798611 15466922
330486247 391408887
460548264 25000
445091967 21672
181695005 284822065
587757857 143875139
322579498 296495811
422106591 887642117
479923882 507215187
610187066 33
572055413 507623825
484539012 810257016
400882519 752001756
867749080 12
324950351 41
41971809 30610
305331458 768811289
707261415 10375
270465479 303894202
511016527 847891486
812034541 10834
349340020 769487758
900577073 122
384347337 107089812
564464104 13
759506353 459382284
384420371 804709969
672360959 20345
174980413 23524
999100584 27
39622278 25144
549670218 19
104456737 119
932410878 246607494
485867014 2
596564426 11633
322785221 490205820
249859484 53292600
331313496 302988510
857649726 19
988969238 582420362
18726292 14721
847144824 23738
873983453 837665283
470228147 940725311
164610271 531935696
888769888 38
815601100 1615
402534410 151
247474198 4
446333314 197943260
599273943 20281
345288823 28151
379799601 287787298
564466222 15341
504065620 186
906011531 422501230
365037646 558737261
899311036 6260
343560417 43417240
442644777 32
777270061 66
938998370 10649
69112373 373565879
104348420 832374910
307377093 22
431575906 14964
405408055 29
698766164 84639397
774222153 89
881767333 6745
639020828 3
906781391 59560193
518870565 146
530185368 4
936544611 87
615661922 21806
171663341 34
603321212 547867064
997831146 22
142995131 18319
473647089 4
494925789 154
265660022 507877920
948992228 325332930
213550780 105
327166990 25
430392475 454777253
989373186 799442426
728148395 20120
118852084 47
380310452 49
51799904 495563589
335114502 588307826
262500932 729042734
322943339 23
507207646 10834
87068853 17994
970187129 21777
206492849 29432
291795447 27917
179414538 562268076
108254824 787514971
752499477 788969525
323538342 30
580578123 43
378490355 380928548
64176955 418790026
562591301 47
82738136 53
922087791 693096950
245776242 18601
372472517 47
418432853 23602
947026523 35
942324949 784282324
729528566 18
322167763 843790223
547653807 11920
208189951 877192870
530614712 437420728
998577952 2
31334527 135698689
477831430 78
562909116 567022051
140155875 4
272039486 20
296393095 189
689936134 469197164
625868054 608884083
267050333 22382
610417823 20318
760869465 17
408793992 527140545
389292340 16954
52268799 232251689
776373160 106
941531667 337167237
527969489 185029671
957726064 711293042
33889555 920129047
285623745 4
955399911 7128
251391468 646764086
54938952 580998928
400493629 545529319
744039315 12
385440720 26036
620672575 30229
785248549 22
919310781 347540950
82303063 903409477
368034215 302748999
766112911 77
23365598 759125883
162061607 14465
413353904 7943
221443024 18504
265702762 7826
279855660 6496
479733549 54
736922972 610633890
814117650 7872
813275377 253806215
205046002 33
327386607 50
872226906 13287
814038919 591888783
233216111 20
56837820 29
88536010 43
741364282 90709952
794594315 23546
548233499 394622131
343568349 987716022
813382061 776821475
812323686 3373
376209399 536171298
350489375 715314660
907787156 828
74670670 51
97670688 26
714012046 432234254
875656252 19316
394596557 449566817
154069149 6
145615265 14733
598887091 21
245594024 14
258172611 929319740
269159410 16965
955668126 2
963002777 201444504
670537691 54
796530437 123
279499503 74013399
116381904 873910093
711154652 76
358782222 9255
